25_1_023_0
0.0 1.0 0.0 0.0 0.0 0.0 -2.0 9.0 0.0 1.0 0.0 0.0 0.0 4.0 -1.0 9.0 0.0 0.0 28.0 86.0 2.0 0.0 1.0 0.0 0.0 5.0 1.0 2.0 1.0 0.0 -40.0 102.0 8.0 0.0 0.0 0.0 0.0 0.0 -9.0 22.0 1.0 0.0 0.0 0.0 0.0 0.0 -3.0 21.0 0.0 0.0 7.0 70.0 28.0 0.0 0.0 0.0 0.0 0.0 0.0 2.0 51.0 12.0 -9.0 30.0 6.0 0.0 0.0 0.0 0.0 0.0 -12.0 31.0 4.0 1.0 15.0 2.0 0.0 0.0 -14.0 35.0 0.0 1.0 47.0 22.0 0.0 0.0 2.0 0.0 0.0 0.0 3.0 4.0 8.0 17.0 14.0 0.0 4.0 0.0 0.0 0.0 0.0 0.0 -6.0 24.0 2.0 3.0 33.0 10.0 0.0 0.0 -2.0 5.0 0.0 1.0 6.0 0.0 0.0 0.0 24.0 15.0 2.0 0.0 17.0 13.0 0.0 0.0 7.0 0.0 
25_1_023_1
5.0 5.0 0.0 0.0 0.0 0.0 8.0 47.0 0.0 2.0 66.0 49.0 1.0 1.0 0.0 1.0 5.0 0.0 0.0 0.0 2.0 2.0 25.0 11.0 11.0 11.0 0.0 0.0 0.0 2.0 23.0 7.0 2.0 28.0 29.0 4.0 0.0 0.0 3.0 5.0 1.0 6.0 19.0 0.0 0.0 4.0 29.0 17.0 31.0 1.0 3.0 47.0 12.0 0.0 0.0 21.0 6.0 8.0 0.0 0.0 0.0 4.0 5.0 7.0 0.0 0.0 3.0 3.0 12.0 10.0 8.0 0.0 0.0 0.0 0.0 2.0 0.0 0.0 42.0 16.0 10.0 0.0 12.0 102.0 0.0 0.0 0.0 15.0 27.0 0.0 0.0 0.0 0.0 0.0 5.0 45.0 0.0 0.0 0.0 0.0 0.0 4.0 25.0 0.0 0.0 0.0 4.0 14.0 0.0 1.0 6.0 0.0 0.0 0.0 4.0 67.0 5.0 3.0 26.0 1.0 0.0 0.0 0.0 0.0 0.0 1.0 86.0 26.0 
25_1_023_2
0.0 8.0 5.0 3.0 8.0 0.0 0.0 0.0 0.0 0.0 0.0 25.0 42.0 2.0 0.0 1.0 50.0 0.0 0.0 0.0 0.0 2.0 1.0 53.0 8.0 0.0 0.0 0.0 10.0 14.0 0.0 6.0 36.0 8.0 0.0 0.0 0.0 0.0 3.0 31.0 0.0 0.0 2.0 77.0 18.0 4.0 3.0 2.0 16.0 1.0 0.0 0.0 0.0 0.0 0.0 39.0 81.0 15.0 0.0 0.0 1.0 0.0 0.0 1.0 88.0 0.0 0.0 0.0 0.0 0.0 0.0 22.0 32.0 25.0 25.0 37.0 0.0 0.0 0.0 0.0 14.0 28.0 20.0 1.0 1.0 0.0 0.0 4.0 4.0 79.0 47.0 0.0 0.0 0.0 0.0 0.0 41.0 0.0 0.0 0.0 3.0 20.0 3.0 4.0 22.0 22.0 15.0 0.0 2.0 0.0 2.0 4.0 0.0 22.0 38.0 1.0 5.0 63.0 14.0 1.0 0.0 8.0 6.0 0.0 7.0 102.0 0.0 0.0 
25_1_023_3
0.0 0.0 0.0 0.0 1.0 11.0 3.0 0.0 0.0 0.0 0.0 0.0 2.0 7.0 3.0 0.0 0.0 0.0 0.0 0.0 2.0 3.0 2.0 3.0 28.0 11.0 0.0 0.0 4.0 0.0 0.0 0.0 0.0 0.0 0.0 0.0 6.0 4.0 1.0 0.0 0.0 0.0 0.0 0.0 2.0 5.0 4.0 2.0 0.0 0.0 4.0 8.0 5.0 1.0 0.0 0.0 0.0 0.0 2.0 12.0 5.0 0.0 0.0 0.0 37.0 27.0 0.0 0.0 3.0 0.0 0.0 0.0 10.0 4.0 0.0 0.0 6.0 3.0 0.0 1.0 0.0 0.0 6.0 16.0 4.0 0.0 0.0 0.0 0.0 0.0 0.0 0.0 0.0 0.0 5.0 2.0 7.0 35.0 24.0 0.0 0.0 0.0 0.0 0.0 102.0 29.0 0.0 0.0 0.0 0.0 0.0 2.0 23.0 1.0 0.0 1.0 10.0 1.0 0.0 4.0 0.0 0.0 0.0 0.0 7.0 3.0 0.0 0.0 
25_1_023_4
7.0 3.0 0.0 0.0 0.0 0.0 -6.0 14.0 8.0 0.0 31.0 25.0 0.0 0.0 -4.0 9.0 1.0 1.0 17.0 8.0 0.0 0.0 16.0 17.0 5.0 2.0 1.0 0.0 0.0 0.0 15.0 13.0 0.0 0.0 0.0 0.0 0.0 0.0 -7.0 32.0 0.0 0.0 44.0 67.0 0.0 0.0 0.0 4.0 9.0 0.0 0.0 0.0 0.0 0.0 -7.0 102.0 0.0 0.0 1.0 0.0 7.0 5.0 5.0 4.0 4.0 0.0 0.0 0.0 0.0 0.0 -10.0 35.0 2.0 0.0 9.0 65.0 12.0 4.0 0.0 0.0 0.0 0.0 0.0 0.0 0.0 2.0 42.0 52.0 0.0 0.0 0.0 0.0 1.0 1.0 -2.0 32.0 5.0 0.0 0.0 0.0 0.0 0.0 -10.0 29.0 7.0 3.0 34.0 31.0 0.0 0.0 -8.0 24.0 0.0 0.0 0.0 0.0 0.0 0.0 0.0 58.0 0.0 0.0 0.0 0.0 0.0 0.0 -1.0 35.0 
25_1_023_5
34.0 22.0 12.0 5.0 0.0 0.0 0.0 3.0 0.0 0.0 6.0 49.0 2.0 0.0 0.0 0.0 0.0 2.0 38.0 42.0 1.0 0.0 0.0 0.0 1.0 0.0 0.0 3.0 16.0 6.0 54.0 19.0 44.0 3.0 0.0 0.0 0.0 0.0 0.0 16.0 0.0 9.0 19.0 52.0 0.0 0.0 0.0 0.0 15.0 13.0 62.0 85.0 5.0 7.0 13.0 29.0 0.0 0.0 0.0 5.0 5.0 0.0 39.0 65.0 0.0 0.0 1.0 4.0 6.0 14.0 33.0 3.0 0.0 0.0 76.0 35.0 0.0 0.0 0.0 0.0 0.0 0.0 15.0 27.0 6.0 7.0 102.0 32.0 0.0 0.0 1.0 9.0 3.0 0.0 16.0 11.0 0.0 32.0 62.0 1.0 0.0 0.0 1.0 0.0 0.0 2.0 30.0 6.0 1.0 8.0 19.0 0.0 0.0 0.0 0.0 2.0 5.0 6.0 101.0 25.0 0.0 0.0 0.0 7.0 18.0 6.0 0.0 0.0 
25_1_023_6
37.0 0.0 0.0 0.0 0.0 0.0 3.0 44.0 6.0 0.0 13.0 79.0 5.0 0.0 0.0 4.0 0.0 4.0 29.0 29.0 0.0 0.0 0.0 0.0 0.0 0.0 5.0 28.0 0.0 0.0 0.0 0.0 43.0 0.0 0.0 0.0 0.0 2.0 22.0 48.0 1.0 1.0 25.0 102.0 5.0 0.0 0.0 0.0 0.0 5.0 29.0 39.0 0.0 0.0 0.0 0.0 0.0 0.0 8.0 38.0 0.0 0.0 0.0 0.0 18.0 6.0 8.0 14.0 4.0 4.0 21.0 96.0 0.0 2.0 30.0 96.0 15.0 0.0 0.0 0.0 0.0 2.0 18.0 22.0 2.0 0.0 0.0 0.0 0.0 0.0 13.0 61.0 1.0 0.0 0.0 0.0 64.0 20.0 0.0 0.0 0.0 0.0 0.0 63.0 14.0 15.0 21.0 52.0 13.0 1.0 0.0 0.0 0.0 0.0 1.0 38.0 13.0 0.0 0.0 0.0 0.0 0.0 12.0 32.0 0.0 0.0 0.0 0.0 
25_1_023_7
0.0 18.0 12.0 0.0 0.0 6.0 7.0 0.0 0.0 45.0 34.0 0.0 0.0 4.0 2.0 0.0 0.0 77.0 83.0 5.0 0.0 0.0 0.0 0.0 0.0 89.0 43.0 0.0 0.0 0.0 0.0 1.0 9.0 33.0 14.0 2.0 0.0 0.0 0.0 0.0 0.0 10.0 10.0 12.0 2.0 0.0 0.0 0.0 0.0 0.0 33.0 102.0 0.0 0.0 0.0 0.0 0.0 2.0 4.0 0.0 0.0 0.0 40.0 19.0 12.0 12.0 0.0 0.0 5.0 0.0 0.0 0.0 2.0 18.0 12.0 4.0 0.0 0.0 0.0 0.0 0.0 0.0 22.0 101.0 1.0 0.0 8.0 3.0 0.0 0.0 2.0 0.0 0.0 0.0 102.0 41.0 0.0 0.0 1.0 4.0 41.0 16.0 0.0 0.0 0.0 0.0 4.0 16.0 9.0 2.0 3.0 0.0 0.0 0.0 5.0 53.0 2.0 2.0 37.0 29.0 2.0 9.0 28.0 0.0 0.0 0.0 18.0 11.0 
25_1_023_8
0.0 0.0 0.0 0.0 0.0 8.0 18.0 0.0 0.0 0.0 0.0 0.0 0.0 6.0 54.0 28.0 0.0 0.0 8.0 38.0 14.0 3.0 15.0 9.0 0.0 0.0 33.0 102.0 2.0 0.0 0.0 0.0 0.0 0.0 0.0 0.0 0.0 8.0 49.0 13.0 0.0 5.0 9.0 16.0 1.0 5.0 30.0 13.0 6.0 15.0 101.0 47.0 0.0 0.0 1.0 4.0 0.0 0.0 5.0 76.0 13.0 0.0 0.0 0.0 0.0 0.0 2.0 8.0 2.0 0.0 43.0 18.0 0.0 0.0 23.0 79.0 1.0 3.0 8.0 0.0 0.0 0.0 5.0 60.0 17.0 0.0 0.0 0.0 0.0 0.0 0.0 30.0 36.0 0.0 0.0 0.0 0.0 16.0 41.0 5.0 2.0 2.0 4.0 8.0 0.0 0.0 18.0 45.0 9.0 0.0 0.0 0.0 0.0 0.0 3.0 32.0 16.0 0.0 0.0 0.0 0.0 0.0 0.0 16.0 25.0 0.0 0.0 0.0 
25_1_023_9
0.0 0.0 0.0 0.0 0.0 0.0 5.0 32.0 0.0 0.0 0.0 1.0 20.0 16.0 4.0 6.0 0.0 0.0 0.0 65.0 36.0 5.0 0.0 0.0 0.0 0.0 0.0 14.0 29.0 0.0 0.0 0.0 0.0 0.0 0.0 0.0 0.0 0.0 3.0 44.0 2.0 0.0 0.0 0.0 0.0 3.0 11.0 29.0 0.0 0.0 4.0 102.0 36.0 0.0 0.0 0.0 0.0 0.0 0.0 10.0 39.0 0.0 0.0 0.0 0.0 0.0 0.0 0.0 0.0 1.0 21.0 35.0 3.0 4.0 9.0 10.0 3.0 0.0 6.0 7.0 0.0 0.0 27.0 55.0 9.0 0.0 0.0 0.0 0.0 0.0 0.0 6.0 35.0 1.0 0.0 0.0 0.0 0.0 0.0 0.0 0.0 0.0 6.0 29.0 0.0 0.0 0.0 25.0 12.0 1.0 5.0 8.0 0.0 0.0 0.0 15.0 21.0 0.0 0.0 0.0 0.0 0.0 0.0 2.0 24.0 3.0 0.0 0.0 
25_1_023_10
16.0 12.0 6.0 1.0 0.0 0.0 4.0 -3.0 38.0 0.0 0.0 0.0 0.0 0.0 -2.0 -6.0 24.0 8.0 0.0 0.0 0.0 0.0 -5.0 4.0 5.0 0.0 4.0 13.0 5.0 5.0 1.0 1.0 8.0 6.0 7.0 0.0 1.0 6.0 7.0 -3.0 18.0 0.0 6.0 9.0 4.0 2.0 12.0 4.0 62.0 4.0 0.0 0.0 0.0 0.0 -6.0 6.0 32.0 1.0 0.0 0.0 2.0 11.0 0.0 -5.0 6.0 0.0 2.0 1.0 0.0 1.0 -12.0 45.0 0.0 0.0 0.0 13.0 12.0 14.0 3.0 6.0 0.0 0.0 0.0 0.0 9.0 48.0 7.0 6.0 0.0 5.0 0.0 0.0 5.0 14.0 10.0 2.0 0.0 1.0 1.0 1.0 2.0 1.0 -10.0 27.0 4.0 0.0 0.0 0.0 0.0 1.0 -39.0 102.0 0.0 0.0 0.0 0.0 1.0 16.0 2.0 16.0 0.0 0.0 0.0 0.0 15.0 22.0 2.0 0.0 
25_1_023_11
4.0 4.0 1.0 0.0 0.0 0.0 4.0 25.0 1.0 0.0 1.0 14.0 0.0 0.0 0.0 26.0 0.0 0.0 0.0 8.0 0.0 0.0 1.0 0.0 0.0 0.0 0.0 4.0 3.0 1.0 1.0 0.0 9.0 4.0 0.0 0.0 0.0 0.0 5.0 41.0 0.0 0.0 4.0 17.0 0.0 0.0 4.0 23.0 0.0 0.0 2.0 2.0 0.0 1.0 0.0 1.0 1.0 0.0 5.0 1.0 2.0 2.0 0.0 2.0 26.0 3.0 0.0 0.0 0.0 0.0 10.0 100.0 0.0 0.0 1.0 27.0 1.0 0.0 4.0 13.0 0.0 0.0 0.0 0.0 0.0 4.0 10.0 2.0 0.0 0.0 0.0 4.0 8.0 2.0 1.0 0.0 0.0 0.0 0.0 0.0 0.0 0.0 17.0 102.0 0.0 0.0 7.0 13.0 0.0 0.0 0.0 1.0 3.0 1.0 1.0 0.0 0.0 0.0 0.0 6.0 0.0 4.0 5.0 5.0 0.0 0.0 0.0 0.0 
25_1_023_12
0.0 0.0 0.0 0.0 0.0 5.0 92.0 12.0 0.0 0.0 4.0 32.0 28.0 9.0 5.0 0.0 4.0 28.0 13.0 18.0 12.0 0.0 16.0 7.0 0.0 1.0 0.0 0.0 1.0 4.0 19.0 24.0 0.0 0.0 0.0 0.0 5.0 2.0 47.0 58.0 0.0 0.0 11.0 102.0 14.0 0.0 0.0 0.0 0.0 0.0 3.0 28.0 3.0 2.0 14.0 33.0 0.0 0.0 0.0 0.0 1.0 3.0 39.0 42.0 0.0 3.0 12.0 1.0 2.0 1.0 12.0 54.0 0.0 0.0 26.0 69.0 18.0 2.0 0.0 0.0 0.0 0.0 4.0 44.0 39.0 3.0 -1.0 7.0 0.0 0.0 7.0 79.0 18.0 2.0 0.0 0.0 0.0 3.0 3.0 2.0 4.0 2.0 2.0 22.0 0.0 0.0 4.0 22.0 25.0 0.0 0.0 0.0 0.0 0.0 28.0 44.0 4.0 0.0 0.0 0.0 0.0 0.0 0.0 14.0 12.0 2.0 12.0 3.0 
25_1_023_13
0.0 0.0 0.0 0.0 0.0 59.0 53.0 0.0 0.0 0.0 0.0 1.0 3.0 74.0 56.0 0.0 5.0 2.0 0.0 3.0 0.0 14.0 17.0 0.0 6.0 0.0 0.0 0.0 0.0 3.0 11.0 6.0 2.0 0.0 1.0 5.0 4.0 21.0 13.0 0.0 1.0 0.0 0.0 3.0 15.0 5.0 5.0 2.0 1.0 0.0 0.0 23.0 22.0 1.0 0.0 0.0 2.0 2.0 0.0 1.0 0.0 0.0 8.0 74.0 0.0 0.0 0.0 5.0 102.0 15.0 1.0 0.0 0.0 0.0 0.0 14.0 10.0 10.0 7.0 4.0 0.0 0.0 4.0 35.0 9.0 0.0 0.0 0.0 0.0 0.0 0.0 0.0 0.0 1.0 6.0 79.0 19.0 1.0 0.0 0.0 21.0 2.0 -1.0 0.0 0.0 0.0 4.0 35.0 73.0 0.0 0.0 0.0 -1.0 2.0 7.0 25.0 3.0 0.0 0.0 0.0 0.0 2.0 0.0 1.0 0.0 0.0 -12.0 63.0 
25_1_023_14
0.0 24.0 20.0 0.0 0.0 1.0 1.0 0.0 0.0 54.0 53.0 1.0 0.0 0.0 0.0 0.0 0.0 95.0 63.0 0.0 0.0 0.0 0.0 0.0 0.0 57.0 35.0 0.0 0.0 0.0 0.0 0.0 3.0 17.0 9.0 1.0 2.0 0.0 0.0 0.0 0.0 0.0 25.0 73.0 0.0 0.0 0.0 0.0 0.0 1.0 22.0 12.0 0.0 0.0 0.0 0.0 0.0 3.0 4.0 0.0 0.0 0.0 7.0 3.0 0.0 2.0 2.0 2.0 2.0 1.0 0.0 0.0 0.0 0.0 6.0 102.0 2.0 0.0 0.0 0.0 0.0 0.0 10.0 18.0 0.0 0.0 0.0 0.0 0.0 0.0 0.0 0.0 0.0 0.0 57.0 30.0 1.0 8.0 4.0 0.0 0.0 0.0 0.0 0.0 0.0 1.0 12.0 68.0 0.0 0.0 0.0 0.0 0.0 0.0 5.0 11.0 0.0 0.0 18.0 12.0 0.0 0.0 0.0 0.0 0.0 0.0 62.0 29.0 
25_1_023_15
22.0 2.0 6.0 3.0 0.0 2.0 8.0 0.0 44.0 0.0 0.0 0.0 0.0 0.0 0.0 -11.0 20.0 4.0 3.0 0.0 0.0 0.0 0.0 -8.0 33.0 1.0 1.0 5.0 2.0 0.0 -5.0 3.0 3.0 30.0 6.0 5.0 1.0 0.0 0.0 -4.0 30.0 4.0 8.0 6.0 0.0 2.0 18.0 6.0 51.0 2.0 1.0 6.0 8.0 0.0 -7.0 0.0 51.0 13.0 0.0 0.0 0.0 0.0 -5.0 -1.0 0.0 0.0 0.0 0.0 4.0 8.0 -5.0 21.0 0.0 0.0 0.0 0.0 0.0 9.0 18.0 17.0 -2.0 4.0 2.0 32.0 12.0 15.0 11.0 4.0 18.0 0.0 0.0 0.0 6.0 24.0 -1.0 3.0 6.0 6.0 8.0 9.0 2.0 0.0 0.0 -1.0 4.0 0.0 0.0 0.0 0.0 0.0 -46.0 102.0 0.0 0.0 0.0 0.0 2.0 14.0 8.0 10.0 0.0 0.0 0.0 0.0 3.0 25.0 9.0 0.0 
25_1_023_16
0.0 2.0 2.0 4.0 6.0 0.0 0.0 0.0 0.0 10.0 22.0 6.0 0.0 0.0 0.0 0.0 0.0 0.0 35.0 26.0 0.0 0.0 0.0 0.0 0.0 0.0 21.0 15.0 0.0 0.0 0.0 0.0 0.0 0.0 0.0 4.0 21.0 4.0 0.0 0.0 0.0 0.0 0.0 15.0 17.0 27.0 11.0 0.0 0.0 0.0 3.0 81.0 36.0 2.0 0.0 0.0 0.0 0.0 12.0 32.0 0.0 0.0 0.0 0.0 0.0 1.0 2.0 6.0 9.0 2.0 2.0 0.0 7.0 10.0 5.0 10.0 16.0 2.0 1.0 2.0 0.0 0.0 21.0 102.0 18.0 0.0 0.0 0.0 0.0 0.0 0.0 45.0 8.0 0.0 0.0 0.0 0.0 0.0 0.0 0.0 9.0 10.0 31.0 3.0 0.0 0.0 0.0 6.0 50.0 10.0 6.0 0.0 0.0 0.0 0.0 68.0 54.0 11.0 1.0 0.0 0.0 0.0 0.0 30.0 14.0 0.0 0.0 0.0 
25_1_023_17
0.0 0.0 7.0 32.0 0.0 0.0 20.0 27.0 0.0 0.0 0.0 19.0 15.0 5.0 2.0 0.0 0.0 1.0 15.0 22.0 14.0 15.0 19.0 3.0 5.0 2.0 16.0 24.0 24.0 3.0 0.0 0.0 0.0 0.0 6.0 48.0 1.0 0.0 1.0 1.0 1.0 0.0 0.0 3.0 9.0 15.0 4.0 9.0 1.0 0.0 50.0 70.0 10.0 2.0 4.0 1.0 4.0 10.0 7.0 15.0 6.0 11.0 10.0 0.0 0.0 0.0 4.0 25.0 8.0 1.0 0.0 0.0 5.0 1.0 4.0 7.0 10.0 21.0 6.0 3.0 0.0 0.0 34.0 102.0 5.0 6.0 0.0 0.0 2.0 7.0 10.0 15.0 27.0 14.0 0.0 0.0 2.0 0.0 6.0 7.0 0.0 1.0 3.0 3.0 0.0 3.0 39.0 16.0 10.0 3.0 0.0 1.0 0.0 0.0 6.0 21.0 22.0 11.0 0.0 0.0 0.0 6.0 32.0 26.0 26.0 4.0 0.0 0.0 
25_1_023_18
0.0 0.0 0.0 0.0 0.0 1.0 21.0 2.0 0.0 2.0 1.0 5.0 2.0 3.0 4.0 0.0 0.0 0.0 6.0 24.0 3.0 0.0 0.0 0.0 4.0 8.0 11.0 4.0 0.0 0.0 0.0 0.0 0.0 1.0 0.0 0.0 0.0 38.0 9.0 1.0 1.0 2.0 10.0 17.0 7.0 14.0 0.0 0.0 1.0 1.0 20.0 13.0 5.0 9.0 6.0 2.0 0.0 0.0 18.0 36.0 20.0 4.0 0.0 0.0 2.0 1.0 8.0 15.0 13.0 25.0 14.0 1.0 0.0 0.0 9.0 79.0 8.0 0.0 0.0 0.0 10.0 21.0 39.0 26.0 3.0 0.0 0.0 3.0 0.0 10.0 102.0 4.0 0.0 0.0 0.0 0.0 2.0 3.0 16.0 3.0 10.0 9.0 0.0 0.0 0.0 8.0 51.0 12.0 26.0 18.0 0.0 0.0 0.0 0.0 75.0 57.0 0.0 0.0 0.0 0.0 0.0 0.0 37.0 8.0 0.0 0.0 0.0 0.0 
25_1_023_19
0.0 0.0 0.0 7.0 31.0 11.0 13.0 2.0 0.0 0.0 0.0 38.0 65.0 0.0 0.0 0.0 0.0 0.0 0.0 7.0 23.0 0.0 0.0 0.0 0.0 0.0 1.0 9.0 4.0 0.0 0.0 0.0 38.0 41.0 7.0 8.0 1.0 1.0 0.0 11.0 0.0 4.0 20.0 102.0 8.0 0.0 0.0 0.0 0.0 0.0 0.0 8.0 28.0 5.0 2.0 3.0 0.0 0.0 0.0 12.0 27.0 0.0 0.0 0.0 18.0 58.0 16.0 1.0 0.0 0.0 0.0 0.0 22.0 43.0 14.0 13.0 0.0 0.0 0.0 1.0 2.0 7.0 1.0 7.0 4.0 0.0 6.0 5.0 0.0 0.0 0.0 19.0 26.0 0.0 0.0 0.0 57.0 13.0 0.0 0.0 0.0 0.0 8.0 30.0 20.0 8.0 10.0 10.0 5.0 5.0 3.0 3.0 12.0 29.0 1.0 0.0 0.0 0.0 0.0 0.0 0.0 11.0 9.0 3.0 0.0 0.0 0.0 0.0 
25_1_023_20
0.0 0.0 0.0 0.0 0.0 12.0 9.0 0.0 0.0 12.0 6.0 0.0 0.0 9.0 14.0 0.0 0.0 52.0 48.0 0.0 0.0 2.0 3.0 0.0 0.0 71.0 66.0 0.0 0.0 0.0 0.0 0.0 0.0 28.0 46.0 1.0 0.0 0.0 0.0 0.0 0.0 47.0 57.0 3.0 5.0 4.0 0.0 0.0 0.0 32.0 79.0 53.0 1.0 0.0 0.0 0.0 0.0 16.0 19.0 1.0 0.0 0.0 0.0 0.0 1.0 22.0 3.0 2.0 8.0 5.0 0.0 0.0 4.0 5.0 3.0 17.0 0.0 0.0 1.0 5.0 0.0 0.0 15.0 102.0 4.0 0.0 0.0 0.0 0.0 2.0 4.0 1.0 0.0 0.0 0.0 0.0 0.0 0.0 3.0 3.0 1.0 0.0 0.0 0.0 0.0 6.0 2.0 6.0 3.0 0.0 2.0 0.0 0.0 0.0 1.0 93.0 8.0 0.0 0.0 0.0 0.0 0.0 5.0 2.0 0.0 0.0 1.0 2.0 
25_1_023_21
0.0 7.0 7.0 0.0 0.0 0.0 0.0 0.0 4.0 8.0 5.0 9.0 0.0 0.0 0.0 0.0 0.0 0.0 11.0 82.0 0.0 0.0 0.0 0.0 0.0 0.0 3.0 0.0 0.0 0.0 11.0 8.0 1.0 8.0 2.0 0.0 0.0 1.0 2.0 1.0 3.0 2.0 5.0 9.0 4.0 3.0 3.0 1.0 0.0 0.0 10.0 102.0 5.0 0.0 1.0 0.0 0.0 0.0 0.0 0.0 0.0 0.0 91.0 42.0 0.0 0.0 0.0 0.0 13.0 4.0 2.0 5.0 1.0 1.0 6.0 17.0 1.0 0.0 0.0 0.0 0.0 0.0 16.0 85.0 0.0 0.0 19.0 17.0 2.0 7.0 6.0 0.0 0.0 0.0 51.0 59.0 0.0 4.0 11.0 10.0 14.0 0.0 0.0 0.0 0.0 5.0 9.0 20.0 1.0 0.0 0.0 0.0 0.0 0.0 1.0 32.0 6.0 4.0 31.0 23.0 3.0 14.0 8.0 0.0 0.0 0.0 0.0 9.0 
25_1_023_22
9.0 0.0 0.0 0.0 0.0 1.0 13.0 36.0 1.0 7.0 2.0 4.0 11.0 23.0 11.0 12.0 0.0 4.0 35.0 53.0 42.0 14.0 0.0 0.0 0.0 7.0 44.0 34.0 16.0 8.0 1.0 0.0 27.0 1.0 0.0 34.0 46.0 0.0 0.0 6.0 38.0 17.0 17.0 8.0 1.0 0.0 0.0 5.0 17.0 26.0 57.0 69.0 0.0 0.0 0.0 0.0 24.0 53.0 17.0 0.0 0.0 0.0 0.0 0.0 2.0 0.0 1.0 99.0 41.0 0.0 2.0 1.0 10.0 9.0 27.0 26.0 2.0 1.0 1.0 1.0 0.0 20.0 102.0 59.0 8.0 2.0 3.0 0.0 11.0 4.0 9.0 5.0 4.0 4.0 10.0 19.0 45.0 1.0 0.0 55.0 35.0 0.0 0.0 27.0 12.0 0.0 0.0 42.0 18.0 0.0 1.0 8.0 0.0 0.0 0.0 58.0 21.0 10.0 13.0 2.0 0.0 0.0 0.0 0.0 1.0 11.0 30.0 6.0 
25_1_023_23
0.0 0.0 0.0 1.0 7.0 30.0 19.0 11.0 0.0 0.0 8.0 30.0 62.0 23.0 1.0 0.0 0.0 22.0 26.0 8.0 6.0 12.0 13.0 0.0 2.0 10.0 29.0 27.0 9.0 0.0 0.0 0.0 27.0 23.0 1.0 0.0 0.0 0.0 0.0 13.0 0.0 8.0 34.0 38.0 17.0 0.0 0.0 0.0 0.0 18.0 43.0 52.0 39.0 0.0 0.0 0.0 10.0 8.0 7.0 7.0 3.0 7.0 3.0 2.0 8.0 13.0 0.0 0.0 65.0 21.0 1.0 0.0 11.0 13.0 7.0 4.0 3.0 1.0 2.0 3.0 0.0 0.0 16.0 102.0 50.0 0.0 0.0 0.0 7.0 4.0 0.0 1.0 7.0 7.0 15.0 31.0 60.0 37.0 2.0 3.0 64.0 2.0 0.0 0.0 5.0 8.0 0.0 3.0 87.0 4.0 0.0 0.0 9.0 3.0 0.0 4.0 59.0 3.0 0.0 2.0 0.0 0.0 0.0 0.0 38.0 21.0 4.0 2.0 
25_1_023_24
18.0 0.0 0.0 0.0 0.0 0.0 7.0 21.0 17.0 2.0 2.0 18.0 7.0 0.0 0.0 11.0 0.0 0.0 21.0 34.0 8.0 1.0 0.0 0.0 1.0 6.0 8.0 5.0 0.0 0.0 0.0 0.0 0.0 0.0 0.0 5.0 17.0 13.0 49.0 30.0 20.0 9.0 1.0 21.0 8.0 0.0 1.0 10.0 0.0 0.0 15.0 102.0 1.0 0.0 0.0 0.0 6.0 5.0 3.0 0.0 0.0 0.0 0.0 2.0 10.0 13.0 13.0 8.0 0.0 0.0 6.0 44.0 15.0 2.0 6.0 50.0 6.0 3.0 2.0 1.0 0.0 0.0 13.0 71.0 9.0 0.0 0.0 0.0 1.0 2.0 3.0 5.0 1.0 0.0 0.0 0.0 16.0 3.0 15.0 2.0 0.0 0.0 0.0 37.0 7.0 2.0 2.0 5.0 6.0 12.0 7.0 10.0 0.0 0.0 3.0 59.0 15.0 0.0 0.0 0.0 0.0 0.0 0.0 14.0 5.0 0.0 0.0 0.0 
25_1_023_25
0.0 0.0 1.0 4.0 5.0 0.0 0.0 0.0 0.0 0.0 1.0 10.0 2.0 1.0 3.0 1.0 0.0 0.0 8.0 76.0 1.0 0.0 0.0 0.0 0.0 1.0 4.0 0.0 0.0 0.0 0.0 0.0 0.0 8.0 8.0 0.0 0.0 0.0 0.0 0.0 4.0 9.0 7.0 9.0 0.0 0.0 0.0 0.0 0.0 0.0 15.0 102.0 0.0 0.0 0.0 0.0 0.0 0.0 5.0 1.0 0.0 0.0 5.0 4.0 1.0 9.0 3.0 0.0 0.0 0.0 1.0 0.0 3.0 2.0 5.0 6.0 2.0 2.0 2.0 1.0 0.0 0.0 15.0 92.0 3.0 0.0 0.0 0.0 0.0 0.0 1.0 0.0 0.0 0.0 66.0 28.0 0.0 0.0 0.0 0.0 4.0 3.0 2.0 3.0 0.0 1.0 4.0 11.0 1.0 0.0 2.0 0.0 0.0 0.0 13.0 63.0 0.0 0.0 10.0 8.0 1.0 1.0 1.0 0.0 0.0 0.0 54.0 42.0 
25_1_023_26
0.0 0.0 0.0 3.0 28.0 0.0 0.0 0.0 0.0 0.0 0.0 1.0 102.0 36.0 0.0 0.0 8.0 0.0 0.0 2.0 14.0 63.0 13.0 20.0 58.0 0.0 0.0 1.0 2.0 0.0 0.0 45.0 0.0 0.0 1.0 8.0 15.0 0.0 0.0 0.0 0.0 0.0 0.0 15.0 40.0 0.0 0.0 0.0 0.0 0.0 9.0 63.0 13.0 0.0 1.0 0.0 44.0 0.0 0.0 0.0 0.0 1.0 9.0 71.0 0.0 2.0 6.0 1.0 0.0 0.0 0.0 0.0 0.0 0.0 1.0 29.0 7.0 0.0 0.0 0.0 1.0 3.0 19.0 51.0 40.0 4.0 4.0 14.0 11.0 2.0 2.0 4.0 0.0 0.0 10.0 22.0 0.0 0.0 0.0 0.0 0.0 7.0 6.0 1.0 0.0 0.0 0.0 3.0 14.0 5.0 0.0 0.0 0.0 0.0 6.0 51.0 9.0 2.0 1.0 0.0 1.0 0.0 0.0 0.0 0.0 2.0 9.0 6.0 
25_1_023_27
3.0 0.0 2.0 0.0 0.0 0.0 -4.0 29.0 0.0 0.0 11.0 81.0 0.0 0.0 0.0 6.0 22.0 1.0 3.0 31.0 8.0 0.0 1.0 1.0 0.0 0.0 0.0 0.0 0.0 0.0 -11.0 101.0 6.0 0.0 4.0 4.0 0.0 0.0 -8.0 54.0 0.0 0.0 9.0 102.0 4.0 0.0 0.0 11.0 0.0 0.0 0.0 9.0 17.0 13.0 44.0 0.0 0.0 0.0 0.0 0.0 0.0 0.0 35.0 48.0 0.0 0.0 0.0 6.0 0.0 0.0 -2.0 57.0 0.0 0.0 6.0 80.0 7.0 0.0 -1.0 12.0 0.0 0.0 0.0 1.0 0.0 9.0 46.0 4.0 0.0 0.0 0.0 0.0 0.0 0.0 -4.0 44.0 4.0 0.0 4.0 1.0 0.0 0.0 -3.0 45.0 0.0 0.0 8.0 73.0 5.0 0.0 0.0 5.0 0.0 0.0 0.0 3.0 2.0 15.0 50.0 0.0 0.0 0.0 0.0 0.0 0.0 0.0 12.0 29.0 
25_1_023_28
4.0 0.0 18.0 70.0 8.0 0.0 0.0 0.0 4.0 10.0 1.0 16.0 16.0 20.0 0.0 0.0 0.0 8.0 51.0 60.0 6.0 7.0 14.0 2.0 9.0 8.0 4.0 1.0 3.0 93.0 36.0 0.0 4.0 15.0 4.0 5.0 0.0 0.0 0.0 1.0 3.0 8.0 8.0 21.0 12.0 0.0 0.0 0.0 30.0 28.0 31.0 102.0 8.0 1.0 11.0 11.0 34.0 99.0 13.0 0.0 0.0 0.0 0.0 6.0 0.0 6.0 2.0 14.0 9.0 1.0 0.0 0.0 3.0 7.0 26.0 56.0 6.0 0.0 0.0 2.0 0.0 0.0 17.0 63.0 44.0 91.0 30.0 0.0 11.0 0.0 0.0 28.0 49.0 20.0 5.0 19.0 0.0 7.0 20.0 41.0 8.0 9.0 0.0 0.0 26.0 22.0 24.0 75.0 5.0 2.0 7.0 9.0 20.0 26.0 0.0 15.0 55.0 58.0 1.0 5.0 0.0 0.0 11.0 17.0 5.0 3.0 8.0 10.0 
25_1_023_29
1.0 0.0 0.0 0.0 0.0 3.0 3.0 2.0 3.0 2.0 2.0 0.0 1.0 3.0 4.0 0.0 0.0 0.0 19.0 84.0 4.0 0.0 0.0 0.0 0.0 0.0 0.0 0.0 0.0 0.0 54.0 32.0 3.0 0.0 0.0 5.0 26.0 1.0 0.0 3.0 3.0 6.0 3.0 9.0 2.0 0.0 0.0 0.0 0.0 0.0 13.0 102.0 2.0 0.0 15.0 7.0 2.0 7.0 1.0 0.0 0.0 0.0 56.0 65.0 0.0 11.0 15.0 7.0 4.0 0.0 0.0 0.0 2.0 4.0 14.0 12.0 8.0 0.0 0.0 0.0 0.0 0.0 9.0 31.0 15.0 8.0 36.0 12.0 1.0 14.0 5.0 0.0 0.0 0.0 6.0 12.0 0.0 9.0 8.0 0.0 0.0 0.0 0.0 0.0 0.0 13.0 11.0 1.0 0.0 0.0 0.0 0.0 0.0 13.0 8.0 0.0 0.0 1.0 0.0 0.0 0.0 14.0 3.0 0.0 0.0 0.0 0.0 0.0 
25_1_023_30
0.0 0.0 10.0 67.0 3.0 0.0 0.0 0.0 4.0 1.0 9.0 2.0 1.0 4.0 29.0 25.0 0.0 9.0 102.0 74.0 3.0 15.0 0.0 0.0 0.0 3.0 12.0 32.0 41.0 23.0 12.0 2.0 2.0 0.0 32.0 59.0 0.0 0.0 0.0 0.0 18.0 6.0 7.0 5.0 5.0 24.0 21.0 4.0 1.0 5.0 49.0 45.0 73.0 49.0 8.0 0.0 0.0 14.0 8.0 24.0 39.0 13.0 4.0 0.0 0.0 0.0 2.0 54.0 18.0 4.0 4.0 10.0 22.0 5.0 6.0 5.0 10.0 2.0 10.0 35.0 0.0 2.0 18.0 66.0 42.0 31.0 0.0 0.0 0.0 5.0 11.0 64.0 44.0 19.0 17.0 4.0 0.0 0.0 0.0 26.0 20.0 24.0 4.0 0.0 0.0 0.0 0.0 0.0 7.0 24.0 47.0 8.0 0.0 0.0 0.0 20.0 60.0 18.0 0.0 0.0 13.0 0.0 5.0 85.0 33.0 0.0 1.0 23.0 
25_1_023_31
0.0 0.0 0.0 2.0 12.0 0.0 0.0 0.0 0.0 5.0 6.0 11.0 1.0 0.0 0.0 0.0 11.0 26.0 7.0 0.0 0.0 0.0 0.0 0.0 0.0 32.0 24.0 0.0 0.0 0.0 0.0 0.0 0.0 0.0 0.0 7.0 14.0 0.0 0.0 0.0 0.0 0.0 7.0 44.0 8.0 0.0 0.0 0.0 0.0 2.0 30.0 10.0 3.0 0.0 0.0 0.0 0.0 6.0 48.0 1.0 0.0 0.0 0.0 0.0 0.0 0.0 8.0 14.0 4.0 1.0 0.0 3.0 0.0 0.0 6.0 17.0 8.0 16.0 18.0 5.0 0.0 0.0 16.0 55.0 46.0 32.0 2.0 0.0 0.0 0.0 38.0 26.0 0.0 0.0 0.0 0.0 0.0 0.0 3.0 24.0 18.0 4.0 0.0 0.0 7.0 14.0 3.0 8.0 7.0 1.0 -9.0 24.0 0.0 6.0 102.0 37.0 0.0 0.0 0.0 0.0 0.0 0.0 19.0 21.0 0.0 0.0 0.0 0.0 
25_1_023_32
0.0 0.0 0.0 0.0 0.0 1.0 2.0 8.0 0.0 0.0 0.0 1.0 0.0 0.0 0.0 15.0 0.0 0.0 8.0 71.0 6.0 3.0 0.0 0.0 1.0 4.0 13.0 2.0 0.0 0.0 2.0 3.0 0.0 0.0 0.0 0.0 0.0 0.0 3.0 14.0 0.0 0.0 0.0 2.0 2.0 2.0 4.0 19.0 0.0 3.0 26.0 102.0 4.0 0.0 0.0 3.0 0.0 0.0 2.0 4.0 2.0 8.0 8.0 7.0 0.0 0.0 0.0 0.0 0.0 0.0 0.0 16.0 0.0 0.0 3.0 3.0 0.0 0.0 -1.0 29.0 0.0 0.0 6.0 90.0 21.0 3.0 9.0 2.0 0.0 0.0 4.0 9.0 1.0 3.0 7.0 2.0 0.0 0.0 0.0 0.0 0.0 0.0 -3.0 22.0 0.0 0.0 7.0 10.0 0.0 0.0 -3.0 17.0 0.0 1.0 38.0 39.0 0.0 0.0 -4.0 20.0 1.0 1.0 16.0 9.0 0.0 0.0 0.0 1.0 
25_1_023_33
23.0 34.0 66.0 35.0 0.0 0.0 1.0 6.0 0.0 0.0 82.0 101.0 0.0 0.0 0.0 0.0 0.0 0.0 6.0 42.0 12.0 1.0 0.0 0.0 0.0 2.0 10.0 4.0 0.0 0.0 0.0 1.0 56.0 24.0 85.0 9.0 0.0 0.0 0.0 1.0 0.0 0.0 61.0 10.0 1.0 4.0 21.0 1.0 0.0 0.0 1.0 89.0 17.0 5.0 0.0 0.0 0.0 0.0 10.0 23.0 4.0 0.0 0.0 0.0 24.0 6.0 7.0 3.0 4.0 2.0 1.0 33.0 4.0 1.0 12.0 12.0 1.0 7.0 33.0 4.0 0.0 0.0 11.0 102.0 6.0 0.0 0.0 0.0 0.0 0.0 13.0 45.0 0.0 0.0 0.0 0.0 32.0 10.0 0.0 0.0 0.0 0.0 0.0 20.0 28.0 11.0 9.0 6.0 0.0 0.0 0.0 0.0 0.0 0.0 13.0 67.0 2.0 0.0 0.0 0.0 0.0 0.0 12.0 40.0 0.0 0.0 0.0 0.0 
25_1_023_34
0.0 0.0 0.0 0.0 0.0 0.0 43.0 31.0 0.0 3.0 2.0 0.0 0.0 0.0 73.0 32.0 1.0 13.0 6.0 0.0 1.0 1.0 2.0 0.0 0.0 7.0 29.0 17.0 2.0 0.0 0.0 0.0 0.0 3.0 1.0 0.0 0.0 0.0 102.0 55.0 0.0 13.0 26.0 0.0 0.0 1.0 11.0 5.0 3.0 6.0 21.0 11.0 2.0 1.0 0.0 2.0 0.0 6.0 18.0 6.0 9.0 6.0 10.0 1.0 11.0 7.0 0.0 0.0 0.0 1.0 38.0 35.0 0.0 0.0 0.0 4.0 10.0 15.0 37.0 3.0 0.0 1.0 7.0 41.0 8.0 0.0 -1.0 5.0 0.0 1.0 22.0 8.0 9.0 4.0 2.0 1.0 0.0 0.0 0.0 0.0 0.0 0.0 33.0 48.0 1.0 0.0 0.0 0.0 0.0 14.0 53.0 6.0 0.0 1.0 8.0 0.0 2.0 4.0 19.0 4.0 3.0 13.0 7.0 0.0 0.0 0.0 0.0 1.0 
25_1_023_35
0.0 0.0 0.0 17.0 4.0 6.0 8.0 8.0 0.0 0.0 16.0 36.0 5.0 0.0 0.0 0.0 0.0 0.0 8.0 51.0 17.0 3.0 0.0 0.0 0.0 0.0 0.0 40.0 31.0 6.0 0.0 0.0 3.0 0.0 3.0 9.0 1.0 1.0 2.0 7.0 30.0 12.0 6.0 2.0 0.0 0.0 0.0 3.0 0.0 0.0 9.0 25.0 2.0 3.0 8.0 9.0 0.0 0.0 0.0 102.0 19.0 6.0 0.0 0.0 8.0 8.0 3.0 0.0 0.0 0.0 4.0 19.0 10.0 5.0 1.0 0.0 1.0 2.0 1.0 17.0 0.0 0.0 3.0 3.0 2.0 2.0 19.0 10.0 0.0 0.0 0.0 96.0 22.0 0.0 0.0 0.0 1.0 6.0 8.0 10.0 0.0 0.0 2.0 1.0 6.0 1.0 3.0 2.0 0.0 0.0 16.0 34.0 1.0 1.0 0.0 0.0 0.0 2.0 9.0 2.0 0.0 0.0 1.0 62.0 12.0 0.0 0.0 0.0 
25_1_023_36
0.0 0.0 4.0 6.0 0.0 0.0 0.0 0.0 0.0 0.0 6.0 49.0 1.0 0.0 0.0 0.0 0.0 0.0 0.0 13.0 102.0 8.0 0.0 0.0 0.0 0.0 0.0 1.0 11.0 5.0 29.0 91.0 0.0 0.0 6.0 5.0 0.0 0.0 0.0 0.0 0.0 0.0 10.0 60.0 0.0 0.0 0.0 0.0 0.0 0.0 0.0 18.0 19.0 1.0 1.0 17.0 0.0 0.0 0.0 15.0 26.0 7.0 27.0 84.0 0.0 0.0 2.0 13.0 0.0 0.0 0.0 0.0 0.0 0.0 24.0 51.0 0.0 0.0 0.0 0.0 5.0 40.0 38.0 1.0 0.0 0.0 0.0 2.0 6.0 2.0 14.0 1.0 0.0 0.0 15.0 91.0 0.0 0.0 0.0 16.0 1.0 0.0 0.0 0.0 0.0 6.0 87.0 46.0 0.0 0.0 0.0 0.0 25.0 24.0 25.0 0.0 0.0 0.0 0.0 10.0 1.0 0.0 0.0 0.0 0.0 0.0 25.0 99.0 
25_1_023_37
18.0 11.0 2.0 0.0 0.0 8.0 49.0 15.0 7.0 2.0 3.0 0.0 0.0 0.0 7.0 9.0 0.0 0.0 21.0 102.0 0.0 0.0 0.0 0.0 7.0 0.0 0.0 1.0 0.0 0.0 1.0 5.0 6.0 12.0 27.0 1.0 0.0 4.0 25.0 8.0 27.0 36.0 11.0 0.0 0.0 0.0 0.0 0.0 0.0 0.0 13.0 97.0 6.0 2.0 5.0 0.0 0.0 0.0 0.0 0.0 1.0 40.0 28.0 1.0 1.0 49.0 19.0 5.0 7.0 27.0 14.0 0.0 46.0 12.0 1.0 0.0 8.0 11.0 2.0 16.0 1.0 2.0 22.0 22.0 0.0 0.0 3.0 12.0 3.0 0.0 0.0 0.0 1.0 6.0 9.0 32.0 0.0 0.0 0.0 0.0 18.0 29.0 36.0 5.0 0.0 0.0 0.0 18.0 37.0 4.0 2.0 5.0 0.0 0.0 5.0 8.0 0.0 0.0 0.0 9.0 1.0 0.0 0.0 0.0 0.0 0.0 0.0 41.0 
25_1_023_38
102.0 57.0 0.0 0.0 0.0 0.0 0.0 1.0 69.0 63.0 0.0 0.0 1.0 3.0 0.0 0.0 20.0 14.0 0.0 0.0 11.0 13.0 0.0 0.0 0.0 0.0 0.0 0.0 7.0 21.0 0.0 0.0 2.0 0.0 0.0 0.0 0.0 51.0 64.0 0.0 14.0 0.0 0.0 1.0 6.0 50.0 26.0 10.0 71.0 67.0 3.0 19.0 12.0 0.0 0.0 0.0 83.0 50.0 0.0 0.0 0.0 1.0 0.0 0.0 1.0 2.0 0.0 0.0 25.0 25.0 0.0 0.0 6.0 13.0 3.0 1.0 18.0 19.0 0.0 0.0 0.0 3.0 15.0 69.0 17.0 0.0 0.0 0.0 11.0 63.0 21.0 17.0 6.0 0.0 0.0 0.0 0.0 0.0 0.0 0.0 8.0 1.0 0.0 0.0 0.0 0.0 0.0 0.0 21.0 13.0 0.0 0.0 0.0 0.0 0.0 14.0 83.0 7.0 0.0 0.0 0.0 0.0 4.0 25.0 42.0 43.0 2.0 0.0 
25_1_023_39
0.0 0.0 13.0 32.0 3.0 0.0 0.0 0.0 0.0 0.0 3.0 57.0 11.0 0.0 0.0 0.0 0.0 0.0 0.0 46.0 14.0 0.0 0.0 0.0 0.0 0.0 0.0 0.0 1.0 2.0 2.0 0.0 7.0 6.0 14.0 3.0 0.0 0.0 0.0 0.0 0.0 0.0 20.0 28.0 7.0 10.0 3.0 0.0 0.0 0.0 1.0 85.0 17.0 0.0 0.0 0.0 0.0 0.0 0.0 0.0 0.0 0.0 4.0 0.0 7.0 1.0 4.0 4.0 0.0 0.0 1.0 9.0 0.0 0.0 3.0 19.0 1.0 1.0 14.0 7.0 0.0 0.0 16.0 102.0 0.0 0.0 0.0 0.0 0.0 0.0 0.0 0.0 0.0 0.0 5.0 1.0 0.0 0.0 0.0 0.0 0.0 3.0 11.0 6.0 0.0 0.0 5.0 31.0 0.0 1.0 9.0 0.0 0.0 0.0 4.0 70.0 2.0 0.0 0.0 0.0 0.0 0.0 0.0 0.0 0.0 0.0 8.0 1.0 
25_1_023_40
9.0 0.0 0.0 0.0 0.0 0.0 0.0 77.0 0.0 0.0 1.0 22.0 0.0 0.0 0.0 0.0 2.0 0.0 0.0 3.0 0.0 0.0 0.0 2.0 4.0 1.0 1.0 0.0 0.0 0.0 0.0 1.0 11.0 0.0 0.0 0.0 0.0 0.0 0.0 102.0 0.0 1.0 6.0 21.0 0.0 0.0 0.0 0.0 1.0 0.0 0.0 1.0 1.0 0.0 0.0 2.0 2.0 2.0 1.0 0.0 0.0 0.0 0.0 2.0 18.0 0.0 0.0 0.0 0.0 0.0 0.0 100.0 1.0 0.0 2.0 23.0 0.0 0.0 0.0 0.0 1.0 0.0 0.0 2.0 0.0 0.0 0.0 7.0 0.0 2.0 10.0 6.0 0.0 0.0 0.0 0.0 0.0 0.0 0.0 0.0 0.0 0.0 23.0 64.0 0.0 0.0 0.0 19.0 1.0 0.0 0.0 0.0 0.0 0.0 2.0 3.0 0.0 0.0 1.0 3.0 0.0 0.0 3.0 8.0 0.0 0.0 0.0 0.0 
25_1_023_41
18.0 10.0 3.0 19.0 14.0 0.0 0.0 0.0 0.0 0.0 0.0 13.0 24.0 22.0 2.0 0.0 0.0 3.0 14.0 37.0 3.0 1.0 0.0 0.0 0.0 1.0 1.0 14.0 5.0 0.0 0.0 0.0 6.0 0.0 1.0 52.0 18.0 0.0 0.0 2.0 0.0 0.0 0.0 19.0 36.0 28.0 4.0 0.0 0.0 0.0 13.0 33.0 10.0 5.0 0.0 0.0 0.0 5.0 2.0 13.0 3.0 0.0 0.0 0.0 67.0 17.0 3.0 10.0 1.0 0.0 0.0 4.0 0.0 0.0 0.0 21.0 37.0 5.0 0.0 2.0 0.0 0.0 10.0 102.0 6.0 0.0 0.0 0.0 8.0 17.0 3.0 1.0 0.0 0.0 0.0 0.0 11.0 0.0 0.0 0.0 14.0 12.0 19.0 15.0 33.0 12.0 0.0 8.0 13.0 0.0 0.0 8.0 0.0 0.0 0.0 74.0 43.0 0.0 0.0 0.0 2.0 0.0 0.0 15.0 6.0 0.0 0.0 4.0 
25_1_023_42
0.0 0.0 0.0 4.0 19.0 1.0 0.0 0.0 0.0 3.0 1.0 12.0 17.0 3.0 0.0 0.0 0.0 0.0 0.0 26.0 20.0 0.0 0.0 0.0 0.0 0.0 0.0 15.0 6.0 0.0 0.0 0.0 0.0 0.0 0.0 5.0 37.0 1.0 0.0 0.0 0.0 0.0 0.0 0.0 10.0 24.0 17.0 0.0 0.0 0.0 0.0 69.0 48.0 0.0 0.0 0.0 0.0 0.0 0.0 17.0 11.0 0.0 0.0 0.0 0.0 0.0 3.0 23.0 18.0 3.0 1.0 0.0 0.0 0.0 4.0 19.0 4.0 8.0 30.0 1.0 0.0 0.0 18.0 102.0 3.0 0.0 0.0 0.0 0.0 0.0 0.0 14.0 13.0 0.0 0.0 0.0 0.0 0.0 1.0 1.0 2.0 4.0 4.0 5.0 0.0 0.0 10.0 56.0 4.0 1.0 8.0 3.0 0.0 0.0 4.0 47.0 9.0 0.0 0.0 0.0 0.0 0.0 0.0 9.0 11.0 0.0 0.0 0.0 
25_1_023_43
0.0 0.0 0.0 0.0 7.0 4.0 2.0 0.0 0.0 0.0 0.0 13.0 23.0 1.0 0.0 0.0 2.0 0.0 0.0 23.0 13.0 0.0 1.0 2.0 8.0 8.0 0.0 0.0 0.0 0.0 2.0 0.0 0.0 0.0 0.0 0.0 4.0 2.0 -1.0 10.0 0.0 0.0 0.0 3.0 24.0 6.0 0.0 0.0 0.0 0.0 0.0 25.0 39.0 10.0 3.0 0.0 0.0 0.0 0.0 0.0 5.0 34.0 3.0 0.0 0.0 0.0 0.0 0.0 0.0 0.0 -7.0 45.0 0.0 0.0 8.0 10.0 3.0 2.0 0.0 0.0 0.0 0.0 5.0 39.0 7.0 4.0 4.0 11.0 0.0 0.0 2.0 12.0 1.0 1.0 4.0 12.0 0.0 0.0 0.0 0.0 0.0 0.0 -32.0 102.0 2.0 1.0 9.0 11.0 0.0 0.0 0.0 1.0 1.0 0.0 0.0 7.0 11.0 2.0 1.0 0.0 0.0 0.0 0.0 9.0 8.0 4.0 1.0 0.0 
25_1_023_44
0.0 0.0 0.0 0.0 6.0 9.0 8.0 2.0 0.0 0.0 0.0 1.0 31.0 10.0 0.0 0.0 0.0 0.0 1.0 40.0 41.0 0.0 0.0 0.0 0.0 0.0 4.0 16.0 19.0 31.0 3.0 0.0 0.0 0.0 0.0 0.0 4.0 2.0 13.0 17.0 0.0 0.0 2.0 6.0 23.0 8.0 1.0 0.0 0.0 0.0 0.0 49.0 34.0 4.0 3.0 7.0 0.0 5.0 19.0 23.0 14.0 32.0 43.0 32.0 3.0 5.0 23.0 0.0 0.0 0.0 4.0 9.0 0.0 4.0 8.0 1.0 1.0 12.0 21.0 14.0 2.0 2.0 8.0 51.0 60.0 2.0 0.0 0.0 23.0 21.0 33.0 30.0 20.0 5.0 1.0 -3.0 0.0 3.0 1.0 0.0 0.0 0.0 30.0 9.0 0.0 0.0 0.0 0.0 11.0 22.0 78.0 3.0 0.0 0.0 0.0 25.0 102.0 1.0 0.0 0.0 0.0 0.0 0.0 5.0 35.0 26.0 10.0 0.0 
25_1_023_45
0.0 0.0 0.0 0.0 0.0 3.0 24.0 15.0 0.0 0.0 0.0 7.0 33.0 5.0 0.0 0.0 0.0 0.0 0.0 43.0 39.0 1.0 0.0 0.0 0.0 0.0 26.0 31.0 1.0 0.0 0.0 0.0 0.0 5.0 3.0 0.0 0.0 2.0 33.0 12.0 0.0 4.0 10.0 10.0 22.0 5.0 0.0 3.0 0.0 0.0 7.0 98.0 13.0 0.0 4.0 0.0 0.0 0.0 0.0 12.0 33.0 89.0 34.0 0.0 1.0 18.0 14.0 0.0 0.0 11.0 16.0 0.0 0.0 5.0 2.0 17.0 18.0 30.0 27.0 13.0 6.0 5.0 35.0 57.0 26.0 0.0 1.0 5.0 18.0 33.0 97.0 19.0 0.0 3.0 -13.0 64.0 0.0 0.0 0.0 0.0 0.0 27.0 102.0 0.0 0.0 0.0 0.0 42.0 67.0 27.0 19.0 0.0 0.0 0.0 0.0 63.0 65.0 2.0 0.0 0.0 0.0 0.0 2.0 100.0 27.0 11.0 0.0 0.0 
25_1_023_46
1.0 0.0 0.0 0.0 0.0 0.0 0.0 15.0 0.0 0.0 7.0 73.0 5.0 0.0 0.0 0.0 0.0 3.0 16.0 2.0 1.0 4.0 4.0 1.0 2.0 2.0 1.0 1.0 4.0 2.0 -3.0 7.0 0.0 0.0 0.0 0.0 0.0 0.0 5.0 18.0 0.0 0.0 18.0 98.0 9.0 0.0 0.0 0.0 0.0 3.0 14.0 10.0 1.0 9.0 4.0 5.0 0.0 0.0 0.0 0.0 3.0 6.0 3.0 5.0 0.0 0.0 0.0 0.0 0.0 0.0 -1.0 30.0 0.0 0.0 7.0 102.0 27.0 0.0 0.0 0.0 0.0 0.0 0.0 5.0 2.0 8.0 23.0 8.0 0.0 0.0 1.0 4.0 1.0 1.0 0.0 0.0 0.0 0.0 0.0 0.0 0.0 0.0 -2.0 17.0 0.0 1.0 38.0 52.0 0.0 0.0 0.0 0.0 0.0 0.0 7.0 13.0 0.0 0.0 -4.0 20.0 2.0 6.0 7.0 0.0 0.0 0.0 0.0 0.0 
25_1_023_47
7.0 0.0 0.0 0.0 0.0 0.0 0.0 75.0 0.0 0.0 5.0 16.0 0.0 0.0 0.0 0.0 0.0 0.0 1.0 2.0 0.0 0.0 0.0 2.0 2.0 1.0 1.0 0.0 0.0 0.0 0.0 1.0 6.0 0.0 0.0 0.0 0.0 0.0 2.0 102.0 0.0 0.0 3.0 22.0 0.0 0.0 0.0 1.0 0.0 0.0 1.0 3.0 0.0 0.0 0.0 7.0 0.0 1.0 10.0 6.0 0.0 0.0 0.0 0.0 0.0 0.0 0.0 0.0 0.0 0.0 39.0 59.0 0.0 0.0 0.0 20.0 2.0 0.0 0.0 0.0 0.0 0.0 2.0 4.0 0.0 0.0 3.0 4.0 0.0 0.0 5.0 9.0 1.0 0.0 0.0 0.0 0.0 0.0 0.0 1.0 1.0 0.0 7.0 55.0 0.0 0.0 1.0 17.0 1.0 0.0 0.0 0.0 0.0 0.0 1.0 7.0 0.0 0.0 0.0 0.0 0.0 0.0 0.0 3.0 2.0 0.0 0.0 0.0 
25_1_023_48
0.0 0.0 1.0 3.0 0.0 0.0 0.0 2.0 0.0 0.0 1.0 26.0 21.0 2.0 0.0 0.0 0.0 0.0 0.0 12.0 3.0 0.0 0.0 0.0 0.0 0.0 0.0 0.0 0.0 0.0 1.0 5.0 0.0 0.0 8.0 52.0 0.0 0.0 0.0 0.0 0.0 0.0 13.0 102.0 16.0 0.0 0.0 0.0 0.0 0.0 5.0 27.0 0.0 0.0 0.0 0.0 0.0 0.0 0.0 0.0 0.0 0.0 1.0 9.0 0.0 4.0 22.0 29.0 19.0 2.0 0.0 0.0 2.0 16.0 32.0 58.0 2.0 0.0 0.0 0.0 0.0 0.0 2.0 17.0 0.0 0.0 1.0 1.0 0.0 0.0 0.0 0.0 0.0 0.0 5.0 7.0 0.0 0.0 0.0 48.0 42.0 4.0 0.0 0.0 0.0 0.0 0.0 47.0 53.0 0.0 0.0 0.0 0.0 0.0 0.0 7.0 7.0 1.0 5.0 0.0 0.0 0.0 0.0 0.0 0.0 0.0 7.0 2.0 
25_1_023_49
4.0 0.0 20.0 75.0 0.0 0.0 0.0 1.0 10.0 1.0 2.0 4.0 5.0 0.0 3.0 27.0 13.0 9.0 3.0 9.0 7.0 0.0 4.0 8.0 0.0 8.0 51.0 21.0 0.0 0.0 0.0 0.0 1.0 0.0 12.0 102.0 0.0 0.0 0.0 1.0 7.0 0.0 0.0 4.0 2.0 0.0 2.0 51.0 2.0 9.0 47.0 45.0 5.0 0.0 0.0 0.0 7.0 38.0 37.0 23.0 14.0 0.0 0.0 0.0 0.0 1.0 3.0 88.0 6.0 0.0 0.0 0.0 0.0 2.0 12.0 20.0 2.0 0.0 18.0 31.0 3.0 8.0 32.0 73.0 9.0 3.0 0.0 0.0 4.0 5.0 3.0 14.0 10.0 30.0 12.0 15.0 0.0 0.0 5.0 54.0 7.0 0.0 0.0 0.0 2.0 0.0 8.0 39.0 1.0 0.0 6.0 10.0 3.0 4.0 5.0 23.0 12.0 2.0 2.0 3.0 6.0 2.0 0.0 0.0 7.0 9.0 6.0 8.0 
25_1_023_50
0.0 0.0 0.0 0.0 0.0 0.0 0.0 13.0 0.0 0.0 14.0 38.0 0.0 0.0 0.0 0.0 0.0 0.0 3.0 9.0 1.0 1.0 0.0 1.0 0.0 0.0 1.0 0.0 0.0 1.0 11.0 5.0 0.0 0.0 0.0 0.0 0.0 0.0 2.0 14.0 0.0 0.0 19.0 67.0 1.0 0.0 0.0 0.0 32.0 5.0 1.0 0.0 0.0 5.0 3.0 3.0 0.0 1.0 0.0 0.0 0.0 3.0 4.0 11.0 0.0 0.0 0.0 0.0 0.0 0.0 -1.0 14.0 0.0 0.0 10.0 102.0 0.0 0.0 0.0 0.0 32.0 1.0 4.0 8.0 0.0 0.0 -10.0 22.0 8.0 0.0 0.0 0.0 0.0 0.0 -28.0 72.0 0.0 0.0 0.0 0.0 0.0 0.0 -1.0 8.0 0.0 0.0 5.0 74.0 2.0 0.0 0.0 0.0 0.0 0.0 0.0 6.0 4.0 3.0 4.0 0.0 3.0 0.0 0.0 0.0 2.0 4.0 -15.0 56.0 
25_1_023_51
0.0 0.0 0.0 0.0 0.0 0.0 50.0 102.0 1.0 0.0 7.0 22.0 0.0 0.0 0.0 3.0 0.0 0.0 4.0 9.0 0.0 0.0 2.0 13.0 0.0 1.0 5.0 8.0 1.0 0.0 0.0 0.0 0.0 0.0 0.0 1.0 4.0 2.0 47.0 38.0 0.0 0.0 7.0 36.0 0.0 0.0 0.0 0.0 0.0 0.0 2.0 5.0 1.0 0.0 10.0 9.0 0.0 2.0 15.0 19.0 0.0 0.0 0.0 0.0 0.0 0.0 4.0 25.0 2.0 0.0 19.0 31.0 0.0 0.0 9.0 25.0 1.0 0.0 0.0 0.0 0.0 0.0 6.0 14.0 0.0 0.0 4.0 4.0 1.0 1.0 5.0 11.0 3.0 0.0 0.0 0.0 0.0 0.0 6.0 32.0 0.0 0.0 3.0 13.0 0.0 0.0 8.0 10.0 0.0 0.0 0.0 0.0 0.0 0.0 4.0 7.0 0.0 0.0 0.0 0.0 0.0 0.0 1.0 6.0 10.0 0.0 0.0 0.0 
25_1_023_52
0.0 0.0 2.0 36.0 6.0 1.0 0.0 0.0 0.0 0.0 7.0 51.0 22.0 0.0 0.0 0.0 1.0 5.0 9.0 24.0 16.0 0.0 0.0 0.0 0.0 0.0 19.0 11.0 0.0 0.0 0.0 0.0 0.0 0.0 24.0 56.0 1.0 0.0 0.0 0.0 0.0 0.0 12.0 78.0 11.0 0.0 0.0 0.0 0.0 0.0 5.0 66.0 19.0 0.0 0.0 0.0 0.0 0.0 0.0 14.0 3.0 2.0 1.0 0.0 1.0 3.0 24.0 2.0 0.0 0.0 0.0 0.0 0.0 0.0 37.0 54.0 3.0 4.0 0.0 0.0 0.0 0.0 7.0 68.0 12.0 9.0 0.0 0.0 0.0 0.0 0.0 8.0 1.0 1.0 1.0 0.0 4.0 2.0 10.0 10.0 0.0 0.0 0.0 3.0 0.0 0.0 3.0 4.0 1.0 11.0 18.0 8.0 0.0 0.0 14.0 102.0 9.0 1.0 0.0 0.0 0.0 0.0 0.0 2.0 0.0 0.0 2.0 0.0 
25_1_023_53
0.0 0.0 0.0 0.0 0.0 0.0 66.0 84.0 14.0 24.0 0.0 0.0 5.0 13.0 17.0 8.0 7.0 4.0 0.0 5.0 7.0 0.0 -1.0 10.0 0.0 0.0 8.0 13.0 2.0 0.0 -2.0 4.0 0.0 0.0 0.0 0.0 0.0 13.0 102.0 56.0 10.0 0.0 8.0 9.0 4.0 11.0 6.0 -2.0 17.0 11.0 7.0 0.0 3.0 0.0 0.0 -2.0 -1.0 24.0 0.0 1.0 4.0 1.0 -2.0 5.0 1.0 3.0 1.0 0.0 3.0 1.0 29.0 37.0 -2.0 -2.0 19.0 18.0 4.0 2.0 3.0 0.0 0.0 0.0 0.0 2.0 13.0 14.0 22.0 1.0 0.0 0.0 0.0 1.0 13.0 15.0 1.0 0.0 1.0 2.0 0.0 0.0 5.0 13.0 8.0 14.0 -2.0 6.0 0.0 0.0 18.0 15.0 8.0 0.0 0.0 0.0 0.0 0.0 8.0 19.0 3.0 2.0 0.0 0.0 0.0 12.0 14.0 7.0 1.0 0.0 
25_1_023_54
3.0 0.0 6.0 5.0 0.0 0.0 6.0 38.0 30.0 11.0 7.0 20.0 3.0 0.0 3.0 3.0 1.0 37.0 102.0 14.0 0.0 0.0 0.0 1.0 20.0 9.0 31.0 14.0 2.0 16.0 3.0 26.0 2.0 1.0 10.0 22.0 3.0 0.0 14.0 49.0 5.0 26.0 72.0 61.0 2.0 0.0 0.0 1.0 27.0 72.0 51.0 49.0 14.0 0.0 0.0 0.0 11.0 37.0 19.0 3.0 0.0 7.0 28.0 15.0 0.0 3.0 52.0 38.0 0.0 0.0 9.0 7.0 8.0 28.0 33.0 64.0 22.0 12.0 11.0 2.0 0.0 1.0 7.0 30.0 40.0 57.0 36.0 21.0 0.0 11.0 23.0 23.0 24.0 3.0 54.0 20.0 0.0 0.0 21.0 62.0 9.0 0.0 0.0 0.0 9.0 6.0 1.0 7.0 24.0 4.0 7.0 4.0 7.0 1.0 7.0 9.0 9.0 16.0 15.0 15.0 2.0 23.0 4.0 0.0 13.0 46.0 5.0 0.0 
25_1_023_55
0.0 0.0 0.0 0.0 0.0 0.0 0.0 0.0 0.0 0.0 2.0 43.0 11.0 0.0 0.0 0.0 0.0 0.0 0.0 19.0 14.0 0.0 1.0 2.0 1.0 0.0 0.0 0.0 0.0 0.0 2.0 2.0 0.0 0.0 4.0 3.0 0.0 0.0 0.0 0.0 0.0 0.0 8.0 7.0 6.0 7.0 7.0 3.0 0.0 0.0 0.0 52.0 43.0 0.0 0.0 0.0 0.0 0.0 0.0 0.0 0.0 0.0 23.0 10.0 0.0 0.0 8.0 4.0 0.0 0.0 1.0 1.0 1.0 2.0 17.0 3.0 0.0 1.0 10.0 9.0 0.0 0.0 17.0 61.0 2.0 5.0 28.0 1.0 0.0 0.0 0.0 0.0 0.0 20.0 102.0 2.0 0.0 0.0 6.0 1.0 0.0 0.0 6.0 3.0 0.0 2.0 25.0 5.0 0.0 0.0 1.0 0.0 0.0 0.0 0.0 4.0 0.0 3.0 70.0 14.0 0.0 0.0 1.0 3.0 1.0 1.0 25.0 4.0 
25_1_023_56
0.0 0.0 0.0 0.0 0.0 0.0 12.0 41.0 0.0 0.0 0.0 15.0 31.0 3.0 8.0 7.0 0.0 0.0 0.0 0.0 0.0 2.0 -12.0 102.0 0.0 0.0 3.0 11.0 1.0 10.0 3.0 4.0 0.0 0.0 0.0 0.0 0.0 0.0 6.0 72.0 0.0 0.0 0.0 10.0 18.0 6.0 -5.0 32.0 0.0 0.0 0.0 7.0 34.0 0.0 -23.0 94.0 7.0 6.0 46.0 16.0 0.0 0.0 -8.0 21.0 0.0 0.0 0.0 0.0 0.0 0.0 24.0 39.0 0.0 0.0 0.0 0.0 0.0 0.0 -11.0 62.0 0.0 0.0 5.0 54.0 16.0 0.0 -8.0 19.0 9.0 8.0 35.0 7.0 0.0 0.0 0.0 -1.0 5.0 9.0 0.0 0.0 0.0 0.0 7.0 16.0 7.0 1.0 0.0 0.0 0.0 0.0 -9.0 43.0 0.0 0.0 0.0 16.0 37.0 8.0 3.0 4.0 0.0 0.0 0.0 19.0 12.0 0.0 0.0 0.0 
25_1_023_57
0.0 0.0 0.0 0.0 0.0 6.0 33.0 0.0 0.0 0.0 0.0 0.0 0.0 6.0 102.0 1.0 0.0 0.0 13.0 38.0 4.0 14.0 15.0 0.0 0.0 1.0 6.0 0.0 0.0 2.0 42.0 15.0 0.0 0.0 0.0 0.0 0.0 27.0 52.0 0.0 0.0 0.0 0.0 0.0 1.0 6.0 41.0 26.0 0.0 0.0 16.0 69.0 7.0 2.0 14.0 6.0 0.0 0.0 0.0 0.0 1.0 7.0 81.0 31.0 11.0 1.0 0.0 0.0 0.0 2.0 12.0 14.0 1.0 3.0 45.0 13.0 0.0 0.0 26.0 15.0 6.0 2.0 36.0 16.0 0.0 0.0 17.0 60.0 2.0 50.0 24.0 0.0 0.0 0.0 4.0 25.0 0.0 0.0 0.0 0.0 0.0 4.0 59.0 6.0 0.0 0.0 17.0 60.0 10.0 6.0 1.0 0.0 8.0 23.0 17.0 3.0 0.0 0.0 0.0 0.0 0.0 32.0 28.0 2.0 0.0 0.0 0.0 0.0 
25_1_023_58
0.0 0.0 3.0 5.0 0.0 0.0 0.0 0.0 0.0 2.0 14.0 4.0 0.0 0.0 0.0 0.0 1.0 19.0 51.0 1.0 0.0 0.0 0.0 0.0 6.0 22.0 7.0 0.0 0.0 0.0 0.0 1.0 0.0 0.0 3.0 6.0 0.0 0.0 0.0 0.0 0.0 2.0 56.0 71.0 0.0 0.0 0.0 0.0 17.0 32.0 18.0 0.0 0.0 0.0 0.0 1.0 13.0 10.0 7.0 0.0 0.0 0.0 2.0 21.0 0.0 0.0 4.0 9.0 0.0 0.0 0.0 0.0 0.0 0.0 11.0 102.0 22.0 0.0 0.0 0.0 2.0 6.0 3.0 13.0 7.0 1.0 0.0 3.0 0.0 0.0 0.0 0.0 0.0 0.0 54.0 61.0 0.0 0.0 16.0 11.0 0.0 0.0 0.0 0.0 0.0 0.0 5.0 23.0 15.0 1.0 0.0 1.0 0.0 0.0 0.0 27.0 37.0 3.0 16.0 8.0 0.0 0.0 0.0 0.0 0.0 0.0 74.0 46.0 
25_1_023_59
9.0 10.0 7.0 7.0 1.0 0.0 3.0 6.0 0.0 17.0 39.0 26.0 48.0 4.0 1.0 0.0 0.0 8.0 6.0 8.0 61.0 49.0 3.0 0.0 1.0 22.0 37.0 13.0 0.0 0.0 0.0 0.0 11.0 12.0 15.0 12.0 5.0 8.0 3.0 1.0 0.0 14.0 68.0 53.0 2.0 4.0 2.0 0.0 60.0 44.0 9.0 0.0 0.0 3.0 11.0 8.0 42.0 36.0 27.0 0.0 1.0 0.0 5.0 16.0 18.0 24.0 6.0 0.0 2.0 0.0 0.0 10.0 0.0 5.0 45.0 102.0 12.0 2.0 0.0 0.0 6.0 21.0 32.0 11.0 2.0 6.0 20.0 10.0 4.0 6.0 8.0 7.0 0.0 2.0 31.0 7.0 1.0 5.0 18.0 19.0 8.0 0.0 0.0 0.0 1.0 18.0 50.0 38.0 27.0 3.0 0.0 0.0 12.0 25.0 24.0 5.0 4.0 0.0 8.0 62.0 0.0 11.0 41.0 21.0 21.0 31.0 2.0 2.0 
25_1_023_60
1.0 11.0 30.0 13.0 0.0 0.0 2.0 8.0 1.0 16.0 13.0 4.0 15.0 6.0 0.0 0.0 0.0 6.0 12.0 9.0 9.0 10.0 1.0 1.0 4.0 0.0 0.0 0.0 0.0 0.0 25.0 69.0 0.0 0.0 7.0 65.0 16.0 0.0 0.0 0.0 0.0 2.0 41.0 54.0 21.0 1.0 0.0 0.0 9.0 18.0 19.0 0.0 0.0 0.0 19.0 36.0 22.0 0.0 0.0 0.0 0.0 0.0 5.0 71.0 7.0 30.0 15.0 2.0 4.0 1.0 0.0 0.0 0.0 2.0 51.0 102.0 5.0 0.0 0.0 0.0 33.0 48.0 0.0 0.0 0.0 0.0 44.0 27.0 41.0 4.0 0.0 0.0 0.0 0.0 0.0 25.0 1.0 5.0 20.0 17.0 8.0 7.0 0.0 0.0 0.0 0.0 29.0 21.0 4.0 26.0 17.0 1.0 8.0 4.0 0.0 0.0 7.0 89.0 13.0 6.0 7.0 0.0 0.0 0.0 0.0 5.0 23.0 33.0 
25_1_023_61
0.0 0.0 0.0 0.0 1.0 62.0 8.0 0.0 0.0 0.0 0.0 0.0 0.0 48.0 17.0 0.0 0.0 0.0 0.0 0.0 0.0 44.0 63.0 0.0 0.0 0.0 0.0 0.0 0.0 70.0 85.0 7.0 9.0 0.0 0.0 0.0 5.0 81.0 26.0 60.0 11.0 -2.0 13.0 26.0 81.0 102.0 7.0 -5.0 7.0 2.0 0.0 0.0 0.0 27.0 35.0 30.0 8.0 0.0 0.0 0.0 0.0 0.0 -27.0 93.0 35.0 0.0 0.0 0.0 0.0 3.0 -21.0 68.0 24.0 24.0 31.0 14.0 2.0 5.0 0.0 -13.0 0.0 0.0 0.0 0.0 0.0 5.0 50.0 17.0 0.0 0.0 0.0 0.0 0.0 11.0 64.0 1.0 0.0 0.0 0.0 0.0 0.0 20.0 21.0 0.0 0.0 1.0 0.0 0.0 3.0 32.0 17.0 3.0 11.0 0.0 1.0 0.0 0.0 15.0 34.0 10.0 19.0 0.0 0.0 0.0 0.0 2.0 25.0 9.0 
25_1_023_62
0.0 0.0 0.0 0.0 0.0 4.0 3.0 1.0 0.0 0.0 0.0 0.0 1.0 7.0 7.0 0.0 0.0 0.0 4.0 75.0 11.0 0.0 0.0 0.0 0.0 1.0 0.0 2.0 1.0 1.0 2.0 1.0 2.0 0.0 0.0 1.0 3.0 2.0 0.0 2.0 6.0 6.0 3.0 3.0 1.0 1.0 0.0 0.0 0.0 0.0 33.0 81.0 0.0 0.0 0.0 0.0 0.0 0.0 2.0 1.0 0.0 0.0 31.0 31.0 6.0 6.0 0.0 2.0 5.0 0.0 0.0 2.0 4.0 5.0 2.0 10.0 2.0 2.0 0.0 0.0 0.0 0.0 5.0 102.0 1.0 0.0 3.0 0.0 1.0 0.0 0.0 0.0 0.0 0.0 60.0 53.0 0.0 4.0 3.0 4.0 12.0 0.0 0.0 0.0 5.0 4.0 10.0 4.0 7.0 0.0 0.0 0.0 0.0 0.0 10.0 34.0 7.0 4.0 26.0 6.0 1.0 4.0 1.0 0.0 0.0 0.0 14.0 15.0 
25_1_023_63
-11.0 47.0 28.0 9.0 4.0 4.0 0.0 -4.0 20.0 19.0 18.0 0.0 0.0 3.0 3.0 -5.0 24.0 37.0 7.0 3.0 4.0 2.0 0.0 -14.0 18.0 38.0 0.0 1.0 0.0 0.0 -2.0 -3.0 -14.0 72.0 0.0 2.0 9.0 7.0 -23.0 71.0 -9.0 73.0 33.0 28.0 7.0 2.0 15.0 18.0 81.0 23.0 30.0 34.0 6.0 0.0 2.0 -17.0 14.0 -2.0 8.0 12.0 9.0 5.0 -2.0 32.0 4.0 -8.0 36.0 44.0 34.0 0.0 15.0 40.0 14.0 51.0 0.0 10.0 37.0 60.0 -26.0 85.0 36.0 38.0 22.0 41.0 20.0 0.0 14.0 19.0 96.0 36.0 8.0 0.0 0.0 0.0 4.0 -25.0 -27.0 102.0 30.0 21.0 7.0 1.0 1.0 0.0 12.0 36.0 10.0 21.0 20.0 36.0 -17.0 63.0 6.0 16.0 11.0 6.0 0.0 0.0 14.0 6.0 29.0 -4.0 31.0 40.0 0.0 0.0 0.0 -11.0 
25_1_023_64
0.0 0.0 0.0 2.0 17.0 22.0 5.0 0.0 0.0 0.0 4.0 26.0 58.0 19.0 22.0 0.0 0.0 22.0 8.0 3.0 11.0 6.0 2.0 0.0 5.0 12.0 20.0 17.0 22.0 20.0 40.0 6.0 5.0 10.0 7.0 5.0 13.0 7.0 14.0 10.0 8.0 24.0 50.0 37.0 39.0 28.0 102.0 14.0 50.0 12.0 4.0 55.0 39.0 30.0 56.0 6.0 53.0 18.0 8.0 60.0 31.0 6.0 11.0 22.0 3.0 0.0 1.0 1.0 27.0 25.0 5.0 6.0 4.0 20.0 21.0 27.0 29.0 24.0 9.0 1.0 19.0 6.0 15.0 24.0 67.0 84.0 52.0 7.0 5.0 8.0 25.0 1.0 3.0 28.0 55.0 62.0 6.0 5.0 0.0 3.0 13.0 3.0 5.0 2.0 7.0 4.0 3.0 7.0 16.0 25.0 6.0 5.0 10.0 3.0 8.0 15.0 14.0 7.0 6.0 16.0 0.0 12.0 44.0 51.0 31.0 26.0 10.0 0.0 
25_1_023_65
4.0 12.0 1.0 0.0 0.0 0.0 12.0 2.0 5.0 31.0 1.0 0.0 0.0 0.0 0.0 0.0 2.0 8.0 5.0 5.0 2.0 2.0 2.0 5.0 0.0 0.0 10.0 14.0 4.0 1.0 0.0 0.0 0.0 0.0 0.0 0.0 0.0 51.0 14.0 0.0 0.0 0.0 0.0 0.0 2.0 89.0 9.0 0.0 0.0 3.0 23.0 28.0 12.0 13.0 4.0 4.0 0.0 8.0 41.0 9.0 0.0 0.0 3.0 6.0 0.0 0.0 0.0 0.0 4.0 73.0 37.0 0.0 0.0 0.0 4.0 47.0 24.0 29.0 2.0 0.0 0.0 0.0 14.0 102.0 5.0 0.0 0.0 0.0 10.0 1.0 3.0 27.0 8.0 6.0 -1.0 12.0 10.0 23.0 13.0 3.0 13.0 11.0 12.0 0.0 0.0 1.0 50.0 73.0 15.0 0.0 0.0 0.0 0.0 0.0 18.0 46.0 12.0 4.0 0.0 0.0 0.0 0.0 11.0 23.0 11.0 11.0 1.0 0.0 
25_1_023_66
20.0 9.0 10.0 8.0 5.0 0.0 11.0 27.0 0.0 0.0 9.0 80.0 29.0 0.0 0.0 0.0 0.0 0.0 1.0 62.0 11.0 0.0 0.0 0.0 0.0 0.0 0.0 0.0 8.0 3.0 5.0 8.0 51.0 75.0 7.0 0.0 0.0 0.0 0.0 1.0 8.0 60.0 20.0 20.0 0.0 0.0 0.0 0.0 0.0 0.0 6.0 95.0 4.0 0.0 0.0 0.0 0.0 0.0 0.0 0.0 0.0 0.0 7.0 28.0 21.0 38.0 12.0 3.0 0.0 0.0 0.0 0.0 22.0 102.0 2.0 0.0 0.0 0.0 0.0 0.0 20.0 17.0 15.0 13.0 6.0 3.0 0.0 5.0 6.0 5.0 0.0 2.0 1.0 3.0 4.0 12.0 19.0 22.0 9.0 11.0 1.0 0.0 0.0 0.0 4.0 27.0 3.0 2.0 0.0 13.0 13.0 2.0 46.0 9.0 0.0 0.0 3.0 2.0 0.0 11.0 7.0 10.0 5.0 2.0 0.0 0.0 0.0 0.0 
25_1_023_67
26.0 1.0 0.0 6.0 9.0 2.0 -9.0 13.0 5.0 0.0 3.0 24.0 24.0 1.0 0.0 -2.0 8.0 0.0 3.0 2.0 0.0 0.0 -3.0 5.0 1.0 0.0 3.0 10.0 2.0 0.0 0.0 0.0 11.0 0.0 3.0 31.0 56.0 0.0 -9.0 26.0 43.0 0.0 8.0 28.0 10.0 8.0 -5.0 0.0 11.0 3.0 2.0 12.0 13.0 7.0 0.0 -3.0 7.0 1.0 1.0 8.0 3.0 0.0 0.0 3.0 4.0 0.0 0.0 18.0 102.0 0.0 0.0 -1.0 9.0 6.0 4.0 15.0 53.0 11.0 0.0 10.0 18.0 12.0 9.0 21.0 1.0 1.0 1.0 -8.0 0.0 0.0 8.0 10.0 0.0 1.0 1.0 5.0 20.0 3.0 0.0 1.0 1.0 0.0 0.0 -7.0 1.0 0.0 0.0 57.0 70.0 0.0 0.0 0.0 10.0 3.0 3.0 21.0 21.0 0.0 -1.0 36.0 0.0 0.0 0.0 16.0 14.0 0.0 0.0 0.0 
25_1_023_68
0.0 0.0 5.0 0.0 0.0 0.0 2.0 10.0 4.0 1.0 100.0 21.0 0.0 0.0 0.0 0.0 0.0 4.0 11.0 0.0 1.0 4.0 24.0 22.0 0.0 4.0 21.0 7.0 0.0 0.0 0.0 0.0 0.0 4.0 62.0 9.0 0.0 0.0 0.0 3.0 0.0 3.0 38.0 30.0 0.0 8.0 10.0 12.0 1.0 23.0 21.0 16.0 4.0 0.0 -1.0 21.0 1.0 4.0 11.0 0.0 0.0 1.0 1.0 8.0 2.0 12.0 102.0 3.0 0.0 0.0 3.0 0.0 6.0 18.0 9.0 0.0 0.0 0.0 -7.0 33.0 0.0 11.0 13.0 4.0 0.0 0.0 0.0 9.0 1.0 5.0 0.0 0.0 0.0 0.0 0.0 9.0 0.0 2.0 6.0 3.0 0.0 18.0 12.0 3.0 1.0 7.0 7.0 1.0 4.0 4.0 2.0 0.0 1.0 12.0 1.0 0.0 0.0 2.0 5.0 0.0 0.0 9.0 8.0 0.0 0.0 0.0 1.0 0.0 
25_1_023_69
6.0 6.0 4.0 0.0 0.0 0.0 7.0 46.0 2.0 0.0 0.0 0.0 0.0 0.0 6.0 67.0 0.0 0.0 1.0 55.0 6.0 0.0 0.0 0.0 2.0 0.0 0.0 0.0 0.0 5.0 6.0 8.0 0.0 0.0 0.0 0.0 0.0 0.0 32.0 100.0 0.0 0.0 0.0 1.0 1.0 0.0 15.0 31.0 0.0 0.0 4.0 57.0 1.0 0.0 0.0 0.0 0.0 0.0 0.0 2.0 0.0 3.0 8.0 3.0 0.0 0.0 0.0 0.0 1.0 4.0 33.0 102.0 0.0 0.0 1.0 12.0 1.0 2.0 13.0 9.0 0.0 0.0 7.0 37.0 5.0 3.0 1.0 0.0 0.0 1.0 0.0 0.0 0.0 5.0 17.0 7.0 2.0 0.0 0.0 3.0 11.0 1.0 14.0 86.0 0.0 0.0 0.0 20.0 0.0 0.0 1.0 8.0 0.0 0.0 0.0 15.0 8.0 1.0 1.0 0.0 0.0 0.0 3.0 7.0 3.0 1.0 6.0 2.0 
25_1_023_70
0.0 0.0 0.0 0.0 1.0 0.0 3.0 5.0 0.0 0.0 3.0 60.0 1.0 0.0 0.0 0.0 0.0 0.0 2.0 37.0 1.0 0.0 0.0 0.0 0.0 0.0 0.0 4.0 1.0 0.0 0.0 0.0 0.0 0.0 0.0 0.0 1.0 0.0 2.0 3.0 0.0 0.0 17.0 86.0 0.0 0.0 0.0 0.0 0.0 0.0 8.0 27.0 1.0 0.0 0.0 0.0 0.0 0.0 4.0 4.0 0.0 0.0 0.0 0.0 0.0 0.0 0.0 1.0 0.0 0.0 0.0 2.0 0.0 0.0 11.0 102.0 0.0 0.0 0.0 0.0 0.0 0.0 1.0 27.0 1.0 0.0 0.0 0.0 0.0 0.0 0.0 1.0 1.0 1.0 0.0 0.0 0.0 0.0 0.0 1.0 0.0 0.0 0.0 1.0 0.0 0.0 9.0 76.0 0.0 0.0 0.0 0.0 0.0 0.0 3.0 15.0 3.0 2.0 0.0 0.0 0.0 0.0 1.0 1.0 0.0 0.0 0.0 0.0 
25_1_023_71
0.0 0.0 0.0 0.0 0.0 0.0 0.0 12.0 1.0 0.0 0.0 0.0 1.0 0.0 -1.0 8.0 0.0 0.0 23.0 41.0 23.0 0.0 0.0 0.0 5.0 0.0 1.0 5.0 2.0 0.0 -7.0 30.0 0.0 0.0 0.0 0.0 0.0 0.0 -2.0 17.0 2.0 0.0 1.0 1.0 0.0 0.0 -3.0 14.0 0.0 0.0 28.0 88.0 1.0 2.0 0.0 4.0 8.0 0.0 2.0 2.0 1.0 0.0 9.0 25.0 1.0 0.0 0.0 0.0 0.0 0.0 -5.0 18.0 2.0 0.0 2.0 9.0 0.0 0.0 -4.0 15.0 0.0 2.0 6.0 102.0 6.0 1.0 0.0 0.0 9.0 0.0 8.0 4.0 4.0 1.0 0.0 31.0 0.0 0.0 0.0 0.0 0.0 0.0 -7.0 21.0 0.0 1.0 2.0 4.0 0.0 0.0 -3.0 12.0 0.0 0.0 19.0 48.0 12.0 0.0 0.0 0.0 7.0 2.0 11.0 1.0 0.0 0.0 -8.0 19.0 
25_1_023_72
22.0 0.0 0.0 0.0 7.0 15.0 28.0 5.0 12.0 15.0 6.0 11.0 7.0 0.0 -44.0 97.0 14.0 18.0 8.0 5.0 0.0 0.0 -1.0 29.0 0.0 0.0 0.0 1.0 0.0 0.0 16.0 17.0 0.0 1.0 0.0 0.0 7.0 8.0 14.0 27.0 0.0 0.0 18.0 72.0 49.0 3.0 0.0 4.0 63.0 0.0 0.0 0.0 0.0 0.0 -44.0 102.0 94.0 6.0 1.0 0.0 0.0 0.0 -8.0 -8.0 0.0 2.0 6.0 6.0 0.0 1.0 6.0 20.0 0.0 0.0 70.0 98.0 0.0 0.0 0.0 0.0 21.0 0.0 0.0 0.0 12.0 18.0 39.0 25.0 91.0 6.0 0.0 7.0 29.0 4.0 -3.0 -12.0 0.0 5.0 0.0 18.0 1.0 0.0 0.0 4.0 0.0 0.0 0.0 28.0 30.0 53.0 1.0 0.0 0.0 0.0 0.0 0.0 4.0 19.0 36.0 26.0 0.0 0.0 0.0 10.0 46.0 10.0 1.0 0.0 
25_1_023_73
0.0 7.0 62.0 24.0 0.0 0.0 0.0 0.0 1.0 14.0 40.0 7.0 2.0 4.0 3.0 0.0 0.0 0.0 49.0 97.0 14.0 0.0 0.0 0.0 1.0 16.0 12.0 20.0 6.0 14.0 46.0 0.0 0.0 13.0 13.0 4.0 5.0 39.0 21.0 0.0 1.0 29.0 34.0 2.0 2.0 42.0 22.0 0.0 0.0 4.0 15.0 86.0 21.0 14.0 0.0 7.0 0.0 0.0 0.0 0.0 1.0 22.0 102.0 57.0 0.0 4.0 12.0 5.0 3.0 8.0 7.0 1.0 0.0 5.0 19.0 19.0 1.0 15.0 13.0 1.0 0.0 0.0 13.0 81.0 34.0 17.0 13.0 0.0 42.0 52.0 2.0 0.0 0.0 0.0 5.0 37.0 0.0 7.0 4.0 0.0 10.0 6.0 0.0 0.0 0.0 5.0 2.0 2.0 21.0 7.0 0.0 0.0 0.0 0.0 0.0 54.0 55.0 10.0 0.0 0.0 5.0 49.0 15.0 52.0 18.0 9.0 14.0 0.0 
25_1_023_74
1.0 0.0 1.0 102.0 16.0 0.0 0.0 0.0 15.0 0.0 0.0 0.0 0.0 1.0 12.0 52.0 2.0 6.0 28.0 63.0 19.0 0.0 0.0 0.0 17.0 27.0 9.0 20.0 10.0 2.0 0.0 7.0 2.0 0.0 0.0 98.0 25.0 0.0 0.0 4.0 4.0 0.0 1.0 2.0 5.0 1.0 7.0 69.0 2.0 7.0 21.0 82.0 17.0 0.0 0.0 0.0 5.0 6.0 4.0 27.0 34.0 19.0 14.0 7.0 0.0 1.0 4.0 75.0 15.0 0.0 0.0 0.0 9.0 3.0 0.0 8.0 15.0 0.0 13.0 29.0 0.0 0.0 11.0 75.0 38.0 0.0 0.0 0.0 9.0 8.0 1.0 12.0 20.0 9.0 7.0 13.0 0.0 0.0 6.0 52.0 4.0 0.0 0.0 0.0 3.0 4.0 1.0 21.0 5.0 0.0 2.0 2.0 3.0 2.0 14.0 17.0 12.0 0.0 0.0 0.0 0.0 0.0 3.0 17.0 41.0 10.0 2.0 2.0 
25_1_023_75
4.0 0.0 8.0 99.0 0.0 0.0 0.0 1.0 5.0 0.0 1.0 19.0 4.0 0.0 25.0 37.0 7.0 5.0 27.0 41.0 7.0 3.0 2.0 14.0 6.0 15.0 12.0 24.0 19.0 1.0 0.0 7.0 0.0 0.0 3.0 102.0 3.0 0.0 1.0 4.0 0.0 0.0 0.0 21.0 3.0 0.0 16.0 74.0 2.0 16.0 33.0 79.0 7.0 0.0 0.0 0.0 8.0 16.0 18.0 52.0 38.0 10.0 14.0 2.0 0.0 0.0 16.0 77.0 3.0 0.0 0.0 0.0 9.0 3.0 2.0 8.0 6.0 0.0 15.0 23.0 0.0 0.0 19.0 93.0 24.0 0.0 0.0 0.0 14.0 2.0 1.0 12.0 9.0 7.0 9.0 15.0 0.0 0.0 19.0 43.0 0.0 0.0 0.0 0.0 2.0 3.0 5.0 9.0 3.0 0.0 3.0 0.0 1.0 3.0 14.0 14.0 18.0 1.0 1.0 1.0 0.0 14.0 5.0 22.0 35.0 11.0 0.0 0.0 
25_1_023_76
22.0 1.0 0.0 1.0 0.0 0.0 -13.0 42.0 4.0 0.0 0.0 0.0 1.0 1.0 4.0 21.0 0.0 0.0 2.0 0.0 2.0 3.0 -1.0 18.0 0.0 0.0 0.0 0.0 0.0 0.0 3.0 40.0 15.0 2.0 3.0 9.0 7.0 4.0 -3.0 15.0 0.0 0.0 0.0 0.0 0.0 0.0 -16.0 102.0 2.0 0.0 11.0 18.0 6.0 2.0 -6.0 19.0 0.0 0.0 0.0 0.0 0.0 1.0 -5.0 71.0 27.0 0.0 9.0 5.0 3.0 4.0 -7.0 44.0 0.0 0.0 0.0 0.0 2.0 6.0 10.0 73.0 5.0 0.0 4.0 48.0 1.0 0.0 -1.0 4.0 0.0 0.0 0.0 3.0 1.0 0.0 -13.0 97.0 5.0 0.0 0.0 3.0 9.0 18.0 0.0 18.0 0.0 1.0 0.0 0.0 3.0 3.0 7.0 68.0 2.0 0.0 10.0 34.0 9.0 0.0 0.0 0.0 0.0 0.0 0.0 0.0 1.0 0.0 -8.0 92.0 
25_1_023_77
1.0 0.0 0.0 5.0 7.0 0.0 0.0 4.0 0.0 2.0 5.0 11.0 1.0 0.0 0.0 0.0 0.0 0.0 1.0 1.0 2.0 0.0 -2.0 15.0 0.0 0.0 0.0 2.0 0.0 0.0 1.0 76.0 0.0 0.0 0.0 36.0 43.0 0.0 0.0 0.0 0.0 3.0 0.0 0.0 0.0 1.0 1.0 3.0 3.0 1.0 1.0 9.0 3.0 0.0 0.0 6.0 0.0 0.0 1.0 2.0 0.0 0.0 -3.0 98.0 0.0 0.0 0.0 37.0 74.0 1.0 0.0 0.0 1.0 4.0 0.0 8.0 13.0 0.0 0.0 2.0 1.0 0.0 5.0 15.0 0.0 0.0 -1.0 5.0 0.0 0.0 0.0 0.0 0.0 0.0 -1.0 102.0 0.0 0.0 7.0 19.0 15.0 0.0 0.0 0.0 0.0 0.0 0.0 44.0 46.0 0.0 0.0 0.0 0.0 0.0 1.0 2.0 1.0 3.0 2.0 1.0 0.0 0.0 0.0 0.0 0.0 0.0 1.0 84.0 
25_1_023_78
5.0 47.0 11.0 0.0 0.0 0.0 0.0 0.0 3.0 21.0 28.0 4.0 0.0 0.0 0.0 0.0 0.0 32.0 14.0 0.0 0.0 0.0 0.0 0.0 7.0 14.0 4.0 0.0 0.0 0.0 1.0 3.0 10.0 45.0 4.0 5.0 6.0 0.0 0.0 0.0 66.0 22.0 2.0 2.0 0.0 0.0 0.0 6.0 0.0 40.0 44.0 62.0 0.0 0.0 0.0 0.0 29.0 21.0 0.0 0.0 0.0 0.0 14.0 66.0 0.0 0.0 1.0 28.0 39.0 8.0 1.0 0.0 50.0 26.0 4.0 0.0 14.0 49.0 4.0 2.0 3.0 5.0 39.0 20.0 19.0 16.0 1.0 7.0 16.0 0.0 0.0 0.0 0.0 0.0 19.0 102.0 0.0 0.0 0.0 0.0 3.0 15.0 26.0 1.0 0.0 0.0 0.0 0.0 27.0 66.0 3.0 0.0 0.0 0.0 0.0 14.0 61.0 17.0 0.0 0.0 30.0 5.0 0.0 2.0 10.0 6.0 5.0 14.0 
25_1_023_79
0.0 0.0 0.0 11.0 4.0 0.0 0.0 0.0 0.0 1.0 1.0 16.0 9.0 0.0 0.0 1.0 6.0 15.0 31.0 12.0 0.0 0.0 0.0 1.0 5.0 0.0 3.0 5.0 5.0 0.0 0.0 16.0 0.0 0.0 0.0 7.0 1.0 0.0 0.0 0.0 0.0 0.0 30.0 62.0 4.0 0.0 0.0 0.0 7.0 11.0 22.0 19.0 1.0 0.0 0.0 2.0 36.0 22.0 3.0 1.0 0.0 0.0 0.0 7.0 0.0 0.0 0.0 4.0 5.0 0.0 0.0 0.0 0.0 3.0 36.0 102.0 0.0 0.0 0.0 0.0 6.0 25.0 17.0 18.0 0.0 0.0 3.0 6.0 18.0 0.0 2.0 14.0 0.0 0.0 0.0 8.0 0.0 0.0 0.0 3.0 3.0 0.0 0.0 0.0 0.0 0.0 0.0 34.0 90.0 0.0 0.0 0.0 7.0 4.0 6.0 7.0 45.0 12.0 3.0 3.0 1.0 2.0 3.0 5.0 4.0 0.0 0.0 0.0 
25_1_023_80
0.0 1.0 1.0 3.0 3.0 2.0 5.0 40.0 8.0 2.0 5.0 28.0 38.0 6.0 0.0 1.0 44.0 26.0 18.0 4.0 33.0 40.0 4.0 -20.0 47.0 0.0 0.0 0.0 0.0 1.0 -13.0 54.0 0.0 0.0 8.0 3.0 6.0 12.0 -4.0 31.0 10.0 9.0 8.0 24.0 8.0 1.0 1.0 -1.0 63.0 11.0 15.0 14.0 12.0 15.0 2.0 -19.0 22.0 1.0 12.0 20.0 10.0 10.0 -1.0 8.0 14.0 28.0 44.0 14.0 12.0 13.0 0.0 -6.0 35.0 32.0 22.0 0.0 0.0 24.0 25.0 43.0 11.0 4.0 17.0 35.0 29.0 6.0 10.0 0.0 33.0 21.0 20.0 20.0 10.0 0.0 -2.0 56.0 102.0 38.0 0.0 0.0 2.0 16.0 -7.0 3.0 16.0 4.0 16.0 60.0 4.0 3.0 -4.0 46.0 20.0 73.0 20.0 23.0 2.0 4.0 -13.0 65.0 0.0 1.0 0.0 6.0 20.0 24.0 4.0 29.0 
25_1_023_81
27.0 0.0 2.0 8.0 3.0 1.0 -3.0 6.0 0.0 5.0 6.0 9.0 1.0 1.0 8.0 4.0 0.0 0.0 15.0 9.0 0.0 0.0 3.0 41.0 3.0 0.0 0.0 0.0 0.0 0.0 4.0 34.0 5.0 5.0 0.0 17.0 4.0 1.0 18.0 59.0 0.0 0.0 0.0 26.0 25.0 1.0 0.0 0.0 27.0 18.0 7.0 59.0 9.0 2.0 -11.0 11.0 102.0 0.0 0.0 0.0 0.0 0.0 -13.0 76.0 11.0 0.0 0.0 25.0 44.0 6.0 -9.0 46.0 15.0 15.0 34.0 14.0 0.0 0.0 0.0 -8.0 0.0 3.0 9.0 25.0 14.0 16.0 4.0 1.0 0.0 0.0 0.0 0.0 0.0 5.0 53.0 60.0 0.0 2.0 1.0 61.0 53.0 0.0 0.0 0.0 -1.0 24.0 5.0 11.0 3.0 0.0 -1.0 14.0 1.0 5.0 5.0 13.0 2.0 0.0 -2.0 20.0 0.0 0.0 0.0 0.0 0.0 0.0 -19.0 86.0 
25_1_023_82
0.0 27.0 11.0 0.0 0.0 0.0 0.0 0.0 0.0 12.0 17.0 1.0 0.0 0.0 3.0 1.0 0.0 14.0 49.0 3.0 0.0 0.0 0.0 0.0 4.0 22.0 14.0 7.0 2.0 0.0 0.0 0.0 1.0 27.0 8.0 3.0 1.0 19.0 4.0 3.0 15.0 10.0 5.0 4.0 7.0 4.0 5.0 15.0 3.0 8.0 29.0 41.0 33.0 7.0 0.0 1.0 15.0 8.0 5.0 0.0 14.0 24.0 6.0 5.0 6.0 5.0 0.0 0.0 6.0 18.0 36.0 24.0 6.0 0.0 4.0 11.0 51.0 18.0 8.0 23.0 0.0 2.0 14.0 102.0 22.0 4.0 0.0 0.0 7.0 0.0 0.0 0.0 3.0 6.0 64.0 65.0 33.0 61.0 12.0 1.0 2.0 0.0 0.0 4.0 24.0 34.0 9.0 4.0 0.0 0.0 0.0 11.0 3.0 13.0 20.0 17.0 33.0 19.0 4.0 0.0 18.0 63.0 10.0 2.0 0.0 0.0 13.0 10.0 
25_1_023_83
1.0 15.0 21.0 0.0 0.0 2.0 2.0 1.0 0.0 0.0 68.0 73.0 9.0 0.0 0.0 0.0 0.0 11.0 14.0 56.0 12.0 9.0 41.0 1.0 9.0 2.0 0.0 0.0 0.0 67.0 55.0 7.0 1.0 32.0 19.0 2.0 0.0 26.0 18.0 0.0 0.0 0.0 24.0 81.0 27.0 20.0 1.0 0.0 5.0 0.0 0.0 3.0 6.0 15.0 102.0 76.0 0.0 0.0 17.0 5.0 0.0 29.0 27.0 0.0 0.0 4.0 10.0 1.0 0.0 16.0 10.0 0.0 0.0 0.0 18.0 86.0 39.0 12.0 0.0 0.0 51.0 29.0 5.0 3.0 0.0 5.0 26.0 44.0 0.0 62.0 49.0 4.0 0.0 0.0 0.0 0.0 0.0 3.0 2.0 1.0 15.0 4.0 0.0 0.0 0.0 0.0 0.0 18.0 52.0 11.0 0.0 0.0 7.0 47.0 16.0 90.0 34.0 6.0 1.0 0.0 3.0 67.0 7.0 0.0 5.0 29.0 22.0 2.0 
25_1_023_84
4.0 9.0 25.0 1.0 0.0 8.0 4.0 -2.0 3.0 0.0 0.0 0.0 0.0 3.0 -33.0 102.0 28.0 0.0 0.0 0.0 0.0 0.0 -1.0 -5.0 10.0 0.0 0.0 0.0 0.0 0.0 1.0 -3.0 0.0 0.0 0.0 0.0 0.0 37.0 24.0 0.0 1.0 2.0 8.0 10.0 14.0 15.0 4.0 4.0 17.0 0.0 0.0 0.0 0.0 0.0 -10.0 55.0 0.0 8.0 16.0 0.0 0.0 1.0 1.0 0.0 2.0 1.0 1.0 0.0 0.0 0.0 11.0 7.0 0.0 3.0 25.0 45.0 7.0 0.0 0.0 0.0 5.0 4.0 2.0 0.0 0.0 0.0 -7.0 49.0 0.0 1.0 3.0 0.0 0.0 9.0 18.0 6.0 0.0 14.0 35.0 2.0 0.0 0.0 0.0 0.0 4.0 3.0 41.0 4.0 0.0 1.0 1.0 7.0 0.0 0.0 0.0 0.0 0.0 0.0 -8.0 69.0 1.0 2.0 0.0 0.0 0.0 0.0 2.0 15.0 
25_1_023_85
0.0 0.0 0.0 16.0 14.0 17.0 4.0 0.0 0.0 1.0 13.0 23.0 5.0 0.0 0.0 0.0 0.0 4.0 22.0 14.0 0.0 0.0 0.0 0.0 15.0 27.0 3.0 0.0 0.0 1.0 2.0 5.0 0.0 0.0 4.0 30.0 5.0 0.0 0.0 0.0 0.0 0.0 9.0 61.0 11.0 0.0 0.0 0.0 0.0 0.0 50.0 47.0 1.0 0.0 0.0 0.0 45.0 22.0 50.0 39.0 0.0 0.0 0.0 2.0 0.0 1.0 7.0 18.0 1.0 0.0 0.0 0.0 0.0 1.0 24.0 65.0 6.0 0.0 0.0 0.0 0.0 33.0 24.0 14.0 45.0 4.0 0.0 0.0 0.0 9.0 22.0 16.0 99.0 9.0 0.0 0.0 0.0 9.0 29.0 7.0 0.0 0.0 0.0 0.0 0.0 10.0 102.0 37.0 0.0 0.0 0.0 0.0 0.0 25.0 48.0 8.0 6.0 4.0 0.0 0.0 2.0 25.0 24.0 2.0 5.0 10.0 42.0 12.0 
25_1_023_86
6.0 0.0 0.0 0.0 0.0 0.0 0.0 13.0 0.0 0.0 2.0 88.0 6.0 0.0 0.0 0.0 0.0 0.0 2.0 20.0 6.0 0.0 1.0 2.0 24.0 3.0 0.0 0.0 1.0 0.0 1.0 14.0 4.0 2.0 3.0 0.0 0.0 0.0 1.0 19.0 0.0 0.0 19.0 99.0 0.0 0.0 0.0 0.0 1.0 1.0 8.0 22.0 4.0 7.0 8.0 1.0 5.0 0.0 0.0 1.0 0.0 2.0 6.0 12.0 14.0 3.0 7.0 0.0 0.0 0.0 0.0 9.0 2.0 3.0 16.0 102.0 0.0 0.0 0.0 0.0 8.0 0.0 7.0 6.0 0.0 0.0 4.0 20.0 4.0 3.0 1.0 12.0 13.0 4.0 4.0 2.0 14.0 1.0 2.0 0.0 0.0 0.0 0.0 16.0 1.0 0.0 7.0 85.0 0.0 0.0 0.0 0.0 10.0 0.0 1.0 8.0 0.0 0.0 2.0 29.0 0.0 2.0 10.0 12.0 4.0 0.0 1.0 0.0 
25_1_023_87
0.0 0.0 9.0 20.0 15.0 4.0 9.0 5.0 0.0 2.0 6.0 22.0 18.0 14.0 20.0 6.0 0.0 2.0 11.0 23.0 13.0 23.0 25.0 4.0 9.0 3.0 3.0 3.0 0.0 7.0 51.0 26.0 1.0 0.0 16.0 32.0 7.0 4.0 9.0 10.0 13.0 7.0 7.0 10.0 5.0 13.0 66.0 18.0 0.0 12.0 89.0 22.0 8.0 40.0 73.0 0.0 14.0 4.0 34.0 85.0 27.0 13.0 0.0 0.0 0.0 0.0 1.0 53.0 34.0 11.0 4.0 0.0 44.0 0.0 3.0 0.0 18.0 18.0 30.0 38.0 2.0 1.0 15.0 102.0 79.0 1.0 0.0 6.0 0.0 0.0 0.0 6.0 44.0 73.0 38.0 0.0 0.0 0.0 3.0 46.0 18.0 13.0 11.0 2.0 4.0 11.0 8.0 9.0 9.0 26.0 12.0 8.0 0.0 1.0 4.0 3.0 17.0 16.0 2.0 3.0 0.0 0.0 6.0 10.0 7.0 9.0 29.0 3.0 
25_1_023_88
0.0 0.0 0.0 0.0 0.0 2.0 22.0 72.0 0.0 0.0 0.0 6.0 4.0 2.0 18.0 33.0 0.0 0.0 2.0 11.0 1.0 0.0 0.0 0.0 0.0 0.0 1.0 15.0 0.0 0.0 2.0 2.0 0.0 0.0 0.0 0.0 0.0 1.0 46.0 85.0 0.0 0.0 4.0 29.0 0.0 1.0 10.0 23.0 0.0 0.0 8.0 13.0 0.0 0.0 0.0 0.0 1.0 0.0 1.0 7.0 0.0 0.0 1.0 1.0 0.0 0.0 0.0 0.0 0.0 0.0 23.0 102.0 0.0 0.0 6.0 43.0 0.0 0.0 1.0 16.0 0.0 0.0 10.0 11.0 0.0 0.0 0.0 0.0 0.0 0.0 1.0 2.0 0.0 0.0 1.0 0.0 0.0 0.0 0.0 0.0 0.0 0.0 32.0 75.0 0.0 0.0 5.0 31.0 0.0 0.0 0.0 0.0 0.0 0.0 8.0 7.0 0.0 0.0 0.0 0.0 0.0 0.0 0.0 1.0 1.0 0.0 1.0 0.0 
25_1_023_89
11.0 0.0 0.0 0.0 1.0 2.0 42.0 32.0 0.0 0.0 2.0 55.0 10.0 11.0 23.0 0.0 0.0 0.0 0.0 71.0 21.0 0.0 0.0 0.0 0.0 0.0 0.0 61.0 4.0 0.0 0.0 0.0 54.0 15.0 0.0 0.0 0.0 0.0 0.0 79.0 1.0 52.0 33.0 34.0 0.0 0.0 0.0 0.0 0.0 0.0 28.0 102.0 0.0 0.0 0.0 0.0 0.0 0.0 13.0 59.0 1.0 0.0 0.0 0.0 84.0 26.0 0.0 0.0 0.0 0.0 0.0 5.0 36.0 61.0 0.0 0.0 0.0 0.0 0.0 0.0 0.0 0.0 55.0 66.0 0.0 0.0 0.0 0.0 0.0 0.0 25.0 22.0 0.0 0.0 0.0 0.0 49.0 5.0 0.0 0.0 0.0 0.0 0.0 2.0 64.0 21.0 0.0 0.0 0.0 0.0 0.0 2.0 0.0 7.0 39.0 37.0 0.0 0.0 0.0 0.0 0.0 0.0 13.0 6.0 0.0 0.0 9.0 2.0 
25_1_023_90
0.0 0.0 13.0 44.0 8.0 0.0 0.0 0.0 0.0 0.0 18.0 54.0 15.0 0.0 0.0 0.0 0.0 0.0 1.0 45.0 22.0 0.0 0.0 0.0 0.0 0.0 0.0 2.0 1.0 2.0 1.0 0.0 0.0 0.0 11.0 68.0 5.0 0.0 0.0 0.0 0.0 0.0 7.0 45.0 7.0 4.0 7.0 0.0 0.0 0.0 1.0 99.0 12.0 0.0 0.0 0.0 0.0 0.0 0.0 0.0 1.0 5.0 1.0 0.0 0.0 0.0 52.0 31.0 2.0 4.0 0.0 0.0 0.0 0.0 5.0 25.0 17.0 32.0 18.0 1.0 0.0 0.0 15.0 102.0 3.0 0.0 0.0 0.0 0.0 0.0 0.0 0.0 0.0 0.0 2.0 0.0 0.0 0.0 3.0 6.0 0.0 4.0 12.0 14.0 0.0 0.0 11.0 74.0 9.0 8.0 15.0 1.0 0.0 0.0 8.0 81.0 0.0 0.0 0.0 0.0 0.0 0.0 0.0 0.0 0.0 0.0 3.0 1.0 
25_1_023_91
0.0 0.0 0.0 3.0 9.0 25.0 12.0 0.0 1.0 13.0 3.0 12.0 8.0 0.0 0.0 4.0 5.0 4.0 3.0 1.0 6.0 11.0 3.0 3.0 0.0 0.0 0.0 2.0 16.0 24.0 5.0 0.0 0.0 0.0 15.0 22.0 10.0 0.0 0.0 0.0 0.0 2.0 19.0 31.0 7.0 0.0 0.0 0.0 16.0 102.0 62.0 44.0 0.0 0.0 0.0 0.0 87.0 88.0 0.0 0.0 0.0 0.0 -2.0 5.0 0.0 0.0 0.0 20.0 43.0 0.0 0.0 0.0 0.0 0.0 10.0 64.0 16.0 0.0 0.0 0.0 0.0 0.0 6.0 89.0 69.0 58.0 0.0 0.0 10.0 39.0 3.0 1.0 41.0 23.0 12.0 6.0 0.0 0.0 0.0 26.0 19.0 0.0 0.0 0.0 0.0 0.0 27.0 32.0 29.0 2.0 0.0 0.0 0.0 23.0 76.0 2.0 16.0 8.0 0.0 0.0 0.0 3.0 42.0 20.0 7.0 0.0 13.0 42.0 
25_1_023_92
13.0 8.0 9.0 13.0 3.0 1.0 7.0 -6.0 12.0 7.0 8.0 6.0 11.0 10.0 -1.0 -2.0 27.0 0.0 0.0 1.0 8.0 2.0 -13.0 19.0 28.0 0.0 0.0 0.0 0.0 0.0 -13.0 20.0 0.0 1.0 3.0 22.0 26.0 41.0 12.0 0.0 3.0 0.0 0.0 1.0 12.0 23.0 21.0 24.0 -3.0 8.0 0.0 7.0 41.0 24.0 0.0 0.0 7.0 0.0 5.0 4.0 5.0 5.0 -2.0 10.0 -12.0 102.0 12.0 8.0 0.0 0.0 2.0 4.0 12.0 10.0 10.0 0.0 0.0 3.0 1.0 47.0 -6.0 21.0 6.0 29.0 23.0 0.0 0.0 0.0 -5.0 14.0 1.0 2.0 4.0 16.0 25.0 5.0 1.0 22.0 2.0 14.0 5.0 2.0 0.0 4.0 67.0 52.0 20.0 4.0 2.0 3.0 7.0 11.0 -22.0 98.0 20.0 12.0 0.0 0.0 0.0 -8.0 62.0 0.0 0.0 0.0 0.0 0.0 -10.0 42.0 
25_1_023_93
27.0 75.0 18.0 4.0 4.0 0.0 2.0 10.0 4.0 19.0 13.0 39.0 52.0 44.0 25.0 5.0 0.0 0.0 21.0 52.0 36.0 65.0 45.0 4.0 1.0 13.0 51.0 8.0 3.0 38.0 27.0 13.0 11.0 6.0 1.0 3.0 12.0 12.0 8.0 12.0 17.0 0.0 0.0 0.0 5.0 20.0 58.0 58.0 1.0 29.0 23.0 25.0 44.0 18.0 6.0 0.0 0.0 9.0 36.0 33.0 35.0 55.0 14.0 13.0 24.0 5.0 0.0 32.0 22.0 1.0 0.0 1.0 100.0 19.0 1.0 0.0 0.0 0.0 0.0 38.0 53.0 36.0 46.0 18.0 7.0 16.0 22.0 14.0 21.0 43.0 0.0 6.0 37.0 102.0 17.0 6.0 0.0 0.0 0.0 19.0 60.0 13.0 0.0 0.0 28.0 3.0 0.0 2.0 20.0 18.0 15.0 15.0 19.0 20.0 2.0 16.0 26.0 33.0 9.0 4.0 16.0 8.0 0.0 0.0 2.0 4.0 34.0 58.0 
25_1_023_94
0.0 0.0 0.0 0.0 0.0 0.0 12.0 44.0 9.0 0.0 0.0 0.0 1.0 1.0 0.0 30.0 0.0 0.0 0.0 35.0 42.0 5.0 2.0 0.0 0.0 0.0 0.0 0.0 0.0 0.0 -25.0 102.0 0.0 0.0 0.0 0.0 1.0 1.0 26.0 11.0 1.0 0.0 0.0 0.0 0.0 1.0 4.0 65.0 0.0 1.0 30.0 70.0 9.0 1.0 0.0 0.0 18.0 10.0 2.0 0.0 2.0 0.0 -9.0 30.0 10.0 15.0 1.0 1.0 0.0 0.0 4.0 2.0 0.0 0.0 1.0 0.0 0.0 0.0 -14.0 74.0 0.0 0.0 4.0 26.0 40.0 13.0 3.0 0.0 0.0 0.0 7.0 28.0 12.0 0.0 0.0 0.0 1.0 7.0 0.0 0.0 0.0 0.0 -9.0 34.0 0.0 0.0 0.0 0.0 0.0 0.0 14.0 55.0 0.0 0.0 0.0 17.0 7.0 4.0 5.0 6.0 0.0 0.0 0.0 55.0 16.0 0.0 0.0 0.0 
25_1_023_95
6.0 9.0 11.0 0.0 4.0 14.0 8.0 3.0 2.0 4.0 2.0 11.0 20.0 10.0 7.0 5.0 0.0 0.0 14.0 18.0 7.0 78.0 16.0 0.0 1.0 1.0 3.0 13.0 12.0 15.0 12.0 3.0 0.0 0.0 9.0 14.0 10.0 25.0 21.0 5.0 0.0 16.0 57.0 38.0 7.0 19.0 21.0 4.0 63.0 54.0 1.0 1.0 4.0 24.0 6.0 22.0 57.0 39.0 14.0 0.0 0.0 15.0 9.0 30.0 9.0 18.0 8.0 0.0 3.0 4.0 3.0 2.0 0.0 8.0 7.0 66.0 82.0 4.0 0.0 0.0 0.0 0.0 0.0 0.0 0.0 36.0 102.0 33.0 0.0 0.0 0.0 0.0 0.0 31.0 70.0 16.0 0.0 0.0 0.0 1.0 9.0 6.0 18.0 3.0 0.0 1.0 10.0 25.0 32.0 14.0 1.0 0.0 35.0 4.0 2.0 0.0 0.0 0.0 5.0 39.0 36.0 0.0 0.0 0.0 0.0 1.0 3.0 38.0 
25_1_023_96
2.0 4.0 8.0 0.0 45.0 3.0 56.0 45.0 16.0 74.0 22.0 0.0 3.0 8.0 47.0 32.0 3.0 38.0 48.0 17.0 5.0 0.0 -1.0 2.0 2.0 19.0 26.0 1.0 1.0 0.0 -1.0 9.0 17.0 29.0 2.0 7.0 9.0 1.0 12.0 75.0 7.0 8.0 13.0 0.0 5.0 102.0 19.0 23.0 0.0 7.0 55.0 86.0 11.0 15.0 7.0 0.0 1.0 7.0 2.0 2.0 3.0 4.0 25.0 35.0 50.0 27.0 16.0 0.0 0.0 5.0 35.0 93.0 21.0 48.0 24.0 4.0 14.0 0.0 1.0 20.0 0.0 5.0 73.0 49.0 1.0 0.0 2.0 0.0 10.0 33.0 6.0 0.0 0.0 0.0 0.0 0.0 6.0 0.0 3.0 0.0 0.0 18.0 48.0 92.0 7.0 29.0 62.0 11.0 7.0 0.0 -4.0 9.0 8.0 23.0 67.0 3.0 0.0 0.0 -1.0 4.0 9.0 5.0 0.0 0.0 0.0 0.0 23.0 44.0 
25_1_023_97
0.0 0.0 10.0 7.0 0.0 0.0 0.0 0.0 0.0 0.0 0.0 0.0 0.0 2.0 14.0 2.0 0.0 0.0 13.0 7.0 0.0 1.0 2.0 3.0 7.0 2.0 1.0 0.0 0.0 0.0 -16.0 59.0 0.0 0.0 2.0 9.0 0.0 0.0 0.0 6.0 0.0 0.0 0.0 0.0 0.0 4.0 8.0 14.0 6.0 1.0 20.0 16.0 0.0 0.0 0.0 -1.0 0.0 0.0 0.0 0.0 0.0 0.0 -17.0 102.0 0.0 1.0 5.0 1.0 0.0 0.0 21.0 17.0 0.0 0.0 0.0 12.0 9.0 14.0 23.0 2.0 0.0 3.0 11.0 36.0 19.0 1.0 0.0 0.0 54.0 8.0 0.0 3.0 3.0 0.0 -23.0 38.0 0.0 0.0 0.0 0.0 0.0 0.0 21.0 42.0 0.0 0.0 0.0 26.0 10.0 1.0 4.0 8.0 0.0 0.0 0.0 19.0 20.0 3.0 2.0 0.0 0.0 0.0 0.0 1.0 15.0 33.0 11.0 0.0 
25_1_023_98
8.0 3.0 4.0 1.0 0.0 1.0 0.0 3.0 0.0 0.0 1.0 10.0 0.0 0.0 10.0 39.0 0.0 0.0 6.0 12.0 0.0 0.0 5.0 11.0 0.0 0.0 0.0 0.0 0.0 0.0 0.0 9.0 1.0 0.0 0.0 2.0 5.0 3.0 11.0 20.0 0.0 0.0 6.0 31.0 1.0 1.0 19.0 34.0 0.0 0.0 4.0 4.0 0.0 0.0 6.0 22.0 0.0 0.0 0.0 0.0 0.0 0.0 1.0 5.0 0.0 0.0 0.0 2.0 0.0 0.0 12.0 49.0 4.0 3.0 17.0 40.0 0.0 1.0 4.0 17.0 0.0 0.0 0.0 0.0 0.0 1.0 12.0 18.0 1.0 0.0 0.0 0.0 0.0 0.0 -1.0 4.0 0.0 0.0 0.0 0.0 0.0 7.0 -3.0 102.0 0.0 1.0 6.0 30.0 18.0 0.0 0.0 0.0 0.0 0.0 0.0 0.0 0.0 0.0 -2.0 29.0 0.0 0.0 0.0 0.0 0.0 0.0 0.0 0.0 
25_1_023_99
0.0 0.0 0.0 0.0 0.0 0.0 -6.0 18.0 0.0 0.0 0.0 2.0 0.0 0.0 2.0 1.0 2.0 0.0 2.0 9.0 0.0 0.0 -4.0 9.0 0.0 0.0 2.0 11.0 7.0 0.0 0.0 0.0 0.0 0.0 0.0 0.0 0.0 0.0 -19.0 61.0 0.0 0.0 0.0 5.0 0.0 0.0 -2.0 8.0 4.0 1.0 2.0 20.0 0.0 0.0 -3.0 7.0 0.0 0.0 0.0 5.0 0.0 0.0 -2.0 7.0 0.0 0.0 0.0 0.0 0.0 0.0 -34.0 102.0 0.0 0.0 1.0 2.0 0.0 0.0 -4.0 13.0 0.0 0.0 5.0 24.0 0.0 0.0 0.0 10.0 0.0 0.0 0.0 0.0 1.0 1.0 2.0 10.0 0.0 0.0 0.0 0.0 0.0 0.0 -31.0 80.0 0.0 0.0 0.0 1.0 1.0 0.0 -13.0 49.0 0.0 0.0 0.0 19.0 8.0 0.0 -2.0 6.0 0.0 0.0 0.0 0.0 0.0 0.0 -10.0 28.0 
25_1_023_100
0.0 0.0 0.0 0.0 0.0 8.0 102.0 4.0 0.0 0.0 2.0 7.0 2.0 8.0 10.0 0.0 0.0 2.0 8.0 5.0 2.0 0.0 0.0 0.0 0.0 0.0 5.0 17.0 2.0 0.0 0.0 0.0 0.0 0.0 0.0 0.0 2.0 8.0 25.0 5.0 0.0 0.0 0.0 1.0 9.0 22.0 0.0 0.0 0.0 0.0 4.0 18.0 17.0 2.0 0.0 0.0 0.0 0.0 7.0 34.0 4.0 0.0 0.0 0.0 0.0 14.0 18.0 0.0 0.0 5.0 9.0 0.0 4.0 27.0 26.0 1.0 2.0 1.0 2.0 4.0 0.0 0.0 6.0 15.0 9.0 24.0 3.0 0.0 0.0 0.0 24.0 37.0 18.0 8.0 0.0 0.0 4.0 33.0 35.0 0.0 0.0 0.0 6.0 9.0 4.0 18.0 9.0 0.0 0.0 0.0 14.0 23.0 0.0 78.0 96.0 0.0 0.0 0.0 0.0 0.0 2.0 71.0 80.0 6.0 0.0 0.0 0.0 2.0 
25_1_023_101
1.0 9.0 3.0 0.0 0.0 3.0 7.0 2.0 0.0 2.0 4.0 31.0 16.0 22.0 13.0 0.0 2.0 0.0 6.0 6.0 0.0 2.0 68.0 37.0 0.0 4.0 42.0 33.0 2.0 0.0 0.0 0.0 0.0 8.0 5.0 8.0 34.0 18.0 2.0 0.0 36.0 7.0 1.0 2.0 9.0 1.0 13.0 25.0 6.0 42.0 92.0 25.0 0.0 0.0 0.0 2.0 8.0 20.0 25.0 8.0 0.0 1.0 5.0 2.0 12.0 4.0 0.0 5.0 10.0 1.0 4.0 8.0 0.0 1.0 9.0 7.0 28.0 14.0 16.0 6.0 2.0 0.0 23.0 102.0 25.0 5.0 20.0 0.0 1.0 5.0 9.0 1.0 3.0 14.0 23.0 4.0 15.0 3.0 7.0 2.0 0.0 3.0 3.0 14.0 0.0 10.0 46.0 17.0 4.0 0.0 0.0 2.0 0.0 7.0 19.0 17.0 9.0 15.0 6.0 0.0 4.0 9.0 6.0 0.0 3.0 15.0 9.0 0.0 
25_1_023_102
95.0 2.0 0.0 0.0 0.0 47.0 45.0 76.0 32.0 35.0 60.0 30.0 0.0 0.0 0.0 12.0 10.0 6.0 69.0 66.0 15.0 0.0 0.0 15.0 21.0 0.0 0.0 0.0 3.0 9.0 29.0 49.0 26.0 30.0 18.0 0.0 14.0 22.0 4.0 15.0 25.0 1.0 7.0 42.0 17.0 19.0 17.0 68.0 0.0 0.0 35.0 89.0 58.0 65.0 6.0 0.0 1.0 40.0 48.0 45.0 5.0 19.0 0.0 3.0 57.0 7.0 0.0 0.0 10.0 10.0 17.0 14.0 27.0 56.0 38.0 3.0 0.0 0.0 21.0 25.0 56.0 31.0 43.0 44.0 11.0 31.0 35.0 24.0 78.0 45.0 13.0 0.0 0.0 11.0 24.0 35.0 1.0 10.0 13.0 1.0 25.0 14.0 6.0 4.0 16.0 1.0 0.0 6.0 19.0 14.0 16.0 7.0 25.0 8.0 4.0 20.0 102.0 43.0 8.0 8.0 35.0 6.0 3.0 0.0 0.0 1.0 26.0 93.0 
25_1_023_103
38.0 23.0 3.0 3.0 1.0 0.0 0.0 3.0 46.0 27.0 3.0 2.0 6.0 0.0 0.0 4.0 32.0 8.0 34.0 21.0 2.0 1.0 0.0 11.0 5.0 0.0 1.0 2.0 7.0 12.0 14.0 31.0 41.0 1.0 3.0 25.0 0.0 0.0 0.0 27.0 7.0 8.0 18.0 74.0 8.0 0.0 0.0 0.0 0.0 0.0 0.0 18.0 28.0 7.0 5.0 2.0 34.0 0.0 0.0 0.0 1.0 2.0 1.0 102.0 43.0 14.0 7.0 12.0 0.0 0.0 0.0 4.0 25.0 14.0 6.0 30.0 28.0 0.0 0.0 2.0 15.0 10.0 6.0 16.0 21.0 11.0 4.0 1.0 35.0 0.0 0.0 0.0 8.0 4.0 3.0 69.0 21.0 12.0 0.0 0.0 0.0 16.0 12.0 4.0 20.0 19.0 8.0 0.0 3.0 21.0 17.0 1.0 19.0 4.0 15.0 12.0 12.0 49.0 40.0 18.0 1.0 0.0 2.0 0.0 0.0 38.0 43.0 23.0 
25_1_023_104
20.0 0.0 0.0 0.0 0.0 23.0 1.0 21.0 22.0 18.0 18.0 1.0 5.0 9.0 -8.0 23.0 16.0 14.0 12.0 3.0 0.0 0.0 -11.0 55.0 0.0 1.0 8.0 15.0 7.0 5.0 0.0 1.0 36.0 0.0 3.0 3.0 17.0 2.0 -3.0 34.0 6.0 0.0 11.0 12.0 26.0 41.0 39.0 22.0 5.0 46.0 25.0 37.0 4.0 0.0 -25.0 76.0 3.0 8.0 10.0 10.0 0.0 0.0 -34.0 80.0 35.0 0.0 1.0 3.0 15.0 2.0 12.0 25.0 -6.0 102.0 23.0 1.0 1.0 0.0 5.0 -1.0 5.0 5.0 21.0 21.0 14.0 20.0 23.0 17.0 3.0 0.0 0.0 4.0 2.0 1.0 4.0 27.0 28.0 26.0 11.0 8.0 2.0 0.0 -12.0 24.0 4.0 0.0 3.0 19.0 4.0 0.0 -4.0 9.0 12.0 7.0 1.0 1.0 0.0 0.0 -10.0 66.0 0.0 0.0 0.0 0.0 7.0 13.0 6.0 36.0 
25_1_023_105
0.0 0.0 0.0 0.0 0.0 0.0 2.0 5.0 0.0 0.0 11.0 36.0 0.0 0.0 0.0 0.0 0.0 0.0 0.0 14.0 2.0 2.0 15.0 6.0 0.0 0.0 0.0 0.0 2.0 9.0 4.0 5.0 0.0 0.0 0.0 0.0 0.0 0.0 0.0 7.0 0.0 0.0 27.0 58.0 0.0 0.0 0.0 0.0 14.0 0.0 0.0 0.0 0.0 1.0 -15.0 46.0 0.0 0.0 0.0 1.0 0.0 0.0 -2.0 12.0 0.0 0.0 0.0 0.0 0.0 0.0 0.0 7.0 0.0 0.0 5.0 102.0 3.0 0.0 0.0 0.0 3.0 0.0 0.0 3.0 4.0 2.0 -26.0 81.0 0.0 0.0 1.0 1.0 0.0 0.0 -4.0 21.0 0.0 1.0 3.0 0.0 0.0 0.0 0.0 2.0 0.0 0.0 18.0 57.0 0.0 0.0 0.0 0.0 2.0 4.0 6.0 0.0 0.0 0.0 -9.0 31.0 0.0 0.0 0.0 0.0 0.0 0.0 -16.0 44.0 
25_1_023_106
10.0 0.0 0.0 0.0 0.0 0.0 5.0 102.0 2.0 0.0 7.0 28.0 0.0 0.0 1.0 3.0 0.0 0.0 0.0 13.0 2.0 0.0 0.0 2.0 0.0 0.0 1.0 5.0 4.0 0.0 0.0 0.0 42.0 1.0 0.0 0.0 0.0 1.0 13.0 80.0 7.0 0.0 9.0 24.0 0.0 0.0 0.0 9.0 2.0 1.0 0.0 4.0 3.0 0.0 0.0 4.0 0.0 0.0 2.0 20.0 3.0 0.0 0.0 0.0 17.0 12.0 21.0 0.0 2.0 3.0 5.0 65.0 3.0 0.0 1.0 27.0 0.0 0.0 1.0 42.0 0.0 0.0 2.0 3.0 1.0 0.0 5.0 4.0 0.0 0.0 0.0 22.0 9.0 0.0 0.0 0.0 17.0 10.0 1.0 0.0 0.0 4.0 11.0 61.0 2.0 0.0 0.0 18.0 2.0 0.0 3.0 32.0 0.0 0.0 0.0 3.0 2.0 1.0 8.0 3.0 0.0 0.0 3.0 24.0 1.0 0.0 0.0 0.0 
25_1_023_107
0.0 0.0 0.0 4.0 3.0 0.0 0.0 0.0 0.0 0.0 0.0 26.0 28.0 0.0 0.0 0.0 8.0 8.0 32.0 29.0 4.0 0.0 0.0 1.0 7.0 13.0 7.0 21.0 9.0 0.0 0.0 2.0 0.0 0.0 0.0 3.0 2.0 0.0 0.0 0.0 0.0 0.0 0.0 29.0 30.0 0.0 0.0 0.0 9.0 5.0 11.0 98.0 23.0 0.0 4.0 20.0 6.0 0.0 13.0 37.0 13.0 0.0 3.0 9.0 0.0 0.0 0.0 0.0 7.0 0.0 0.0 0.0 0.0 0.0 0.0 25.0 11.0 1.0 0.0 0.0 20.0 6.0 21.0 102.0 63.0 4.0 0.0 1.0 11.0 36.0 39.0 11.0 2.0 0.0 0.0 4.0 0.0 0.0 0.0 1.0 5.0 0.0 0.0 0.0 0.0 0.0 0.0 1.0 9.0 0.0 0.0 0.0 0.0 0.0 0.0 1.0 102.0 28.0 0.0 0.0 0.0 0.0 0.0 0.0 100.0 56.0 2.0 2.0 
25_1_023_108
0.0 0.0 0.0 0.0 30.0 48.0 0.0 0.0 0.0 0.0 0.0 0.0 21.0 67.0 4.0 0.0 2.0 6.0 17.0 0.0 0.0 35.0 78.0 8.0 1.0 7.0 7.0 0.0 0.0 4.0 18.0 19.0 0.0 0.0 0.0 0.0 31.0 102.0 7.0 0.0 0.0 0.0 7.0 61.0 47.0 51.0 3.0 0.0 1.0 13.0 23.0 2.0 0.0 0.0 13.0 9.0 1.0 0.0 0.0 0.0 0.0 1.0 45.0 47.0 0.0 2.0 31.0 10.0 4.0 20.0 2.0 0.0 0.0 0.0 14.0 86.0 52.0 16.0 0.0 0.0 0.0 0.0 0.0 0.0 14.0 71.0 40.0 0.0 1.0 0.0 0.0 0.0 0.0 0.0 36.0 10.0 0.0 0.0 3.0 35.0 1.0 0.0 0.0 0.0 0.0 0.0 1.0 26.0 4.0 0.0 0.0 0.0 0.0 0.0 0.0 21.0 6.0 0.0 0.0 0.0 4.0 0.0 0.0 0.0 0.0 0.0 1.0 8.0 
25_1_023_109
0.0 0.0 0.0 0.0 0.0 0.0 4.0 2.0 0.0 2.0 4.0 14.0 1.0 0.0 0.0 0.0 3.0 0.0 4.0 12.0 0.0 0.0 -8.0 17.0 0.0 0.0 1.0 24.0 19.0 3.0 7.0 0.0 0.0 0.0 0.0 0.0 0.0 0.0 -6.0 25.0 0.0 0.0 8.0 35.0 0.0 0.0 0.0 0.0 7.0 0.0 0.0 1.0 0.0 0.0 -10.0 21.0 0.0 0.0 3.0 14.0 8.0 3.0 1.0 0.0 0.0 0.0 0.0 0.0 0.0 0.0 -10.0 40.0 0.0 0.0 12.0 43.0 0.0 0.0 0.0 0.0 0.0 0.0 0.0 0.0 0.0 0.0 0.0 34.0 0.0 0.0 1.0 11.0 21.0 3.0 0.0 0.0 0.0 0.0 0.0 0.0 0.0 0.0 -35.0 102.0 0.0 0.0 0.0 38.0 8.0 0.0 0.0 0.0 0.0 0.0 0.0 0.0 0.0 0.0 -15.0 49.0 0.0 0.0 0.0 2.0 6.0 0.0 -1.0 10.0 
25_1_023_110
0.0 0.0 18.0 25.0 12.0 0.0 0.0 0.0 8.0 29.0 19.0 0.0 0.0 0.0 0.0 0.0 28.0 41.0 0.0 0.0 0.0 0.0 0.0 0.0 10.0 38.0 3.0 0.0 0.0 0.0 0.0 0.0 0.0 3.0 14.0 96.0 34.0 0.0 0.0 0.0 2.0 6.0 18.0 40.0 1.0 0.0 0.0 0.0 22.0 38.0 0.0 0.0 0.0 0.0 0.0 0.0 4.0 34.0 14.0 0.0 0.0 0.0 0.0 0.0 82.0 102.0 22.0 3.0 0.0 0.0 0.0 0.0 14.0 24.0 22.0 25.0 6.0 1.0 0.0 0.0 2.0 6.0 9.0 16.0 25.0 8.0 0.0 5.0 8.0 26.0 9.0 4.0 0.0 0.0 5.0 4.0 60.0 21.0 0.0 0.0 0.0 0.0 0.0 0.0 43.0 81.0 11.0 0.0 0.0 0.0 0.0 0.0 84.0 51.0 12.0 15.0 2.0 0.0 0.0 2.0 5.0 0.0 0.0 0.0 2.0 22.0 58.0 31.0 
25_1_023_111
0.0 0.0 0.0 13.0 23.0 2.0 0.0 0.0 0.0 0.0 2.0 14.0 21.0 2.0 0.0 0.0 7.0 12.0 0.0 0.0 5.0 14.0 12.0 7.0 0.0 4.0 24.0 35.0 15.0 0.0 0.0 0.0 0.0 0.0 0.0 28.0 14.0 0.0 0.0 0.0 0.0 0.0 1.0 23.0 14.0 0.0 0.0 0.0 0.0 1.0 14.0 9.0 3.0 6.0 10.0 17.0 0.0 0.0 19.0 63.0 18.0 0.0 0.0 0.0 0.0 0.0 0.0 39.0 12.0 0.0 0.0 0.0 0.0 0.0 1.0 9.0 11.0 16.0 4.0 0.0 0.0 0.0 0.0 1.0 11.0 28.0 16.0 0.0 0.0 0.0 10.0 88.0 22.0 0.0 0.0 0.0 0.0 0.0 2.0 12.0 11.0 2.0 0.0 0.0 0.0 0.0 0.0 0.0 7.0 14.0 31.0 1.0 0.0 0.0 4.0 25.0 20.0 41.0 29.0 0.0 0.0 0.0 16.0 102.0 5.0 0.0 0.0 0.0 
25_1_023_112
74.0 0.0 0.0 0.0 0.0 1.0 0.0 -28.0 35.0 27.0 2.0 0.0 2.0 0.0 0.0 -15.0 76.0 0.0 0.0 0.0 0.0 0.0 -8.0 -4.0 38.0 0.0 0.0 0.0 0.0 0.0 1.0 -7.0 4.0 0.0 0.0 0.0 0.0 3.0 -15.0 39.0 -11.0 27.0 8.0 9.0 4.0 4.0 0.0 0.0 36.0 50.0 0.0 0.0 0.0 0.0 0.0 -17.0 102.0 9.0 0.0 0.0 0.0 0.0 0.0 -35.0 19.0 0.0 0.0 0.0 0.0 0.0 -40.0 84.0 3.0 26.0 13.0 26.0 0.0 0.0 0.0 -5.0 11.0 3.0 3.0 15.0 0.0 0.0 0.0 -4.0 3.0 41.0 6.0 5.0 0.0 0.0 0.0 -5.0 10.0 0.0 0.0 0.0 0.0 1.0 -9.0 32.0 9.0 10.0 2.0 0.0 1.0 1.0 1.0 1.0 -7.0 22.0 9.0 11.0 0.0 0.0 0.0 0.0 5.0 4.0 5.0 19.0 0.0 0.0 -3.0 6.0 
25_1_023_113
0.0 2.0 32.0 16.0 11.0 9.0 5.0 1.0 12.0 1.0 11.0 0.0 4.0 19.0 -5.0 57.0 -1.0 4.0 2.0 20.0 15.0 7.0 4.0 0.0 1.0 0.0 8.0 37.0 13.0 3.0 8.0 0.0 3.0 0.0 1.0 49.0 35.0 14.0 26.0 7.0 0.0 12.0 34.0 39.0 2.0 11.0 17.0 17.0 22.0 6.0 15.0 20.0 1.0 2.0 -32.0 78.0 0.0 4.0 53.0 34.0 1.0 0.0 0.0 0.0 0.0 1.0 31.0 83.0 73.0 36.0 -8.0 23.0 16.0 13.0 17.0 67.0 21.0 0.0 -7.0 37.0 22.0 11.0 23.0 67.0 4.0 0.0 12.0 30.0 7.0 0.0 28.0 26.0 9.0 6.0 23.0 19.0 91.0 8.0 3.0 16.0 33.0 3.0 -38.0 102.0 0.0 0.0 22.0 102.0 88.0 7.0 0.0 0.0 49.0 7.0 24.0 7.0 17.0 8.0 -13.0 70.0 8.0 2.0 18.0 12.0 15.0 16.0 3.0 6.0 
25_1_023_114
5.0 1.0 3.0 0.0 0.0 5.0 12.0 17.0 0.0 7.0 26.0 26.0 3.0 4.0 2.0 0.0 10.0 7.0 0.0 5.0 9.0 27.0 12.0 2.0 0.0 2.0 3.0 15.0 25.0 2.0 1.0 0.0 11.0 6.0 6.0 1.0 0.0 0.0 13.0 24.0 0.0 6.0 8.0 2.0 5.0 24.0 31.0 6.0 4.0 7.0 11.0 81.0 9.0 9.0 6.0 2.0 8.0 29.0 11.0 6.0 2.0 2.0 1.0 0.0 6.0 0.0 0.0 0.0 0.0 3.0 25.0 20.0 0.0 6.0 24.0 5.0 0.0 2.0 11.0 12.0 0.0 4.0 24.0 102.0 8.0 0.0 0.0 3.0 17.0 14.0 1.0 8.0 12.0 4.0 4.0 5.0 2.0 0.0 3.0 2.0 1.0 5.0 26.0 22.0 0.0 7.0 35.0 34.0 6.0 0.0 0.0 0.0 0.0 10.0 8.0 17.0 16.0 24.0 21.0 0.0 0.0 0.0 0.0 8.0 16.0 43.0 20.0 0.0 
25_1_023_115
0.0 6.0 10.0 5.0 5.0 0.0 1.0 14.0 6.0 12.0 0.0 1.0 12.0 9.0 -12.0 34.0 -6.0 11.0 17.0 6.0 26.0 3.0 1.0 0.0 14.0 1.0 1.0 0.0 0.0 2.0 12.0 11.0 19.0 22.0 0.0 11.0 15.0 16.0 9.0 56.0 32.0 26.0 34.0 48.0 32.0 3.0 0.0 -13.0 102.0 0.0 3.0 3.0 2.0 2.0 -27.0 49.0 5.0 7.0 0.0 0.0 4.0 4.0 0.0 -1.0 99.0 14.0 0.0 0.0 2.0 0.0 0.0 14.0 29.0 12.0 25.0 48.0 57.0 8.0 0.0 -10.0 20.0 63.0 0.0 3.0 6.0 18.0 42.0 52.0 42.0 57.0 0.0 2.0 4.0 0.0 0.0 -24.0 0.0 0.0 0.0 12.0 25.0 44.0 27.0 1.0 31.0 3.0 23.0 26.0 7.0 0.0 4.0 12.0 4.0 19.0 3.0 6.0 9.0 4.0 24.0 12.0 17.0 0.0 7.0 19.0 12.0 6.0 1.0 -5.0 
25_1_023_116
25.0 11.0 0.0 0.0 0.0 0.0 0.0 0.0 6.0 4.0 17.0 64.0 0.0 0.0 0.0 1.0 14.0 0.0 0.0 3.0 2.0 4.0 11.0 19.0 2.0 2.0 3.0 12.0 11.0 0.0 2.0 3.0 24.0 9.0 0.0 0.0 0.0 0.0 0.0 1.0 7.0 2.0 17.0 68.0 7.0 0.0 0.0 3.0 39.0 5.0 4.0 0.0 2.0 0.0 3.0 49.0 3.0 8.0 19.0 16.0 5.0 2.0 2.0 12.0 18.0 4.0 0.0 0.0 0.0 0.0 0.0 1.0 11.0 1.0 13.0 45.0 13.0 0.0 0.0 4.0 17.0 4.0 2.0 0.0 0.0 2.0 28.0 35.0 0.0 12.0 34.0 4.0 7.0 4.0 0.0 0.0 9.0 3.0 0.0 0.0 0.0 0.0 0.0 0.0 7.0 3.0 12.0 26.0 4.0 0.0 0.0 2.0 24.0 52.0 30.0 5.0 0.0 0.0 0.0 0.0 0.0 44.0 102.0 0.0 0.0 0.0 0.0 0.0 
25_1_023_117
0.0 0.0 0.0 1.0 4.0 2.0 3.0 0.0 0.0 0.0 0.0 78.0 17.0 0.0 0.0 0.0 1.0 2.0 1.0 3.0 1.0 0.0 1.0 1.0 1.0 0.0 7.0 4.0 0.0 0.0 0.0 0.0 4.0 4.0 12.0 1.0 0.0 0.0 0.0 0.0 0.0 4.0 11.0 102.0 2.0 0.0 0.0 0.0 2.0 0.0 3.0 12.0 0.0 1.0 0.0 0.0 0.0 0.0 8.0 5.0 0.0 0.0 1.0 1.0 0.0 2.0 12.0 4.0 2.0 4.0 0.0 0.0 0.0 1.0 4.0 63.0 29.0 5.0 0.0 0.0 0.0 2.0 0.0 20.0 7.0 0.0 2.0 1.0 0.0 0.0 0.0 1.0 3.0 4.0 1.0 1.0 0.0 0.0 0.0 0.0 0.0 8.0 14.0 0.0 0.0 0.0 3.0 67.0 14.0 2.0 0.0 0.0 0.0 0.0 0.0 29.0 4.0 0.0 0.0 0.0 1.0 3.0 3.0 0.0 0.0 0.0 0.0 0.0 
25_1_023_118
0.0 0.0 0.0 7.0 7.0 0.0 0.0 0.0 0.0 0.0 19.0 44.0 11.0 0.0 0.0 0.0 10.0 8.0 4.0 15.0 4.0 0.0 0.0 5.0 6.0 16.0 5.0 14.0 10.0 0.0 0.0 1.0 0.0 0.0 0.0 1.0 3.0 0.0 0.0 0.0 0.0 0.0 14.0 102.0 23.0 0.0 0.0 0.0 10.0 11.0 27.0 8.0 3.0 0.0 5.0 15.0 1.0 8.0 10.0 21.0 4.0 0.0 0.0 0.0 0.0 0.0 0.0 0.0 5.0 0.0 0.0 0.0 0.0 0.0 0.0 63.0 60.0 2.0 0.0 0.0 3.0 4.0 16.0 13.0 86.0 21.0 0.0 0.0 12.0 2.0 0.0 3.0 2.0 7.0 5.0 8.0 0.0 0.0 0.0 0.0 2.0 0.0 0.0 0.0 0.0 0.0 0.0 0.0 9.0 1.0 0.0 0.0 0.0 0.0 0.0 0.0 60.0 20.0 0.0 0.0 0.0 0.0 0.0 1.0 32.0 51.0 6.0 0.0 
25_1_023_119
0.0 2.0 7.0 4.0 1.0 1.0 0.0 0.0 0.0 0.0 11.0 15.0 2.0 0.0 0.0 0.0 0.0 0.0 5.0 13.0 5.0 0.0 0.0 0.0 0.0 0.0 9.0 41.0 3.0 0.0 0.0 0.0 0.0 0.0 1.0 8.0 5.0 0.0 0.0 0.0 0.0 2.0 20.0 24.0 0.0 0.0 0.0 0.0 2.0 13.0 11.0 13.0 0.0 0.0 0.0 0.0 0.0 1.0 35.0 50.0 0.0 0.0 0.0 0.0 0.0 0.0 9.0 17.0 7.0 0.0 0.0 0.0 0.0 0.0 8.0 35.0 10.0 0.0 0.0 0.0 1.0 19.0 87.0 5.0 1.0 0.0 0.0 0.0 0.0 47.0 102.0 26.0 0.0 0.0 0.0 0.0 0.0 12.0 16.0 1.0 10.0 11.0 0.0 0.0 0.0 3.0 87.0 61.0 7.0 0.0 0.0 0.0 0.0 24.0 98.0 36.0 11.0 2.0 0.0 1.0 3.0 12.0 7.0 6.0 14.0 13.0 14.0 35.0 
25_1_023_120
7.0 0.0 0.0 0.0 39.0 20.0 0.0 0.0 23.0 15.0 8.0 0.0 5.0 45.0 91.0 23.0 69.0 13.0 23.0 6.0 1.0 4.0 6.0 21.0 12.0 3.0 6.0 10.0 19.0 26.0 13.0 24.0 15.0 0.0 0.0 0.0 0.0 15.0 73.0 17.0 0.0 7.0 10.0 58.0 26.0 49.0 41.0 4.0 54.0 50.0 0.0 0.0 6.0 31.0 20.0 13.0 31.0 36.0 36.0 10.0 3.0 0.0 2.0 22.0 51.0 1.0 22.0 15.0 0.0 2.0 41.0 58.0 33.0 50.0 47.0 47.0 42.0 3.0 1.0 23.0 3.0 3.0 0.0 0.0 24.0 102.0 21.0 0.0 16.0 20.0 8.0 0.0 2.0 7.0 15.0 16.0 0.0 0.0 0.0 8.0 10.0 43.0 48.0 13.0 3.0 0.0 0.0 2.0 62.0 30.0 51.0 22.0 2.0 24.0 61.0 15.0 26.0 11.0 4.0 0.0 8.0 5.0 27.0 13.0 20.0 10.0 5.0 6.0 
25_1_023_121
0.0 0.0 5.0 1.0 0.0 0.0 0.0 5.0 0.0 0.0 10.0 88.0 1.0 0.0 0.0 7.0 6.0 1.0 10.0 26.0 8.0 6.0 4.0 13.0 1.0 1.0 0.0 0.0 0.0 3.0 3.0 15.0 0.0 0.0 3.0 2.0 1.0 0.0 1.0 13.0 0.0 0.0 27.0 102.0 2.0 0.0 0.0 7.0 8.0 2.0 7.0 6.0 9.0 17.0 27.0 3.0 0.0 10.0 55.0 6.0 0.0 8.0 18.0 2.0 0.0 0.0 2.0 2.0 0.0 0.0 4.0 17.0 0.0 0.0 4.0 88.0 18.0 0.0 0.0 0.0 5.0 11.0 39.0 1.0 0.0 18.0 16.0 0.0 0.0 2.0 21.0 18.0 9.0 14.0 6.0 0.0 0.0 0.0 0.0 0.0 0.0 0.0 8.0 11.0 0.0 0.0 2.0 43.0 32.0 1.0 0.0 0.0 14.0 9.0 31.0 48.0 3.0 0.0 -1.0 -2.0 15.0 0.0 0.0 0.0 9.0 8.0 0.0 26.0 
25_1_023_122
1.0 3.0 10.0 3.0 14.0 25.0 31.0 0.0 9.0 0.0 2.0 10.0 40.0 8.0 -18.0 69.0 74.0 31.0 32.0 4.0 0.0 0.0 -10.0 -5.0 18.0 4.0 10.0 0.0 0.0 11.0 0.0 38.0 14.0 2.0 3.0 20.0 2.0 3.0 -18.0 91.0 0.0 0.0 20.0 53.0 27.0 12.0 1.0 0.0 25.0 0.0 0.0 1.0 29.0 24.0 0.0 18.0 0.0 0.0 0.0 1.0 0.0 0.0 16.0 102.0 24.0 0.0 0.0 0.0 0.0 8.0 -12.0 64.0 13.0 1.0 11.0 33.0 25.0 4.0 -1.0 0.0 5.0 1.0 8.0 0.0 11.0 42.0 16.0 9.0 6.0 1.0 12.0 1.0 0.0 6.0 -4.0 89.0 0.0 4.0 12.0 3.0 16.0 26.0 4.0 0.0 12.0 7.0 14.0 24.0 9.0 0.0 0.0 -2.0 19.0 0.0 4.0 0.0 2.0 5.0 -18.0 62.0 23.0 12.0 8.0 2.0 8.0 4.0 -2.0 7.0 
25_1_023_123
0.0 0.0 0.0 1.0 9.0 4.0 0.0 0.0 0.0 0.0 0.0 0.0 0.0 2.0 3.0 14.0 0.0 0.0 5.0 19.0 1.0 0.0 1.0 1.0 0.0 1.0 18.0 23.0 4.0 6.0 1.0 0.0 0.0 0.0 0.0 0.0 0.0 2.0 -3.0 27.0 2.0 0.0 1.0 7.0 6.0 5.0 0.0 2.0 5.0 4.0 2.0 11.0 3.0 0.0 0.0 -1.0 0.0 0.0 0.0 0.0 13.0 30.0 1.0 0.0 0.0 0.0 0.0 0.0 0.0 0.0 -46.0 102.0 4.0 0.0 2.0 4.0 2.0 2.0 -3.0 9.0 0.0 0.0 0.0 1.0 8.0 7.0 8.0 0.0 0.0 0.0 0.0 0.0 2.0 5.0 7.0 0.0 1.0 0.0 0.0 0.0 0.0 0.0 -25.0 63.0 0.0 0.0 0.0 0.0 0.0 0.0 -14.0 54.0 0.0 0.0 0.0 0.0 5.0 2.0 2.0 5.0 0.0 0.0 0.0 0.0 1.0 4.0 6.0 0.0 
25_1_023_124
7.0 0.0 4.0 48.0 38.0 45.0 102.0 50.0 20.0 0.0 3.0 13.0 49.0 6.0 51.0 24.0 25.0 3.0 0.0 3.0 41.0 58.0 85.0 21.0 0.0 5.0 11.0 57.0 36.0 27.0 0.0 0.0 24.0 9.0 2.0 2.0 8.0 23.0 16.0 15.0 31.0 19.0 1.0 2.0 7.0 14.0 10.0 7.0 22.0 24.0 40.0 34.0 13.0 12.0 4.0 7.0 12.0 37.0 23.0 68.0 39.0 0.0 1.0 3.0 2.0 12.0 9.0 9.0 6.0 7.0 3.0 8.0 61.0 18.0 0.0 0.0 6.0 16.0 15.0 49.0 4.0 8.0 15.0 48.0 34.0 49.0 11.0 7.0 0.0 24.0 24.0 20.0 27.0 44.0 8.0 1.0 11.0 6.0 5.0 12.0 12.0 1.0 0.0 4.0 33.0 15.0 0.0 0.0 0.0 8.0 14.0 29.0 0.0 24.0 54.0 25.0 1.0 3.0 0.0 0.0 2.0 33.0 17.0 9.0 9.0 7.0 14.0 6.0 
25_1_023_125
13.0 6.0 0.0 0.0 0.0 13.0 68.0 14.0 1.0 1.0 0.0 0.0 0.0 1.0 42.0 46.0 5.0 5.0 8.0 9.0 5.0 0.0 1.0 2.0 16.0 8.0 7.0 11.0 0.0 0.0 0.0 0.0 0.0 0.0 0.0 0.0 0.0 6.0 102.0 29.0 0.0 6.0 21.0 21.0 0.0 2.0 11.0 0.0 2.0 27.0 24.0 15.0 0.0 0.0 0.0 0.0 29.0 3.0 0.0 1.0 1.0 0.0 1.0 12.0 21.0 2.0 3.0 2.0 0.0 0.0 4.0 61.0 0.0 0.0 19.0 58.0 0.0 0.0 0.0 0.0 0.0 20.0 40.0 34.0 0.0 0.0 0.0 0.0 61.0 20.0 1.0 0.0 0.0 0.0 0.0 3.0 29.0 32.0 2.0 0.0 0.0 0.0 2.0 14.0 0.0 37.0 99.0 0.0 0.0 0.0 0.0 0.0 4.0 43.0 52.0 1.0 0.0 4.0 5.0 0.0 19.0 22.0 0.0 0.0 0.0 1.0 1.0 2.0 
25_1_023_126
0.0 0.0 0.0 0.0 0.0 0.0 11.0 0.0 0.0 0.0 0.0 0.0 0.0 0.0 11.0 0.0 1.0 1.0 0.0 0.0 0.0 1.0 6.0 1.0 2.0 0.0 0.0 0.0 0.0 3.0 7.0 0.0 0.0 0.0 0.0 0.0 0.0 0.0 11.0 1.0 0.0 2.0 41.0 11.0 0.0 0.0 3.0 0.0 20.0 35.0 3.0 0.0 0.0 0.0 3.0 15.0 13.0 8.0 0.0 0.0 2.0 8.0 10.0 1.0 0.0 0.0 0.0 0.0 0.0 1.0 9.0 0.0 0.0 0.0 11.0 102.0 3.0 2.0 0.0 0.0 38.0 0.0 0.0 0.0 0.0 0.0 2.0 76.0 7.0 0.0 1.0 0.0 2.0 4.0 6.0 11.0 0.0 0.0 0.0 0.0 0.0 0.0 14.0 0.0 0.0 0.0 4.0 100.0 5.0 1.0 0.0 0.0 32.0 0.0 0.0 1.0 0.0 0.0 0.0 34.0 29.0 0.0 0.0 1.0 0.0 0.0 0.0 16.0 
25_1_023_127
0.0 0.0 0.0 9.0 24.0 3.0 0.0 0.0 0.0 0.0 4.0 36.0 38.0 0.0 0.0 0.0 0.0 0.0 0.0 5.0 4.0 2.0 25.0 10.0 1.0 2.0 0.0 0.0 0.0 12.0 19.0 2.0 0.0 0.0 3.0 8.0 16.0 0.0 0.0 0.0 0.0 0.0 25.0 100.0 18.0 0.0 0.0 0.0 17.0 12.0 0.0 0.0 1.0 0.0 -4.0 54.0 28.0 19.0 13.0 0.0 0.0 0.0 -1.0 -5.0 0.0 0.0 0.0 5.0 11.0 6.0 0.0 0.0 0.0 0.0 3.0 102.0 38.0 3.0 0.0 0.0 0.0 3.0 13.0 3.0 0.0 17.0 27.0 6.0 0.0 9.0 7.0 3.0 4.0 1.0 0.0 0.0 0.0 0.0 0.0 1.0 8.0 8.0 3.0 0.0 0.0 0.0 0.0 38.0 62.0 4.0 0.0 0.0 0.0 0.0 0.0 0.0 8.0 45.0 12.0 0.0 0.0 0.0 0.0 0.0 6.0 62.0 10.0 0.0 
25_1_023_128
0.0 0.0 3.0 0.0 6.0 21.0 18.0 2.0 0.0 2.0 10.0 69.0 4.0 5.0 13.0 5.0 8.0 28.0 13.0 7.0 0.0 3.0 2.0 0.0 11.0 1.0 0.0 1.0 5.0 5.0 5.0 23.0 0.0 6.0 21.0 3.0 0.0 2.0 10.0 7.0 1.0 5.0 31.0 102.0 6.0 0.0 0.0 3.0 30.0 15.0 3.0 11.0 15.0 6.0 5.0 2.0 20.0 8.0 0.0 0.0 0.0 0.0 11.0 44.0 0.0 8.0 38.0 32.0 5.0 1.0 0.0 0.0 0.0 12.0 10.0 23.0 22.0 41.0 27.0 0.0 0.0 0.0 0.0 20.0 34.0 60.0 30.0 0.0 39.0 15.0 4.0 12.0 21.0 1.0 2.0 15.0 6.0 5.0 3.0 5.0 6.0 10.0 6.0 3.0 0.0 0.0 23.0 18.0 0.0 1.0 37.0 23.0 1.0 9.0 28.0 24.0 2.0 0.0 1.0 3.0 0.0 0.0 0.0 3.0 23.0 18.0 12.0 8.0 
25_1_023_129
0.0 0.0 5.0 12.0 13.0 4.0 0.0 0.0 0.0 0.0 1.0 21.0 36.0 6.0 0.0 0.0 0.0 1.0 18.0 19.0 0.0 0.0 8.0 17.0 0.0 0.0 0.0 0.0 0.0 5.0 58.0 21.0 0.0 0.0 0.0 0.0 18.0 9.0 0.0 1.0 0.0 0.0 1.0 55.0 34.0 1.0 0.0 0.0 24.0 3.0 3.0 65.0 20.0 0.0 0.0 12.0 102.0 1.0 0.0 0.0 0.0 0.0 0.0 31.0 26.0 68.0 4.0 0.0 0.0 0.0 0.0 0.0 7.0 15.0 44.0 18.0 3.0 0.0 0.0 0.0 0.0 0.0 10.0 49.0 18.0 47.0 22.0 0.0 4.0 0.0 0.0 0.0 1.0 50.0 39.0 19.0 2.0 3.0 6.0 1.0 11.0 39.0 6.0 0.0 5.0 0.0 0.0 0.0 1.0 21.0 14.0 22.0 0.0 0.0 0.0 0.0 0.0 14.0 38.0 12.0 0.0 0.0 0.0 0.0 2.0 19.0 4.0 0.0 
25_1_023_130
0.0 0.0 4.0 7.0 22.0 3.0 0.0 0.0 0.0 0.0 1.0 17.0 41.0 4.0 0.0 0.0 0.0 3.0 27.0 35.0 4.0 0.0 1.0 3.0 0.0 0.0 1.0 0.0 0.0 4.0 68.0 9.0 10.0 3.0 2.0 2.0 12.0 2.0 1.0 2.0 0.0 0.0 11.0 66.0 23.0 0.0 0.0 0.0 15.0 0.0 10.0 102.0 9.0 0.0 1.0 17.0 64.0 0.0 0.0 0.0 0.0 1.0 20.0 71.0 47.0 71.0 9.0 2.0 0.0 0.0 0.0 0.0 4.0 15.0 53.0 17.0 10.0 1.0 1.0 4.0 0.0 1.0 22.0 47.0 12.0 78.0 13.0 0.0 30.0 0.0 0.0 0.0 0.0 40.0 27.0 34.0 0.0 0.0 0.0 1.0 27.0 53.0 8.0 9.0 0.0 0.0 0.0 0.0 5.0 18.0 18.0 18.0 0.0 0.0 0.0 0.0 0.0 43.0 36.0 6.0 0.0 0.0 0.0 0.0 14.0 42.0 0.0 0.0 
25_1_023_131
68.0 13.0 1.0 1.0 1.0 5.0 0.0 43.0 0.0 0.0 0.0 7.0 14.0 22.0 33.0 10.0 2.0 3.0 24.0 41.0 7.0 13.0 6.0 13.0 46.0 28.0 23.0 9.0 5.0 12.0 0.0 35.0 1.0 0.0 3.0 14.0 18.0 30.0 12.0 18.0 36.0 21.0 13.0 16.0 4.0 30.0 78.0 8.0 22.0 37.0 29.0 26.0 36.0 28.0 41.0 36.0 41.0 4.0 1.0 2.0 30.0 73.0 4.0 21.0 6.0 1.0 0.0 0.0 2.0 36.0 36.0 11.0 16.0 6.0 0.0 1.0 5.0 14.0 23.0 18.0 17.0 5.0 29.0 102.0 75.0 58.0 26.0 3.0 61.0 8.0 3.0 1.0 7.0 20.0 16.0 64.0 4.0 0.0 0.0 0.0 1.0 4.0 7.0 15.0 3.0 6.0 5.0 10.0 3.0 4.0 1.0 0.0 33.0 18.0 8.0 2.0 0.0 5.0 6.0 12.0 7.0 18.0 1.0 0.0 27.0 12.0 0.0 0.0 
25_1_023_132
21.0 7.0 0.0 4.0 22.0 0.0 -8.0 24.0 6.0 -2.0 12.0 1.0 19.0 44.0 28.0 15.0 26.0 3.0 17.0 31.0 36.0 22.0 0.0 -12.0 8.0 1.0 14.0 0.0 11.0 6.0 0.0 15.0 1.0 0.0 3.0 4.0 1.0 7.0 46.0 18.0 0.0 -7.0 42.0 6.0 5.0 16.0 4.0 3.0 18.0 42.0 102.0 57.0 12.0 3.0 0.0 3.0 25.0 17.0 10.0 4.0 3.0 1.0 9.0 12.0 42.0 0.0 0.0 0.0 1.0 0.0 -16.0 50.0 -30.0 60.0 87.0 15.0 14.0 0.0 -1.0 5.0 -5.0 78.0 22.0 6.0 25.0 65.0 0.0 35.0 17.0 36.0 46.0 0.0 4.0 27.0 16.0 -7.0 -2.0 90.0 0.0 0.0 0.0 1.0 23.0 44.0 -12.0 19.0 94.0 4.0 6.0 4.0 -6.0 41.0 31.0 -7.0 17.0 6.0 19.0 42.0 17.0 22.0 -8.0 20.0 16.0 28.0 18.0 28.0 16.0 0.0 
25_1_023_133
3.0 6.0 14.0 5.0 8.0 4.0 2.0 0.0 19.0 25.0 5.0 4.0 1.0 0.0 0.0 3.0 0.0 2.0 5.0 4.0 7.0 2.0 15.0 6.0 2.0 2.0 6.0 44.0 50.0 12.0 12.0 5.0 8.0 14.0 7.0 29.0 26.0 11.0 6.0 12.0 7.0 4.0 2.0 0.0 16.0 30.0 47.0 21.0 9.0 100.0 68.0 82.0 0.0 0.0 1.0 9.0 38.0 45.0 33.0 36.0 25.0 11.0 1.0 28.0 0.0 10.0 15.0 38.0 16.0 5.0 7.0 2.0 4.0 4.0 50.0 6.0 0.0 0.0 21.0 29.0 0.0 0.0 19.0 46.0 40.0 102.0 53.0 9.0 0.0 0.0 19.0 28.0 17.0 57.0 73.0 26.0 0.0 0.0 7.0 11.0 13.0 19.0 4.0 0.0 7.0 16.0 9.0 16.0 12.0 15.0 12.0 0.0 25.0 38.0 72.0 19.0 15.0 7.0 37.0 9.0 18.0 10.0 57.0 59.0 14.0 0.0 3.0 14.0 
25_1_023_134
0.0 0.0 0.0 34.0 42.0 0.0 0.0 0.0 0.0 0.0 0.0 24.0 40.0 3.0 10.0 7.0 0.0 0.0 0.0 0.0 0.0 11.0 14.0 42.0 0.0 1.0 3.0 17.0 4.0 1.0 4.0 0.0 2.0 1.0 4.0 23.0 14.0 0.0 0.0 -1.0 0.0 0.0 0.0 13.0 84.0 39.0 2.0 0.0 11.0 1.0 1.0 7.0 23.0 4.0 -30.0 69.0 0.0 0.0 1.0 17.0 19.0 5.0 -4.0 23.0 2.0 1.0 2.0 0.0 0.0 0.0 -4.0 12.0 0.0 0.0 0.0 24.0 19.0 4.0 -1.0 4.0 11.0 0.0 17.0 102.0 2.0 0.0 -2.0 8.0 29.0 1.0 0.0 0.0 1.0 1.0 0.0 34.0 0.0 0.0 1.0 1.0 0.0 0.0 -4.0 14.0 0.0 0.0 0.0 24.0 8.0 0.0 -5.0 15.0 0.0 0.0 3.0 63.0 33.0 1.0 9.0 0.0 28.0 11.0 0.0 0.0 0.0 0.0 -5.0 26.0 
25_1_023_135
0.0 0.0 13.0 21.0 0.0 0.0 4.0 9.0 0.0 0.0 44.0 57.0 0.0 0.0 0.0 0.0 0.0 0.0 29.0 31.0 2.0 1.0 4.0 1.0 0.0 0.0 0.0 0.0 0.0 1.0 14.0 31.0 3.0 2.0 39.0 42.0 0.0 0.0 0.0 0.0 0.0 0.0 55.0 59.0 0.0 0.0 0.0 0.0 0.0 0.0 24.0 19.0 2.0 4.0 22.0 2.0 0.0 0.0 0.0 0.0 0.0 6.0 35.0 9.0 0.0 4.0 21.0 33.0 2.0 0.0 0.0 0.0 0.0 0.0 19.0 102.0 5.0 0.0 0.0 0.0 0.0 0.0 3.0 1.0 1.0 0.0 3.0 50.0 1.0 0.0 0.0 8.0 4.0 8.0 18.0 8.0 5.0 7.0 26.0 3.0 0.0 0.0 -2.0 6.0 0.0 5.0 76.0 40.0 0.0 0.0 1.0 4.0 0.0 1.0 0.0 0.0 0.0 11.0 95.0 33.0 0.0 0.0 5.0 44.0 14.0 18.0 11.0 3.0 
25_1_023_136
0.0 0.0 0.0 0.0 0.0 0.0 0.0 14.0 1.0 0.0 5.0 0.0 0.0 0.0 0.0 3.0 0.0 0.0 53.0 52.0 2.0 0.0 0.0 0.0 12.0 7.0 5.0 0.0 0.0 0.0 -1.0 4.0 0.0 0.0 0.0 0.0 0.0 0.0 7.0 13.0 0.0 0.0 50.0 35.0 0.0 0.0 0.0 0.0 0.0 0.0 53.0 27.0 3.0 0.0 0.0 0.0 0.0 1.0 0.0 0.0 0.0 4.0 10.0 9.0 0.0 0.0 0.0 0.0 0.0 0.0 7.0 8.0 0.0 0.0 27.0 102.0 0.0 0.0 0.0 0.0 3.0 3.0 7.0 8.0 6.0 0.0 0.0 -1.0 5.0 3.0 1.0 0.0 4.0 13.0 0.0 0.0 0.0 0.0 4.0 4.0 0.0 0.0 0.0 6.0 0.0 0.0 81.0 65.0 0.0 0.0 0.0 0.0 17.0 4.0 0.0 0.0 0.0 3.0 -7.0 60.0 2.0 0.0 2.0 3.0 1.0 16.0 9.0 0.0 
25_1_023_137
0.0 0.0 0.0 0.0 15.0 19.0 4.0 0.0 0.0 0.0 0.0 12.0 94.0 22.0 0.0 0.0 0.0 0.0 0.0 32.0 72.0 7.0 0.0 0.0 0.0 0.0 0.0 0.0 0.0 10.0 40.0 82.0 5.0 1.0 0.0 0.0 0.0 0.0 8.0 9.0 0.0 0.0 27.0 102.0 6.0 0.0 0.0 0.0 0.0 0.0 2.0 29.0 37.0 14.0 8.0 0.0 46.0 7.0 5.0 11.0 0.0 2.0 4.0 42.0 0.0 6.0 37.0 44.0 0.0 0.0 0.0 0.0 0.0 11.0 55.0 26.0 4.0 0.0 3.0 2.0 0.0 0.0 0.0 24.0 44.0 13.0 45.0 17.0 2.0 0.0 0.0 28.0 57.0 10.0 25.0 17.0 0.0 0.0 3.0 2.0 4.0 4.0 30.0 12.0 0.0 1.0 1.0 0.0 0.0 2.0 53.0 14.0 1.0 1.0 7.0 16.0 3.0 0.0 14.0 12.0 0.0 0.0 0.0 16.0 18.0 14.0 2.0 0.0 
25_1_023_138
1.0 0.0 0.0 0.0 0.0 0.0 -6.0 27.0 0.0 0.0 0.0 0.0 0.0 0.0 -16.0 81.0 9.0 10.0 40.0 1.0 0.0 0.0 0.0 7.0 4.0 3.0 12.0 3.0 6.0 0.0 0.0 7.0 17.0 0.0 0.0 0.0 0.0 0.0 -12.0 30.0 0.0 0.0 0.0 0.0 0.0 0.0 -6.0 88.0 4.0 4.0 33.0 47.0 0.0 0.0 0.0 -1.0 3.0 0.0 0.0 0.0 0.0 0.0 -22.0 87.0 0.0 0.0 0.0 0.0 0.0 0.0 -5.0 43.0 0.0 0.0 0.0 0.0 0.0 0.0 -6.0 85.0 0.0 0.0 7.0 59.0 11.0 0.0 0.0 0.0 0.0 0.0 0.0 0.0 0.0 0.0 -23.0 102.0 0.0 0.0 0.0 0.0 0.0 0.0 3.0 31.0 0.0 0.0 0.0 0.0 0.0 0.0 25.0 47.0 0.0 0.0 0.0 11.0 56.0 7.0 1.0 0.0 0.0 0.0 0.0 6.0 11.0 0.0 -10.0 41.0 
25_1_023_139
22.0 0.0 0.0 30.0 16.0 0.0 0.0 9.0 85.0 11.0 2.0 0.0 0.0 0.0 0.0 15.0 0.0 0.0 37.0 73.0 0.0 0.0 0.0 0.0 0.0 0.0 5.0 46.0 0.0 0.0 0.0 0.0 0.0 0.0 0.0 83.0 36.0 0.0 0.0 0.0 18.0 0.0 0.0 0.0 0.0 0.0 10.0 90.0 0.0 0.0 2.0 102.0 14.0 0.0 0.0 0.0 0.0 0.0 0.0 48.0 9.0 0.0 0.0 0.0 0.0 0.0 1.0 62.0 45.0 0.0 0.0 0.0 0.0 0.0 0.0 0.0 1.0 11.0 44.0 71.0 0.0 0.0 6.0 98.0 19.0 0.0 0.0 0.0 0.0 0.0 0.0 13.0 32.0 7.0 0.0 0.0 9.0 0.0 2.0 11.0 4.0 8.0 16.0 4.0 0.0 0.0 2.0 9.0 4.0 20.0 67.0 2.0 0.0 0.0 3.0 66.0 29.0 0.0 0.0 0.0 0.0 0.0 1.0 19.0 13.0 0.0 0.0 0.0 
25_1_023_140
13.0 6.0 5.0 9.0 2.0 2.0 0.0 3.0 4.0 0.0 0.0 0.0 3.0 5.0 55.0 45.0 0.0 0.0 19.0 34.0 38.0 17.0 0.0 0.0 8.0 3.0 8.0 2.0 8.0 2.0 18.0 75.0 0.0 0.0 0.0 3.0 12.0 12.0 28.0 6.0 19.0 2.0 2.0 0.0 8.0 5.0 13.0 49.0 0.0 7.0 43.0 53.0 43.0 7.0 0.0 0.0 0.0 2.0 0.0 0.0 0.0 0.0 90.0 102.0 1.0 1.0 4.0 3.0 2.0 3.0 13.0 18.0 37.0 0.0 3.0 7.0 1.0 3.0 18.0 42.0 2.0 0.0 8.0 67.0 28.0 4.0 13.0 7.0 77.0 12.0 0.0 0.0 0.0 0.0 24.0 60.0 1.0 7.0 4.0 4.0 0.0 0.0 7.0 1.0 9.0 7.0 9.0 0.0 0.0 0.0 18.0 24.0 7.0 30.0 34.0 38.0 7.0 0.0 0.0 1.0 24.0 11.0 8.0 0.0 0.0 0.0 1.0 58.0 
25_1_023_141
0.0 0.0 2.0 9.0 3.0 3.0 5.0 1.0 3.0 3.0 1.0 1.0 2.0 17.0 23.0 4.0 0.0 1.0 2.0 8.0 0.0 22.0 46.0 2.0 0.0 4.0 17.0 22.0 15.0 3.0 0.0 0.0 0.0 2.0 4.0 0.0 2.0 7.0 16.0 2.0 0.0 0.0 2.0 1.0 4.0 0.0 26.0 33.0 2.0 17.0 24.0 27.0 7.0 0.0 0.0 0.0 4.0 16.0 20.0 5.0 13.0 0.0 11.0 7.0 0.0 0.0 8.0 1.0 1.0 4.0 11.0 0.0 1.0 2.0 3.0 11.0 1.0 12.0 24.0 25.0 0.0 0.0 26.0 39.0 4.0 7.0 24.0 1.0 0.0 0.0 0.0 0.0 0.0 28.0 102.0 1.0 1.0 6.0 3.0 0.0 3.0 2.0 3.0 7.0 16.0 23.0 16.0 12.0 0.0 0.0 0.0 5.0 19.0 6.0 4.0 10.0 0.0 0.0 5.0 39.0 5.0 0.0 1.0 0.0 0.0 1.0 11.0 31.0 
25_1_023_142
0.0 0.0 1.0 50.0 27.0 6.0 2.0 0.0 0.0 0.0 0.0 0.0 5.0 17.0 22.0 37.0 0.0 0.0 13.0 20.0 6.0 12.0 6.0 0.0 0.0 0.0 2.0 0.0 3.0 5.0 3.0 1.0 0.0 0.0 33.0 45.0 39.0 4.0 0.0 0.0 0.0 4.0 9.0 5.0 0.0 0.0 -6.0 79.0 0.0 1.0 20.0 30.0 21.0 1.0 1.0 7.0 3.0 0.0 12.0 11.0 0.0 1.0 3.0 1.0 0.0 1.0 70.0 64.0 0.0 3.0 1.0 0.0 3.0 0.0 0.0 0.0 0.0 7.0 5.0 102.0 3.0 2.0 14.0 37.0 9.0 1.0 0.0 0.0 11.0 9.0 15.0 0.0 0.0 0.0 -1.0 5.0 15.0 1.0 11.0 43.0 4.0 1.0 1.0 2.0 38.0 0.0 0.0 0.0 0.0 0.0 -4.0 38.0 2.0 2.0 45.0 28.0 3.0 0.0 0.0 0.0 0.0 0.0 2.0 4.0 8.0 2.0 1.0 16.0 
25_1_023_143
6.0 0.0 2.0 2.0 2.0 2.0 1.0 15.0 5.0 0.0 0.0 0.0 0.0 0.0 -16.0 78.0 0.0 3.0 10.0 43.0 22.0 4.0 0.0 0.0 11.0 0.0 4.0 1.0 0.0 5.0 1.0 26.0 7.0 0.0 3.0 15.0 5.0 0.0 0.0 16.0 9.0 0.0 0.0 0.0 0.0 2.0 0.0 70.0 1.0 8.0 25.0 34.0 1.0 0.0 -2.0 9.0 4.0 0.0 0.0 3.0 4.0 10.0 17.0 12.0 46.0 6.0 2.0 3.0 0.0 0.0 -8.0 15.0 9.0 41.0 8.0 0.0 0.0 0.0 -1.0 40.0 25.0 4.0 39.0 11.0 0.0 5.0 7.0 -5.0 5.0 0.0 1.0 0.0 0.0 2.0 9.0 48.0 0.0 0.0 0.0 3.0 25.0 12.0 -1.0 18.0 4.0 9.0 21.0 7.0 8.0 10.0 -5.0 10.0 0.0 0.0 0.0 0.0 0.0 7.0 -18.0 102.0 0.0 0.0 3.0 6.0 0.0 2.0 12.0 9.0 
25_1_023_144
0.0 23.0 37.0 0.0 0.0 3.0 15.0 0.0 1.0 3.0 1.0 0.0 0.0 0.0 19.0 27.0 0.0 4.0 50.0 37.0 4.0 0.0 0.0 0.0 0.0 11.0 51.0 17.0 12.0 37.0 6.0 0.0 0.0 0.0 0.0 0.0 0.0 14.0 54.0 12.0 0.0 3.0 51.0 32.0 9.0 3.0 4.0 0.0 6.0 22.0 21.0 6.0 8.0 5.0 3.0 25.0 0.0 0.0 0.0 1.0 28.0 40.0 2.0 0.0 0.0 0.0 2.0 8.0 1.0 4.0 31.0 10.0 0.0 0.0 33.0 102.0 10.0 0.0 0.0 0.0 0.0 0.0 0.0 3.0 4.0 2.0 -2.0 76.0 6.0 1.0 0.0 8.0 20.0 17.0 6.0 14.0 0.0 0.0 0.0 17.0 18.0 3.0 0.0 0.0 0.0 0.0 21.0 57.0 16.0 0.0 0.0 0.0 0.0 4.0 39.0 67.0 5.0 0.0 0.0 0.0 0.0 8.0 37.0 3.0 0.0 0.0 0.0 0.0 
25_1_023_145
3.0 30.0 19.0 4.0 7.0 50.0 8.0 0.0 36.0 9.0 0.0 0.0 15.0 30.0 26.0 32.0 0.0 0.0 5.0 61.0 102.0 15.0 0.0 0.0 1.0 0.0 9.0 15.0 3.0 0.0 15.0 31.0 6.0 22.0 9.0 0.0 0.0 22.0 32.0 22.0 13.0 6.0 4.0 9.0 21.0 22.0 0.0 3.0 6.0 0.0 27.0 91.0 43.0 0.0 0.0 4.0 2.0 0.0 13.0 52.0 13.0 47.0 36.0 7.0 29.0 32.0 13.0 24.0 1.0 2.0 1.0 5.0 43.0 57.0 4.0 3.0 4.0 10.0 13.0 12.0 0.0 2.0 12.0 39.0 18.0 50.0 23.0 13.0 0.0 0.0 35.0 77.0 17.0 9.0 7.0 6.0 0.0 0.0 0.0 2.0 7.0 41.0 22.0 4.0 1.0 0.0 0.0 0.0 5.0 39.0 21.0 6.0 8.0 5.0 7.0 5.0 4.0 6.0 3.0 12.0 1.0 0.0 14.0 65.0 27.0 18.0 12.0 1.0 
25_1_023_146
0.0 0.0 0.0 1.0 7.0 16.0 7.0 27.0 4.0 3.0 2.0 0.0 1.0 37.0 28.0 6.0 0.0 0.0 0.0 0.0 2.0 37.0 33.0 12.0 0.0 0.0 0.0 1.0 4.0 5.0 6.0 7.0 6.0 10.0 1.0 0.0 0.0 8.0 29.0 32.0 13.0 6.0 12.0 2.0 0.0 33.0 39.0 3.0 1.0 18.0 10.0 6.0 2.0 9.0 -4.0 35.0 1.0 8.0 4.0 2.0 0.0 0.0 -10.0 36.0 0.0 0.0 9.0 0.0 0.0 7.0 50.0 45.0 4.0 3.0 1.0 0.0 2.0 9.0 10.0 19.0 0.0 0.0 9.0 51.0 11.0 0.0 1.0 4.0 6.0 11.0 3.0 1.0 0.0 0.0 -18.0 51.0 0.0 1.0 23.0 14.0 12.0 0.0 9.0 4.0 15.0 13.0 0.0 0.0 6.0 0.0 -35.0 102.0 2.0 15.0 10.0 13.0 28.0 0.0 0.0 0.0 0.0 4.0 5.0 1.0 1.0 14.0 8.0 1.0 
25_1_023_147
0.0 20.0 66.0 2.0 0.0 0.0 0.0 0.0 5.0 12.0 17.0 3.0 0.0 2.0 3.0 11.0 102.0 19.0 6.0 0.0 0.0 0.0 0.0 18.0 18.0 3.0 0.0 0.0 0.0 0.0 1.0 7.0 1.0 8.0 6.0 0.0 0.0 5.0 13.0 4.0 4.0 2.0 12.0 14.0 8.0 16.0 9.0 12.0 32.0 0.0 1.0 12.0 9.0 28.0 8.0 35.0 66.0 40.0 0.0 0.0 0.0 0.0 0.0 4.0 2.0 0.0 0.0 0.0 0.0 24.0 28.0 8.0 0.0 0.0 8.0 6.0 3.0 18.0 32.0 6.0 3.0 0.0 15.0 56.0 6.0 0.0 0.0 0.0 31.0 8.0 0.0 0.0 0.0 0.0 0.0 14.0 0.0 0.0 20.0 17.0 4.0 1.0 0.0 0.0 0.0 4.0 37.0 17.0 0.0 6.0 4.0 0.0 0.0 0.0 11.0 47.0 10.0 5.0 2.0 0.0 35.0 4.0 9.0 2.0 0.0 0.0 0.0 20.0 
25_1_023_148
9.0 3.0 0.0 3.0 1.0 3.0 20.0 68.0 0.0 0.0 2.0 27.0 55.0 38.0 3.0 1.0 13.0 14.0 1.0 0.0 7.0 46.0 60.0 0.0 11.0 2.0 0.0 0.0 8.0 9.0 20.0 26.0 1.0 1.0 6.0 12.0 10.0 11.0 22.0 93.0 11.0 8.0 1.0 0.0 13.0 3.0 -8.0 35.0 3.0 2.0 6.0 50.0 19.0 0.0 0.0 7.0 15.0 44.0 5.0 7.0 0.0 0.0 4.0 33.0 34.0 29.0 33.0 7.0 6.0 8.0 3.0 102.0 9.0 4.0 0.0 4.0 3.0 5.0 -5.0 37.0 10.0 7.0 22.0 26.0 13.0 25.0 8.0 3.0 3.0 8.0 24.0 13.0 11.0 36.0 0.0 0.0 0.0 12.0 7.0 5.0 2.0 11.0 33.0 8.0 35.0 34.0 12.0 0.0 1.0 1.0 7.0 16.0 9.0 34.0 42.0 23.0 4.0 11.0 6.0 14.0 9.0 4.0 3.0 12.0 5.0 18.0 7.0 8.0 
25_1_023_149
4.0 17.0 11.0 4.0 9.0 9.0 55.0 14.0 4.0 22.0 8.0 16.0 41.0 34.0 21.0 11.0 0.0 0.0 4.0 20.0 48.0 46.0 44.0 9.0 10.0 20.0 8.0 3.0 15.0 37.0 9.0 2.0 22.0 19.0 2.0 1.0 45.0 46.0 2.0 7.0 21.0 24.0 3.0 7.0 10.0 3.0 48.0 19.0 12.0 6.0 9.0 15.0 16.0 7.0 8.0 11.0 6.0 34.0 79.0 72.0 49.0 10.0 15.0 5.0 0.0 0.0 18.0 52.0 20.0 11.0 4.0 5.0 20.0 0.0 0.0 7.0 3.0 6.0 13.0 58.0 2.0 7.0 5.0 39.0 30.0 5.0 0.0 4.0 18.0 22.0 51.0 38.0 17.0 21.0 13.0 5.0 17.0 44.0 31.0 26.0 5.0 5.0 3.0 1.0 44.0 102.0 51.0 13.0 17.0 2.0 0.0 18.0 38.0 10.0 34.0 44.0 2.0 1.0 3.0 18.0 16.0 10.0 17.0 55.0 8.0 0.0 25.0 17.0 
25_1_023_150
21.0 7.0 0.0 0.0 0.0 10.0 21.0 13.0 0.0 16.0 3.0 4.0 26.0 37.0 11.0 0.0 0.0 0.0 10.0 44.0 30.0 6.0 8.0 0.0 0.0 11.0 16.0 58.0 45.0 27.0 4.0 0.0 11.0 2.0 0.0 8.0 18.0 17.0 52.0 14.0 29.0 19.0 16.0 18.0 12.0 0.0 11.0 38.0 20.0 54.0 82.0 102.0 10.0 1.0 0.0 0.0 73.0 30.0 0.0 36.0 40.0 8.0 0.0 10.0 13.0 2.0 15.0 36.0 6.0 11.0 15.0 42.0 62.0 16.0 29.0 69.0 26.0 30.0 3.0 7.0 9.0 12.0 44.0 59.0 45.0 22.0 2.0 14.0 38.0 4.0 0.0 11.0 19.0 12.0 14.0 23.0 3.0 23.0 30.0 7.0 4.0 19.0 7.0 0.0 1.0 0.0 0.0 22.0 26.0 17.0 5.0 0.0 0.0 0.0 10.0 12.0 20.0 47.0 23.0 0.0 7.0 8.0 17.0 27.0 17.0 14.0 4.0 2.0 
25_1_023_151
0.0 0.0 1.0 24.0 2.0 0.0 0.0 0.0 26.0 0.0 0.0 0.0 0.0 0.0 7.0 64.0 2.0 5.0 7.0 102.0 96.0 0.0 0.0 0.0 0.0 0.0 0.0 7.0 17.0 4.0 23.0 30.0 0.0 0.0 0.0 21.0 9.0 0.0 0.0 0.0 15.0 0.0 0.0 2.0 4.0 2.0 28.0 29.0 3.0 7.0 30.0 58.0 16.0 1.0 0.0 0.0 0.0 0.0 0.0 21.0 42.0 3.0 6.0 22.0 0.0 0.0 7.0 20.0 5.0 0.0 0.0 0.0 14.0 1.0 2.0 0.0 1.0 0.0 1.0 64.0 4.0 0.0 30.0 81.0 1.0 0.0 0.0 1.0 2.0 0.0 1.0 18.0 15.0 0.0 10.0 12.0 0.0 0.0 6.0 21.0 1.0 0.0 0.0 0.0 3.0 0.0 0.0 1.0 0.0 0.0 3.0 36.0 1.0 0.0 1.0 67.0 7.0 1.0 0.0 0.0 2.0 4.0 2.0 0.0 3.0 3.0 6.0 23.0 
25_1_023_152
0.0 1.0 5.0 4.0 4.0 0.0 0.0 0.0 0.0 0.0 17.0 78.0 8.0 0.0 0.0 0.0 23.0 5.0 13.0 16.0 0.0 0.0 3.0 20.0 8.0 13.0 9.0 0.0 0.0 0.0 0.0 5.0 0.0 0.0 0.0 2.0 16.0 7.0 0.0 0.0 0.0 0.0 5.0 102.0 26.0 0.0 0.0 0.0 0.0 3.0 8.0 6.0 16.0 21.0 17.0 5.0 1.0 8.0 13.0 5.0 3.0 0.0 2.0 0.0 0.0 0.0 0.0 1.0 6.0 11.0 5.0 0.0 0.0 0.0 1.0 55.0 72.0 2.0 0.0 0.0 0.0 0.0 0.0 2.0 24.0 50.0 8.0 0.0 0.0 0.0 0.0 0.0 11.0 81.0 10.0 0.0 0.0 0.0 1.0 4.0 1.0 2.0 8.0 1.0 0.0 0.0 55.0 65.0 0.0 0.0 0.0 0.0 9.0 3.0 3.0 0.0 0.0 0.0 5.0 44.0 0.0 0.0 0.0 0.0 0.0 8.0 11.0 7.0 
25_1_023_153
0.0 0.0 3.0 11.0 8.0 0.0 0.0 0.0 0.0 2.0 11.0 9.0 2.0 1.0 0.0 0.0 0.0 10.0 83.0 32.0 0.0 0.0 0.0 0.0 0.0 0.0 6.0 6.0 0.0 13.0 12.0 8.0 0.0 0.0 0.0 7.0 10.0 5.0 0.0 0.0 0.0 0.0 48.0 61.0 9.0 0.0 0.0 0.0 0.0 0.0 32.0 45.0 13.0 21.0 -2.0 12.0 0.0 6.0 1.0 3.0 1.0 6.0 -2.0 43.0 0.0 0.0 23.0 7.0 3.0 11.0 2.0 0.0 0.0 2.0 35.0 78.0 21.0 0.0 0.0 0.0 1.0 6.0 5.0 2.0 49.0 22.0 -1.0 2.0 9.0 14.0 6.0 1.0 24.0 5.0 0.0 0.0 0.0 2.0 102.0 3.0 0.0 0.0 0.0 0.0 1.0 17.0 18.0 0.0 0.0 0.0 16.0 28.0 0.0 0.0 0.0 0.0 10.0 32.0 13.0 0.0 0.0 0.0 0.0 0.0 49.0 30.0 0.0 0.0 
25_1_023_154
16.0 0.0 0.0 0.0 0.0 0.0 26.0 95.0 3.0 6.0 28.0 9.0 1.0 1.0 2.0 0.0 0.0 0.0 79.0 43.0 0.0 0.0 0.0 0.0 0.0 0.0 21.0 43.0 0.0 0.0 0.0 0.0 50.0 4.0 0.0 0.0 0.0 0.0 19.0 31.0 21.0 9.0 40.0 48.0 0.0 1.0 15.0 16.0 1.0 4.0 30.0 26.0 7.0 1.0 1.0 1.0 0.0 0.0 3.0 32.0 23.0 25.0 0.0 0.0 14.0 0.0 0.0 0.0 0.0 4.0 102.0 55.0 0.0 0.0 35.0 91.0 4.0 0.0 10.0 0.0 2.0 2.0 2.0 0.0 6.0 3.0 12.0 10.0 0.0 6.0 23.0 5.0 19.0 19.0 0.0 0.0 14.0 2.0 18.0 14.0 0.0 2.0 20.0 32.0 0.0 0.0 52.0 32.0 6.0 3.0 1.0 0.0 1.0 9.0 37.0 2.0 0.0 0.0 0.0 4.0 0.0 16.0 63.0 0.0 0.0 0.0 0.0 0.0 
25_1_023_155
0.0 2.0 1.0 0.0 0.0 0.0 5.0 3.0 0.0 0.0 26.0 44.0 0.0 0.0 0.0 0.0 0.0 0.0 11.0 42.0 11.0 2.0 0.0 0.0 0.0 0.0 0.0 0.0 1.0 6.0 25.0 7.0 2.0 0.0 5.0 3.0 0.0 0.0 0.0 4.0 0.0 0.0 9.0 102.0 2.0 0.0 0.0 0.0 0.0 0.0 1.0 14.0 4.0 10.0 2.0 0.0 0.0 0.0 0.0 0.0 0.0 3.0 16.0 14.0 1.0 0.0 0.0 4.0 0.0 0.0 2.0 6.0 0.0 0.0 25.0 79.0 2.0 0.0 0.0 0.0 2.0 1.0 0.0 0.0 6.0 14.0 6.0 4.0 4.0 2.0 10.0 14.0 1.0 2.0 2.0 13.0 0.0 0.0 0.0 8.0 0.0 0.0 6.0 5.0 0.0 0.0 9.0 57.0 3.0 0.0 0.0 0.0 2.0 1.0 0.0 4.0 1.0 0.0 2.0 4.0 0.0 0.0 3.0 4.0 3.0 6.0 15.0 4.0 
25_1_023_156
3.0 28.0 8.0 0.0 0.0 0.0 0.0 0.0 16.0 14.0 7.0 4.0 0.0 0.0 0.0 0.0 0.0 0.0 7.0 102.0 1.0 0.0 0.0 0.0 14.0 0.0 0.0 0.0 0.0 0.0 0.0 34.0 3.0 10.0 13.0 6.0 0.0 0.0 0.0 0.0 33.0 8.0 6.0 0.0 0.0 0.0 0.0 2.0 0.0 0.0 19.0 80.0 1.0 0.0 0.0 0.0 0.0 0.0 0.0 0.0 0.0 0.0 20.0 28.0 0.0 0.0 14.0 14.0 2.0 0.0 0.0 0.0 21.0 4.0 0.0 0.0 0.0 0.0 0.0 16.0 0.0 0.0 6.0 45.0 12.0 9.0 2.0 0.0 0.0 0.0 3.0 2.0 0.0 4.0 38.0 14.0 0.0 8.0 13.0 0.0 0.0 0.0 0.0 0.0 3.0 1.0 0.0 0.0 0.0 5.0 20.0 22.0 0.0 0.0 1.0 0.0 1.0 33.0 26.0 0.0 0.0 0.0 9.0 23.0 6.0 5.0 1.0 0.0 
25_1_023_157
1.0 0.0 0.0 0.0 0.0 3.0 3.0 1.0 0.0 0.0 0.0 24.0 14.0 0.0 0.0 0.0 0.0 0.0 0.0 61.0 6.0 0.0 0.0 0.0 2.0 1.0 0.0 0.0 0.0 0.0 2.0 1.0 8.0 3.0 0.0 0.0 0.0 3.0 1.0 3.0 0.0 2.0 11.0 17.0 1.0 0.0 0.0 0.0 0.0 0.0 4.0 102.0 7.0 0.0 0.0 0.0 1.0 2.0 1.0 0.0 0.0 0.0 0.0 1.0 4.0 3.0 14.0 1.0 1.0 2.0 1.0 1.0 0.0 11.0 16.0 3.0 5.0 6.0 0.0 0.0 0.0 0.0 7.0 84.0 17.0 0.0 0.0 0.0 1.0 2.0 2.0 0.0 0.0 0.0 1.0 0.0 0.0 1.0 1.0 1.0 0.0 1.0 6.0 1.0 0.0 0.0 0.0 1.0 9.0 12.0 5.0 0.0 0.0 0.0 0.0 77.0 16.0 0.0 0.0 0.0 0.0 1.0 0.0 0.0 0.0 0.0 1.0 1.0 
25_1_023_158
1.0 4.0 1.0 6.0 6.0 0.0 0.0 0.0 0.0 1.0 0.0 0.0 0.0 3.0 1.0 12.0 0.0 1.0 1.0 4.0 10.0 5.0 0.0 0.0 0.0 0.0 0.0 0.0 1.0 22.0 8.0 0.0 0.0 0.0 11.0 6.0 2.0 0.0 0.0 0.0 2.0 46.0 35.0 16.0 0.0 0.0 0.0 0.0 59.0 75.0 0.0 0.0 0.0 0.0 0.0 0.0 23.0 35.0 1.0 0.0 0.0 0.0 0.0 1.0 0.0 0.0 5.0 13.0 7.0 0.0 0.0 0.0 0.0 0.0 14.0 102.0 7.0 0.0 0.0 0.0 28.0 15.0 1.0 4.0 10.0 5.0 -1.0 3.0 10.0 73.0 3.0 0.0 0.0 1.0 5.0 8.0 0.0 0.0 3.0 10.0 10.0 4.0 0.0 0.0 0.0 4.0 1.0 4.0 28.0 34.0 0.0 0.0 0.0 1.0 14.0 14.0 45.0 38.0 0.0 0.0 0.0 0.0 0.0 1.0 5.0 7.0 31.0 12.0 
25_1_023_159
0.0 0.0 1.0 4.0 15.0 1.0 -1.0 6.0 0.0 2.0 0.0 52.0 47.0 0.0 0.0 0.0 27.0 0.0 0.0 0.0 4.0 2.0 4.0 18.0 0.0 0.0 0.0 1.0 21.0 21.0 11.0 4.0 0.0 1.0 1.0 6.0 0.0 0.0 -10.0 26.0 0.0 0.0 12.0 102.0 4.0 0.0 0.0 0.0 0.0 0.0 4.0 4.0 0.0 7.0 15.0 31.0 0.0 0.0 0.0 2.0 6.0 1.0 -12.0 72.0 2.0 0.0 0.0 1.0 1.0 0.0 1.0 10.0 0.0 0.0 1.0 22.0 52.0 10.0 0.0 0.0 0.0 0.0 0.0 0.0 0.0 50.0 39.0 0.0 0.0 0.0 0.0 0.0 0.0 13.0 13.0 10.0 2.0 2.0 0.0 2.0 4.0 4.0 0.0 2.0 -2.0 7.0 0.0 2.0 2.0 3.0 3.0 1.0 0.0 0.0 0.0 0.0 2.0 4.0 6.0 2.0 0.0 0.0 0.0 0.0 0.0 4.0 12.0 2.0 
25_1_023_160
0.0 0.0 0.0 7.0 13.0 14.0 3.0 0.0 0.0 3.0 10.0 12.0 4.0 0.0 0.0 1.0 3.0 5.0 0.0 0.0 0.0 2.0 2.0 10.0 0.0 0.0 3.0 16.0 16.0 10.0 0.0 0.0 0.0 8.0 10.0 9.0 7.0 0.0 0.0 0.0 0.0 0.0 13.0 12.0 6.0 14.0 31.0 1.0 4.0 11.0 21.0 54.0 8.0 11.0 1.0 0.0 0.0 7.0 5.0 7.0 1.0 2.0 -40.0 102.0 0.0 16.0 22.0 4.0 0.0 0.0 0.0 0.0 38.0 13.0 6.0 0.0 0.0 0.0 6.0 17.0 0.0 0.0 7.0 52.0 57.0 9.0 0.0 0.0 29.0 3.0 4.0 12.0 30.0 0.0 -19.0 43.0 0.0 1.0 14.0 18.0 25.0 0.0 0.0 0.0 5.0 2.0 2.0 0.0 0.0 0.0 -11.0 51.0 0.0 0.0 6.0 2.0 1.0 2.0 -1.0 30.0 9.0 0.0 9.0 62.0 31.0 1.0 0.0 0.0 
25_1_023_161
0.0 0.0 0.0 2.0 1.0 0.0 0.0 0.0 0.0 0.0 1.0 5.0 0.0 0.0 2.0 0.0 0.0 0.0 21.0 80.0 0.0 0.0 0.0 0.0 0.0 0.0 1.0 3.0 0.0 0.0 0.0 1.0 0.0 0.0 0.0 1.0 0.0 0.0 0.0 0.0 0.0 0.0 3.0 16.0 0.0 0.0 0.0 2.0 0.0 0.0 13.0 102.0 3.0 0.0 0.0 0.0 0.0 0.0 2.0 5.0 1.0 0.0 0.0 0.0 0.0 0.0 0.0 2.0 0.0 0.0 0.0 1.0 0.0 0.0 5.0 28.0 0.0 0.0 0.0 0.0 0.0 0.0 15.0 79.0 6.0 0.0 0.0 0.0 0.0 0.0 2.0 12.0 2.0 0.0 0.0 0.0 0.0 0.0 0.0 0.0 0.0 0.0 0.0 1.0 0.0 0.0 8.0 36.0 0.0 0.0 0.0 0.0 0.0 0.0 15.0 43.0 2.0 0.0 0.0 0.0 0.0 0.0 5.0 7.0 0.0 0.0 0.0 0.0 
25_1_023_162
0.0 0.0 0.0 0.0 0.0 0.0 3.0 4.0 1.0 0.0 0.0 8.0 0.0 0.0 1.0 2.0 0.0 0.0 5.0 87.0 0.0 0.0 0.0 0.0 0.0 0.0 0.0 1.0 2.0 0.0 0.0 0.0 1.0 0.0 0.0 0.0 0.0 0.0 1.0 1.0 1.0 0.0 3.0 14.0 0.0 0.0 0.0 0.0 0.0 0.0 7.0 102.0 1.0 0.0 0.0 0.0 0.0 0.0 0.0 2.0 1.0 0.0 1.0 4.0 1.0 1.0 0.0 0.0 0.0 0.0 0.0 0.0 2.0 0.0 3.0 18.0 0.0 0.0 0.0 0.0 0.0 0.0 11.0 96.0 0.0 0.0 0.0 0.0 0.0 0.0 0.0 1.0 0.0 0.0 2.0 3.0 2.0 0.0 0.0 0.0 0.0 0.0 0.0 0.0 0.0 0.0 5.0 20.0 0.0 0.0 0.0 0.0 0.0 0.0 11.0 60.0 0.0 0.0 0.0 0.0 2.0 0.0 0.0 0.0 0.0 0.0 0.0 2.0 
25_1_023_163
0.0 0.0 0.0 2.0 3.0 0.0 0.0 0.0 0.0 0.0 0.0 62.0 44.0 0.0 0.0 0.0 0.0 0.0 0.0 8.0 20.0 0.0 0.0 0.0 0.0 0.0 0.0 0.0 1.0 3.0 1.0 0.0 4.0 0.0 1.0 1.0 0.0 0.0 -1.0 1.0 0.0 0.0 15.0 102.0 5.0 0.0 0.0 0.0 0.0 0.0 0.0 19.0 16.0 2.0 0.0 0.0 0.0 0.0 0.0 0.0 11.0 5.0 0.0 0.0 80.0 0.0 2.0 0.0 0.0 0.0 0.0 -14.0 -1.0 5.0 18.0 77.0 0.0 0.0 0.0 0.0 0.0 0.0 2.0 20.0 4.0 0.0 0.0 0.0 0.0 0.0 0.0 2.0 6.0 0.0 0.0 0.0 25.0 0.0 0.0 4.0 2.0 0.0 -16.0 29.0 6.0 15.0 17.0 11.0 0.0 0.0 0.0 -4.0 0.0 0.0 0.0 16.0 2.0 0.0 0.0 0.0 0.0 0.0 1.0 0.0 0.0 0.0 0.0 0.0 
