25_1_017_0
0.0 0.0 0.0 0.0 0.0 1.0 7.0 4.0 0.0 4.0 3.0 0.0 0.0 3.0 4.0 4.0 0.0 50.0 60.0 0.0 0.0 2.0 0.0 0.0 7.0 77.0 54.0 0.0 0.0 0.0 1.0 6.0 0.0 24.0 31.0 0.0 0.0 1.0 7.0 0.0 0.0 30.0 75.0 12.0 0.0 0.0 0.0 0.0 0.0 25.0 102.0 69.0 0.0 0.0 2.0 1.0 2.0 3.0 2.0 0.0 0.0 0.0 95.0 46.0 1.0 40.0 5.0 0.0 3.0 2.0 0.0 0.0 0.0 11.0 21.0 20.0 0.0 0.0 0.0 0.0 0.0 0.0 6.0 98.0 5.0 0.0 56.0 35.0 2.0 6.0 40.0 0.0 0.0 0.0 45.0 23.0 0.0 10.0 12.0 2.0 16.0 32.0 0.0 0.0 0.0 3.0 24.0 18.0 11.0 5.0 0.0 0.0 6.0 1.0 4.0 22.0 5.0 3.0 12.0 18.0 0.0 5.0 10.0 1.0 0.0 35.0 37.0 0.0 
25_1_017_1
11.0 0.0 0.0 4.0 1.0 0.0 0.0 23.0 0.0 0.0 1.0 3.0 1.0 0.0 0.0 0.0 0.0 1.0 3.0 4.0 4.0 1.0 0.0 0.0 0.0 0.0 0.0 5.0 1.0 0.0 0.0 0.0 42.0 1.0 0.0 1.0 0.0 0.0 0.0 40.0 0.0 0.0 0.0 3.0 5.0 3.0 2.0 1.0 0.0 0.0 1.0 5.0 7.0 3.0 0.0 0.0 0.0 0.0 0.0 3.0 2.0 1.0 1.0 0.0 43.0 0.0 0.0 0.0 0.0 0.0 0.0 102.0 3.0 1.0 1.0 8.0 0.0 0.0 0.0 1.0 0.0 4.0 14.0 5.0 0.0 0.0 0.0 0.0 0.0 0.0 10.0 4.0 0.0 0.0 0.0 0.0 21.0 0.0 0.0 0.0 7.0 5.0 1.0 77.0 3.0 0.0 3.0 10.0 0.0 0.0 0.0 9.0 0.0 2.0 6.0 3.0 0.0 1.0 0.0 0.0 0.0 0.0 3.0 8.0 1.0 1.0 0.0 0.0 
25_1_017_2
0.0 0.0 0.0 32.0 81.0 14.0 0.0 0.0 0.0 0.0 0.0 0.0 18.0 102.0 0.0 0.0 5.0 0.0 0.0 0.0 10.0 88.0 -3.0 8.0 19.0 0.0 0.0 0.0 5.0 28.0 7.0 -3.0 0.0 0.0 0.0 30.0 38.0 0.0 -2.0 7.0 0.0 0.0 0.0 11.0 18.0 5.0 1.0 0.0 0.0 0.0 0.0 17.0 8.0 0.0 -1.0 3.0 0.0 0.0 0.0 1.0 16.0 11.0 9.0 6.0 0.0 0.0 0.0 6.0 9.0 0.0 -10.0 28.0 0.0 0.0 2.0 46.0 38.0 1.0 0.0 0.0 0.0 0.0 5.0 26.0 2.0 0.0 6.0 7.0 0.0 0.0 0.0 8.0 12.0 6.0 26.0 35.0 9.0 0.0 0.0 0.0 0.0 0.0 -11.0 21.0 3.0 0.0 1.0 62.0 13.0 0.0 0.0 0.0 0.0 0.0 5.0 9.0 0.0 0.0 5.0 26.0 4.0 0.0 2.0 4.0 0.0 0.0 0.0 29.0 
25_1_017_3
1.0 0.0 1.0 31.0 0.0 0.0 0.0 9.0 0.0 0.0 0.0 56.0 78.0 19.0 0.0 0.0 0.0 0.0 0.0 0.0 102.0 60.0 -1.0 4.0 39.0 2.0 0.0 0.0 18.0 18.0 -36.0 88.0 0.0 0.0 0.0 36.0 4.0 0.0 0.0 17.0 0.0 0.0 0.0 65.0 13.0 6.0 0.0 0.0 0.0 0.0 2.0 32.0 9.0 3.0 0.0 1.0 0.0 0.0 0.0 0.0 45.0 32.0 0.0 1.0 0.0 1.0 6.0 25.0 1.0 0.0 -6.0 29.0 0.0 0.0 37.0 63.0 5.0 0.0 0.0 0.0 0.0 0.0 22.0 14.0 1.0 0.0 28.0 6.0 0.0 0.0 0.0 23.0 14.0 20.0 33.0 2.0 0.0 3.0 12.0 23.0 0.0 0.0 -7.0 22.0 0.0 0.0 31.0 39.0 0.0 0.0 1.0 3.0 0.0 0.0 0.0 0.0 0.0 0.0 70.0 27.0 0.0 0.0 11.0 62.0 1.0 0.0 6.0 0.0 
25_1_017_4
0.0 7.0 6.0 0.0 0.0 0.0 0.0 0.0 0.0 1.0 14.0 80.0 0.0 0.0 0.0 0.0 0.0 0.0 7.0 11.0 0.0 0.0 22.0 10.0 0.0 0.0 1.0 0.0 0.0 0.0 78.0 24.0 0.0 3.0 2.0 0.0 0.0 0.0 4.0 1.0 0.0 0.0 12.0 102.0 0.0 0.0 0.0 0.0 1.0 1.0 0.0 9.0 0.0 0.0 91.0 57.0 1.0 9.0 36.0 0.0 0.0 0.0 13.0 7.0 0.0 0.0 7.0 8.0 7.0 2.0 0.0 0.0 0.0 0.0 8.0 52.0 11.0 4.0 3.0 0.0 1.0 18.0 6.0 0.0 0.0 0.0 30.0 31.0 0.0 9.0 21.0 0.0 0.0 11.0 8.0 0.0 0.0 17.0 24.0 0.0 0.0 0.0 0.0 0.0 0.0 20.0 19.0 1.0 0.0 0.0 0.0 1.0 0.0 8.0 1.0 0.0 0.0 2.0 61.0 6.0 0.0 0.0 0.0 0.0 0.0 30.0 67.0 0.0 
25_1_017_5
0.0 0.0 46.0 56.0 0.0 0.0 0.0 0.0 1.0 0.0 0.0 5.0 1.0 3.0 24.0 1.0 3.0 0.0 0.0 0.0 0.0 0.0 18.0 14.0 7.0 14.0 0.0 0.0 0.0 0.0 7.0 9.0 0.0 0.0 42.0 26.0 0.0 1.0 5.0 0.0 0.0 5.0 11.0 26.0 5.0 3.0 10.0 0.0 37.0 0.0 0.0 0.0 0.0 0.0 1.0 36.0 0.0 0.0 3.0 2.0 0.0 0.0 1.0 0.0 0.0 1.0 2.0 0.0 0.0 0.0 30.0 14.0 0.0 0.0 3.0 102.0 14.0 2.0 11.0 0.0 58.0 1.0 0.0 0.0 0.0 0.0 0.0 52.0 1.0 0.0 0.0 0.0 0.0 3.0 9.0 7.0 0.0 0.0 0.0 0.0 0.0 0.0 20.0 22.0 0.0 0.0 18.0 102.0 0.0 0.0 0.0 0.0 22.0 0.0 0.0 1.0 0.0 0.0 0.0 31.0 25.0 0.0 0.0 0.0 0.0 0.0 0.0 25.0 
25_1_017_6
2.0 2.0 2.0 0.0 0.0 0.0 5.0 28.0 1.0 0.0 1.0 11.0 0.0 0.0 0.0 24.0 0.0 0.0 0.0 6.0 0.0 0.0 1.0 0.0 0.0 0.0 1.0 2.0 5.0 2.0 0.0 0.0 3.0 0.0 0.0 0.0 0.0 1.0 4.0 42.0 0.0 0.0 4.0 15.0 0.0 0.0 3.0 22.0 1.0 2.0 1.0 2.0 1.0 0.0 0.0 0.0 2.0 1.0 9.0 3.0 0.0 0.0 0.0 1.0 30.0 4.0 1.0 0.0 0.0 0.0 7.0 62.0 0.0 0.0 1.0 25.0 1.0 0.0 3.0 12.0 0.0 0.0 0.0 0.0 1.0 2.0 7.0 1.0 0.0 0.0 0.0 6.0 4.0 3.0 0.0 1.0 4.0 0.0 0.0 0.0 0.0 0.0 12.0 102.0 0.0 0.0 2.0 17.0 0.0 0.0 0.0 3.0 1.0 0.0 0.0 0.0 0.0 0.0 3.0 4.0 0.0 2.0 2.0 4.0 5.0 1.0 0.0 0.0 
25_1_017_7
0.0 2.0 5.0 2.0 1.0 0.0 0.0 0.0 1.0 5.0 4.0 22.0 1.0 0.0 0.0 0.0 0.0 0.0 9.0 76.0 0.0 0.0 0.0 0.0 0.0 1.0 5.0 0.0 0.0 0.0 9.0 6.0 0.0 9.0 10.0 0.0 0.0 0.0 0.0 0.0 4.0 2.0 7.0 16.0 3.0 1.0 2.0 0.0 0.0 0.0 9.0 102.0 1.0 0.0 1.0 0.0 0.0 0.0 0.0 0.0 0.0 0.0 101.0 36.0 0.0 0.0 0.0 0.0 0.0 3.0 3.0 4.0 0.0 0.0 8.0 24.0 0.0 0.0 2.0 0.0 0.0 0.0 13.0 81.0 2.0 0.0 34.0 18.0 3.0 11.0 8.0 0.0 0.0 0.0 38.0 47.0 0.0 2.0 7.0 5.0 12.0 2.0 0.0 0.0 0.0 2.0 11.0 18.0 1.0 0.0 0.0 0.0 0.0 2.0 0.0 15.0 10.0 7.0 23.0 10.0 0.0 15.0 9.0 0.0 0.0 0.0 0.0 3.0 
25_1_017_8
3.0 0.0 0.0 4.0 15.0 8.0 2.0 3.0 0.0 0.0 6.0 23.0 40.0 49.0 4.0 0.0 0.0 7.0 40.0 15.0 23.0 78.0 19.0 2.0 1.0 0.0 6.0 5.0 13.0 42.0 5.0 1.0 0.0 0.0 0.0 7.0 44.0 8.0 5.0 5.0 0.0 0.0 4.0 9.0 40.0 64.0 16.0 7.0 0.0 6.0 59.0 81.0 102.0 33.0 1.0 0.0 0.0 1.0 23.0 56.0 61.0 23.0 0.0 0.0 0.0 0.0 1.0 48.0 26.0 1.0 0.0 0.0 19.0 6.0 13.0 16.0 14.0 3.0 9.0 14.0 0.0 0.0 24.0 74.0 57.0 86.0 5.0 0.0 0.0 0.0 6.0 35.0 71.0 57.0 7.0 0.0 0.0 0.0 0.0 51.0 27.0 1.0 2.0 0.0 15.0 12.0 3.0 1.0 5.0 4.0 19.0 10.0 7.0 0.0 49.0 7.0 14.0 30.0 20.0 3.0 2.0 26.0 68.0 23.0 0.0 12.0 10.0 1.0 
25_1_017_9
0.0 0.0 47.0 46.0 0.0 0.0 0.0 0.0 0.0 0.0 6.0 29.0 16.0 3.0 0.0 0.0 1.0 1.0 19.0 30.0 27.0 0.0 0.0 1.0 8.0 19.0 9.0 21.0 26.0 1.0 0.0 8.0 1.0 0.0 48.0 18.0 2.0 0.0 0.0 4.0 5.0 3.0 4.0 11.0 25.0 12.0 19.0 14.0 0.0 28.0 51.0 86.0 23.0 5.0 3.0 0.0 12.0 42.0 16.0 21.0 64.0 16.0 0.0 0.0 9.0 1.0 3.0 0.0 5.0 21.0 12.0 5.0 0.0 28.0 33.0 68.0 28.0 4.0 0.0 0.0 1.0 34.0 102.0 39.0 35.0 0.0 0.0 0.0 0.0 11.0 37.0 79.0 21.0 2.0 1.0 0.0 3.0 11.0 8.0 3.0 6.0 0.0 17.0 23.0 15.0 42.0 14.0 2.0 56.0 16.0 0.0 0.0 0.0 6.0 13.0 59.0 75.0 11.0 0.0 0.0 5.0 12.0 10.0 3.0 1.0 5.0 8.0 9.0 
25_1_017_10
0.0 0.0 4.0 38.0 11.0 1.0 0.0 0.0 0.0 0.0 2.0 60.0 7.0 0.0 0.0 0.0 0.0 0.0 2.0 65.0 5.0 0.0 0.0 0.0 0.0 0.0 0.0 0.0 1.0 0.0 5.0 1.0 0.0 2.0 12.0 8.0 0.0 0.0 0.0 0.0 0.0 0.0 14.0 25.0 5.0 6.0 1.0 0.0 0.0 0.0 3.0 93.0 16.0 0.0 0.0 0.0 0.0 0.0 0.0 0.0 0.0 0.0 8.0 4.0 14.0 2.0 2.0 0.0 0.0 0.0 0.0 7.0 0.0 0.0 4.0 22.0 0.0 0.0 6.0 3.0 0.0 0.0 16.0 102.0 1.0 0.0 0.0 0.0 0.0 0.0 0.0 0.0 0.0 0.0 12.0 7.0 2.0 0.0 0.0 0.0 0.0 1.0 6.0 8.0 0.0 0.0 6.0 34.0 0.0 0.0 8.0 1.0 0.0 0.0 5.0 62.0 2.0 0.0 1.0 0.0 0.0 0.0 0.0 0.0 0.0 0.0 13.0 5.0 
25_1_017_11
0.0 3.0 1.0 0.0 0.0 2.0 2.0 0.0 1.0 0.0 3.0 0.0 1.0 3.0 4.0 2.0 0.0 0.0 10.0 87.0 4.0 0.0 0.0 0.0 0.0 0.0 0.0 0.0 0.0 0.0 45.0 22.0 3.0 1.0 0.0 0.0 1.0 1.0 1.0 1.0 0.0 3.0 5.0 7.0 3.0 0.0 0.0 0.0 0.0 0.0 19.0 102.0 1.0 0.0 11.0 1.0 0.0 4.0 0.0 0.0 0.0 0.0 62.0 56.0 0.0 3.0 9.0 4.0 14.0 1.0 0.0 0.0 1.0 8.0 10.0 11.0 6.0 0.0 0.0 0.0 0.0 0.0 5.0 27.0 14.0 15.0 31.0 6.0 0.0 12.0 8.0 0.0 0.0 0.0 7.0 11.0 0.0 8.0 13.0 0.0 0.0 0.0 0.0 0.0 0.0 16.0 17.0 0.0 0.0 0.0 0.0 0.0 0.0 16.0 14.0 0.0 0.0 0.0 0.0 0.0 1.0 9.0 4.0 0.0 0.0 0.0 7.0 1.0 
25_1_017_12
2.0 3.0 19.0 56.0 7.0 1.0 1.0 1.0 0.0 0.0 8.0 6.0 7.0 26.0 1.0 0.0 1.0 0.0 12.0 49.0 11.0 4.0 24.0 26.0 1.0 13.0 15.0 0.0 0.0 11.0 27.0 6.0 8.0 15.0 4.0 19.0 10.0 0.0 0.0 0.0 0.0 7.0 5.0 22.0 22.0 0.0 0.0 0.0 21.0 46.0 32.0 102.0 4.0 0.0 0.0 1.0 34.0 67.0 14.0 0.0 0.0 0.0 0.0 11.0 8.0 8.0 0.0 0.0 0.0 7.0 31.0 8.0 12.0 11.0 31.0 11.0 0.0 1.0 12.0 6.0 0.0 0.0 12.0 52.0 27.0 62.0 31.0 9.0 0.0 0.0 0.0 26.0 46.0 37.0 6.0 22.0 0.0 0.0 3.0 2.0 3.0 15.0 11.0 0.0 0.0 0.0 61.0 48.0 0.0 0.0 0.0 0.0 26.0 21.0 4.0 0.0 0.0 0.0 10.0 46.0 0.0 0.0 11.0 34.0 11.0 1.0 0.0 0.0 
25_1_017_13
0.0 0.0 0.0 0.0 3.0 0.0 0.0 0.0 0.0 1.0 5.0 0.0 0.0 0.0 0.0 0.0 0.0 0.0 42.0 16.0 0.0 0.0 0.0 0.0 0.0 15.0 43.0 10.0 0.0 0.0 0.0 0.0 0.0 0.0 3.0 9.0 0.0 0.0 0.0 0.0 0.0 10.0 82.0 36.0 0.0 0.0 0.0 0.0 7.0 68.0 70.0 0.0 1.0 1.0 0.0 8.0 1.0 1.0 9.0 2.0 2.0 3.0 19.0 6.0 0.0 16.0 45.0 7.0 0.0 0.0 0.0 0.0 0.0 10.0 64.0 65.0 13.0 3.0 3.0 0.0 0.0 0.0 0.0 2.0 2.0 38.0 67.0 4.0 0.0 0.0 0.0 0.0 9.0 20.0 102.0 18.0 0.0 15.0 27.0 0.0 0.0 5.0 10.0 0.0 0.0 5.0 3.0 0.0 0.0 14.0 9.0 0.0 1.0 17.0 23.0 3.0 0.0 1.0 37.0 13.0 0.0 0.0 1.0 3.0 0.0 0.0 64.0 38.0 
25_1_017_14
0.0 0.0 0.0 4.0 21.0 0.0 0.0 0.0 0.0 0.0 2.0 33.0 33.0 0.0 0.0 0.0 24.0 0.0 0.0 1.0 0.0 1.0 6.0 24.0 45.0 0.0 0.0 0.0 3.0 0.0 0.0 29.0 0.0 0.0 0.0 4.0 2.0 0.0 0.0 0.0 0.0 0.0 14.0 102.0 9.0 0.0 0.0 0.0 17.0 5.0 0.0 0.0 0.0 1.0 15.0 33.0 53.0 3.0 5.0 4.0 1.0 1.0 4.0 21.0 0.0 0.0 0.0 0.0 3.0 1.0 0.0 0.0 0.0 0.0 0.0 16.0 65.0 14.0 0.0 0.0 7.0 0.0 0.0 21.0 22.0 20.0 6.0 20.0 10.0 0.0 4.0 14.0 3.0 4.0 0.0 9.0 0.0 0.0 0.0 0.0 3.0 5.0 1.0 0.0 0.0 0.0 0.0 5.0 11.0 2.0 0.0 0.0 0.0 0.0 0.0 55.0 5.0 0.0 2.0 8.0 1.0 0.0 0.0 3.0 1.0 1.0 1.0 7.0 
25_1_017_15
0.0 0.0 1.0 2.0 1.0 4.0 15.0 27.0 0.0 0.0 1.0 0.0 2.0 17.0 22.0 7.0 0.0 8.0 15.0 36.0 60.0 41.0 17.0 5.0 14.0 0.0 0.0 1.0 0.0 22.0 39.0 21.0 31.0 0.0 0.0 0.0 0.0 0.0 11.0 45.0 10.0 18.0 7.0 1.0 0.0 8.0 15.0 7.0 29.0 42.0 71.0 86.0 4.0 0.0 0.0 2.0 17.0 32.0 33.0 18.0 6.0 11.0 0.0 0.0 16.0 0.0 0.0 3.0 9.0 4.0 10.0 19.0 16.0 83.0 17.0 3.0 4.0 0.0 0.0 0.0 7.0 7.0 33.0 102.0 68.0 15.0 0.0 0.0 3.0 22.0 49.0 96.0 5.0 0.0 3.0 4.0 14.0 8.0 39.0 2.0 0.0 2.0 6.0 4.0 16.0 16.0 63.0 15.0 0.0 3.0 3.0 46.0 36.0 4.0 0.0 0.0 0.0 6.0 14.0 26.0 4.0 39.0 29.0 5.0 5.0 0.0 0.0 0.0 
25_1_017_16
0.0 0.0 0.0 0.0 0.0 0.0 3.0 11.0 0.0 0.0 10.0 75.0 0.0 0.0 0.0 0.0 0.0 0.0 2.0 32.0 1.0 0.0 0.0 0.0 0.0 0.0 0.0 1.0 1.0 0.0 0.0 0.0 0.0 0.0 0.0 0.0 0.0 0.0 0.0 17.0 0.0 0.0 17.0 102.0 0.0 0.0 0.0 0.0 0.0 0.0 5.0 24.0 3.0 0.0 0.0 0.0 1.0 0.0 2.0 1.0 1.0 0.0 0.0 0.0 0.0 0.0 0.0 0.0 0.0 0.0 1.0 14.0 0.0 0.0 13.0 66.0 12.0 1.0 0.0 0.0 0.0 0.0 0.0 1.0 55.0 17.0 0.0 0.0 0.0 0.0 0.0 2.0 21.0 6.0 0.0 1.0 0.0 0.0 1.0 2.0 0.0 0.0 0.0 8.0 2.0 0.0 8.0 45.0 2.0 0.0 3.0 1.0 0.0 0.0 0.0 2.0 13.0 2.0 3.0 3.0 0.0 0.0 0.0 0.0 20.0 19.0 0.0 0.0 
25_1_017_17
0.0 0.0 7.0 6.0 2.0 13.0 0.0 0.0 0.0 0.0 16.0 42.0 9.0 9.0 3.0 0.0 5.0 3.0 11.0 0.0 0.0 3.0 36.0 33.0 6.0 16.0 5.0 0.0 0.0 1.0 0.0 0.0 0.0 5.0 2.0 6.0 11.0 0.0 0.0 0.0 2.0 4.0 31.0 92.0 10.0 0.0 0.0 0.0 38.0 102.0 11.0 0.0 0.0 0.0 0.0 2.0 24.0 13.0 7.0 0.0 0.0 0.0 0.0 31.0 12.0 13.0 3.0 1.0 0.0 0.0 9.0 6.0 0.0 0.0 25.0 57.0 24.0 15.0 10.0 5.0 0.0 0.0 0.0 19.0 51.0 76.0 19.0 0.0 7.0 2.0 9.0 3.0 0.0 0.0 10.0 29.0 0.0 0.0 24.0 23.0 0.0 1.0 5.0 0.0 21.0 10.0 20.0 7.0 0.0 0.0 1.0 38.0 3.0 4.0 10.0 33.0 9.0 0.0 0.0 2.0 0.0 1.0 8.0 9.0 2.0 3.0 4.0 1.0 
25_1_017_18
39.0 0.0 0.0 0.0 1.0 0.0 -6.0 7.0 5.0 0.0 0.0 1.0 4.0 3.0 -8.0 20.0 0.0 4.0 0.0 0.0 0.0 0.0 9.0 7.0 5.0 9.0 0.0 0.0 0.0 0.0 -1.0 0.0 0.0 0.0 0.0 0.0 6.0 24.0 5.0 8.0 36.0 19.0 2.0 18.0 7.0 2.0 -3.0 -6.0 102.0 10.0 0.0 0.0 0.0 0.0 0.0 -35.0 31.0 6.0 3.0 3.0 0.0 0.0 -1.0 -6.0 33.0 15.0 0.0 0.0 1.0 0.0 -1.0 -11.0 -13.0 40.0 12.0 34.0 1.0 4.0 2.0 0.0 0.0 0.0 0.0 0.0 0.0 2.0 31.0 47.0 20.0 0.0 0.0 6.0 27.0 6.0 1.0 -6.0 3.0 0.0 0.0 0.0 3.0 1.0 -3.0 8.0 0.0 0.0 0.0 0.0 6.0 23.0 -2.0 14.0 0.0 0.0 0.0 0.0 0.0 11.0 5.0 23.0 0.0 0.0 0.0 21.0 5.0 0.0 -1.0 9.0 
25_1_017_19
13.0 0.0 12.0 29.0 0.0 0.0 0.0 48.0 6.0 1.0 11.0 36.0 0.0 1.0 1.0 14.0 11.0 20.0 7.0 9.0 4.0 2.0 4.0 1.0 0.0 4.0 48.0 32.0 3.0 3.0 0.0 0.0 5.0 0.0 6.0 61.0 0.0 0.0 1.0 102.0 5.0 0.0 5.0 31.0 1.0 2.0 1.0 38.0 0.0 1.0 54.0 75.0 4.0 0.0 0.0 0.0 11.0 47.0 25.0 25.0 6.0 0.0 0.0 5.0 0.0 0.0 4.0 80.0 0.0 0.0 16.0 47.0 2.0 2.0 6.0 40.0 3.0 0.0 10.0 24.0 0.0 7.0 44.0 86.0 4.0 1.0 0.0 0.0 3.0 0.0 6.0 23.0 10.0 24.0 27.0 17.0 0.0 0.0 0.0 66.0 7.0 4.0 1.0 0.0 0.0 0.0 4.0 43.0 6.0 0.0 7.0 7.0 0.0 1.0 8.0 48.0 13.0 6.0 0.0 0.0 4.0 0.0 6.0 6.0 4.0 12.0 10.0 5.0 
25_1_017_20
0.0 0.0 0.0 6.0 5.0 0.0 2.0 36.0 3.0 0.0 0.0 65.0 7.0 3.0 -13.0 47.0 18.0 0.0 15.0 7.0 3.0 14.0 0.0 10.0 0.0 0.0 6.0 48.0 1.0 2.0 5.0 31.0 0.0 0.0 0.0 15.0 2.0 0.0 3.0 59.0 0.0 1.0 17.0 66.0 15.0 4.0 3.0 0.0 15.0 0.0 0.0 0.0 0.0 2.0 -25.0 102.0 0.0 0.0 0.0 16.0 54.0 13.0 6.0 35.0 0.0 0.0 0.0 22.0 3.0 0.0 11.0 55.0 0.0 0.0 6.0 98.0 8.0 0.0 1.0 2.0 31.0 0.0 9.0 15.0 2.0 0.0 9.0 19.0 95.0 32.0 38.0 7.0 0.0 0.0 -47.0 76.0 3.0 2.0 4.0 2.0 0.0 0.0 -26.0 78.0 0.0 0.0 6.0 75.0 13.0 0.0 0.0 0.0 0.0 0.0 0.0 22.0 28.0 11.0 16.0 41.0 0.0 14.0 13.0 9.0 31.0 35.0 13.0 0.0 
25_1_017_21
2.0 4.0 3.0 17.0 43.0 102.0 27.0 1.0 28.0 1.0 0.0 2.0 19.0 10.0 17.0 57.0 3.0 7.0 42.0 18.0 0.0 2.0 12.0 16.0 0.0 0.0 0.0 2.0 9.0 10.0 36.0 19.0 23.0 0.0 12.0 46.0 17.0 0.0 13.0 34.0 0.0 1.0 15.0 51.0 32.0 10.0 3.0 3.0 0.0 1.0 12.0 5.0 0.0 0.0 34.0 60.0 0.0 0.0 9.0 18.0 1.0 1.0 26.0 37.0 12.0 34.0 27.0 1.0 0.0 0.0 2.0 20.0 1.0 8.0 23.0 42.0 12.0 3.0 0.0 0.0 5.0 0.0 0.0 0.0 0.0 3.0 60.0 60.0 1.0 0.0 54.0 32.0 0.0 0.0 2.0 9.0 2.0 1.0 1.0 31.0 5.0 2.0 25.0 4.0 1.0 2.0 10.0 44.0 12.0 6.0 7.0 6.0 2.0 1.0 5.0 1.0 0.0 0.0 33.0 61.0 0.0 0.0 33.0 36.0 0.0 0.0 0.0 0.0 
25_1_017_22
0.0 0.0 3.0 2.0 0.0 0.0 0.0 17.0 0.0 2.0 53.0 75.0 1.0 0.0 9.0 7.0 0.0 0.0 23.0 24.0 0.0 0.0 3.0 20.0 3.0 4.0 10.0 5.0 0.0 0.0 0.0 1.0 0.0 0.0 12.0 25.0 0.0 0.0 -3.0 18.0 0.0 5.0 30.0 102.0 1.0 5.0 0.0 30.0 0.0 16.0 25.0 13.0 12.0 1.0 -4.0 16.0 1.0 3.0 3.0 12.0 0.0 0.0 0.0 3.0 0.0 0.0 30.0 39.0 0.0 0.0 -4.0 14.0 13.0 16.0 43.0 47.0 1.0 0.0 -1.0 2.0 0.0 5.0 27.0 15.0 1.0 0.0 -1.0 10.0 1.0 2.0 15.0 3.0 0.0 0.0 -1.0 4.0 0.0 0.0 46.0 67.0 0.0 0.0 -1.0 4.0 7.0 2.0 21.0 13.0 0.0 3.0 14.0 7.0 0.0 5.0 10.0 0.0 0.0 2.0 6.0 1.0 0.0 0.0 11.0 1.0 0.0 0.0 52.0 2.0 
25_1_017_23
0.0 0.0 0.0 0.0 0.0 0.0 12.0 10.0 0.0 4.0 57.0 1.0 0.0 0.0 4.0 2.0 0.0 20.0 67.0 3.0 1.0 5.0 10.0 0.0 0.0 4.0 19.0 1.0 0.0 0.0 6.0 6.0 0.0 10.0 30.0 1.0 0.0 0.0 2.0 5.0 0.0 0.0 102.0 23.0 2.0 9.0 1.0 0.0 7.0 23.0 12.0 3.0 3.0 0.0 -1.0 24.0 2.0 10.0 19.0 1.0 0.0 0.0 3.0 0.0 1.0 31.0 98.0 0.0 0.0 0.0 0.0 2.0 11.0 32.0 10.0 0.0 0.0 0.0 -5.0 15.0 0.0 4.0 11.0 10.0 0.0 0.0 3.0 9.0 0.0 3.0 8.0 2.0 0.0 0.0 -1.0 3.0 0.0 3.0 7.0 1.0 1.0 15.0 11.0 0.0 1.0 11.0 0.0 0.0 4.0 4.0 2.0 0.0 0.0 10.0 8.0 0.0 0.0 1.0 3.0 2.0 1.0 8.0 3.0 0.0 0.0 6.0 2.0 0.0 
25_1_017_24
19.0 0.0 0.0 6.0 34.0 2.0 -1.0 -2.0 44.0 0.0 0.0 0.0 6.0 7.0 -16.0 49.0 1.0 0.0 0.0 2.0 5.0 3.0 -17.0 49.0 0.0 7.0 0.0 0.0 0.0 0.0 10.0 6.0 0.0 0.0 0.0 0.0 0.0 2.0 1.0 36.0 22.0 0.0 2.0 3.0 12.0 46.0 3.0 -2.0 82.0 39.0 9.0 44.0 0.0 0.0 -2.0 -18.0 102.0 13.0 0.0 0.0 0.0 0.0 0.0 -29.0 45.0 5.0 1.0 1.0 0.0 0.0 -1.0 -11.0 30.0 61.0 5.0 2.0 12.0 0.0 0.0 -18.0 -25.0 55.0 13.0 27.0 4.0 8.0 25.0 11.0 -1.0 3.0 0.0 0.0 11.0 8.0 41.0 35.0 0.0 0.0 0.0 2.0 28.0 3.0 -1.0 4.0 7.0 0.0 0.0 0.0 8.0 4.0 -8.0 28.0 0.0 0.0 0.0 0.0 9.0 44.0 12.0 7.0 0.0 0.0 0.0 0.0 0.0 2.0 0.0 41.0 
25_1_017_25
0.0 0.0 0.0 0.0 0.0 0.0 102.0 23.0 19.0 0.0 0.0 0.0 3.0 15.0 29.0 5.0 -1.0 4.0 0.0 5.0 4.0 1.0 0.0 12.0 0.0 0.0 1.0 7.0 6.0 0.0 -1.0 5.0 0.0 0.0 0.0 1.0 2.0 21.0 47.0 4.0 15.0 0.0 5.0 9.0 3.0 7.0 2.0 -5.0 20.0 8.0 1.0 0.0 0.0 0.0 0.0 -3.0 9.0 1.0 3.0 5.0 1.0 0.0 -3.0 3.0 0.0 1.0 0.0 2.0 14.0 8.0 2.0 3.0 0.0 -1.0 5.0 8.0 8.0 17.0 1.0 0.0 0.0 0.0 0.0 2.0 14.0 14.0 13.0 0.0 -1.0 5.0 0.0 2.0 8.0 7.0 0.0 4.0 0.0 13.0 1.0 1.0 0.0 0.0 0.0 0.0 0.0 1.0 0.0 0.0 2.0 8.0 2.0 4.0 0.0 0.0 0.0 0.0 13.0 12.0 1.0 1.0 0.0 0.0 0.0 8.0 11.0 9.0 0.0 0.0 
25_1_017_26
0.0 0.0 0.0 0.0 0.0 0.0 0.0 17.0 0.0 0.0 24.0 37.0 1.0 0.0 0.0 4.0 1.0 0.0 16.0 22.0 1.0 0.0 -4.0 21.0 0.0 1.0 9.0 9.0 0.0 0.0 0.0 0.0 0.0 0.0 0.0 0.0 0.0 0.0 -1.0 26.0 1.0 0.0 28.0 87.0 0.0 0.0 0.0 0.0 0.0 12.0 17.0 9.0 0.0 2.0 -2.0 27.0 2.0 4.0 8.0 7.0 0.0 0.0 0.0 2.0 0.0 0.0 0.0 0.0 0.0 0.0 -7.0 31.0 0.0 0.0 12.0 102.0 3.0 0.0 0.0 0.0 3.0 2.0 12.0 10.0 11.0 2.0 10.0 3.0 0.0 0.0 1.0 1.0 0.0 0.0 -4.0 13.0 0.0 0.0 0.0 0.0 0.0 0.0 -4.0 18.0 0.0 1.0 48.0 54.0 0.0 0.0 0.0 0.0 2.0 11.0 11.0 0.0 0.0 0.0 0.0 4.0 1.0 0.0 5.0 2.0 0.0 0.0 1.0 3.0 
25_1_017_27
0.0 0.0 0.0 0.0 0.0 0.0 59.0 22.0 0.0 2.0 2.0 0.0 0.0 0.0 72.0 10.0 0.0 12.0 9.0 0.0 0.0 0.0 1.0 0.0 0.0 12.0 28.0 0.0 0.0 0.0 0.0 0.0 0.0 0.0 6.0 0.0 0.0 0.0 102.0 13.0 0.0 9.0 20.0 0.0 0.0 1.0 8.0 2.0 0.0 7.0 12.0 5.0 1.0 1.0 1.0 3.0 0.0 0.0 4.0 9.0 11.0 7.0 -1.0 3.0 4.0 10.0 4.0 0.0 0.0 4.0 19.0 8.0 0.0 0.0 0.0 4.0 4.0 7.0 28.0 2.0 1.0 0.0 7.0 40.0 6.0 0.0 0.0 0.0 0.0 8.0 11.0 3.0 3.0 0.0 -2.0 6.0 0.0 0.0 0.0 0.0 0.0 5.0 28.0 4.0 0.0 0.0 0.0 0.0 0.0 13.0 28.0 0.0 0.0 2.0 4.0 0.0 0.0 4.0 16.0 3.0 0.0 8.0 7.0 0.0 0.0 0.0 0.0 2.0 
25_1_017_28
0.0 0.0 0.0 3.0 19.0 3.0 0.0 0.0 0.0 0.0 0.0 40.0 90.0 8.0 0.0 0.0 0.0 0.0 2.0 1.0 6.0 70.0 21.0 0.0 0.0 0.0 0.0 28.0 57.0 16.0 0.0 0.0 0.0 0.0 0.0 0.0 4.0 13.0 3.0 0.0 0.0 0.0 13.0 102.0 23.0 4.0 0.0 0.0 0.0 0.0 0.0 0.0 0.0 5.0 -9.0 93.0 0.0 1.0 11.0 61.0 28.0 4.0 0.0 0.0 0.0 0.0 2.0 7.0 1.0 0.0 3.0 9.0 0.0 0.0 12.0 82.0 38.0 0.0 0.0 0.0 0.0 0.0 0.0 0.0 0.0 19.0 46.0 31.0 0.0 0.0 6.0 75.0 25.0 8.0 0.0 0.0 0.0 0.0 2.0 15.0 0.0 0.0 -20.0 65.0 6.0 2.0 7.0 24.0 6.0 0.0 0.0 -1.0 11.0 7.0 8.0 10.0 5.0 4.0 3.0 -5.0 1.0 0.0 7.0 18.0 9.0 0.0 0.0 1.0 
25_1_017_29
3.0 9.0 8.0 11.0 5.0 5.0 11.0 13.0 4.0 29.0 28.0 10.0 17.0 16.0 3.0 0.0 33.0 92.0 9.0 0.0 3.0 1.0 4.0 7.0 71.0 41.0 9.0 0.0 0.0 0.0 0.0 19.0 0.0 2.0 1.0 22.0 15.0 13.0 12.0 1.0 21.0 17.0 13.0 36.0 16.0 9.0 8.0 20.0 8.0 23.0 27.0 48.0 72.0 62.0 3.0 0.0 26.0 12.0 0.0 0.0 8.0 29.0 16.0 63.0 10.0 7.0 2.0 30.0 3.0 0.0 0.0 5.0 6.0 0.0 0.0 42.0 40.0 0.0 9.0 48.0 79.0 31.0 102.0 76.0 0.0 0.0 2.0 80.0 7.0 6.0 0.0 23.0 47.0 12.0 0.0 0.0 0.0 0.0 0.0 18.0 10.0 11.0 13.0 2.0 14.0 14.0 11.0 21.0 18.0 9.0 7.0 11.0 6.0 26.0 15.0 41.0 60.0 49.0 0.0 0.0 21.0 9.0 0.0 0.0 4.0 13.0 22.0 54.0 
25_1_017_30
1.0 0.0 0.0 39.0 17.0 0.0 -3.0 13.0 7.0 0.0 0.0 31.0 36.0 6.0 7.0 10.0 0.0 2.0 7.0 25.0 4.0 0.0 0.0 0.0 4.0 2.0 18.0 5.0 0.0 0.0 0.0 0.0 0.0 0.0 7.0 39.0 0.0 0.0 -3.0 17.0 11.0 0.0 27.0 93.0 4.0 0.0 4.0 37.0 3.0 3.0 18.0 52.0 1.0 0.0 0.0 1.0 0.0 0.0 10.0 20.0 5.0 0.0 0.0 1.0 0.0 0.0 1.0 50.0 1.0 0.0 -4.0 17.0 39.0 0.0 11.0 102.0 9.0 0.0 -2.0 8.0 8.0 0.0 34.0 19.0 11.0 4.0 -3.0 8.0 4.0 3.0 4.0 7.0 2.0 0.0 0.0 0.0 2.0 0.0 1.0 13.0 0.0 0.0 -8.0 22.0 4.0 2.0 2.0 92.0 23.0 1.0 5.0 3.0 0.0 7.0 20.0 15.0 7.0 3.0 0.0 0.0 2.0 0.0 7.0 5.0 0.0 0.0 -3.0 10.0 
25_1_017_31
23.0 15.0 10.0 2.0 0.0 0.0 0.0 4.0 3.0 21.0 57.0 29.0 16.0 0.0 0.0 5.0 5.0 27.0 0.0 3.0 34.0 47.0 5.0 0.0 1.0 18.0 39.0 15.0 0.0 0.0 0.0 0.0 19.0 7.0 5.0 0.0 6.0 11.0 4.0 9.0 0.0 5.0 56.0 88.0 10.0 6.0 0.0 0.0 68.0 38.0 5.0 0.0 0.0 4.0 10.0 27.0 44.0 30.0 12.0 30.0 3.0 4.0 3.0 23.0 11.0 15.0 8.0 5.0 3.0 7.0 3.0 9.0 0.0 15.0 57.0 102.0 13.0 0.0 0.0 0.0 6.0 27.0 39.0 18.0 2.0 8.0 10.0 6.0 3.0 9.0 32.0 15.0 6.0 4.0 13.0 2.0 1.0 0.0 10.0 28.0 11.0 0.0 0.0 5.0 2.0 19.0 56.0 52.0 22.0 0.0 0.0 0.0 12.0 37.0 19.0 10.0 0.0 0.0 12.0 51.0 0.0 34.0 42.0 22.0 12.0 4.0 13.0 17.0 
25_1_017_32
7.0 2.0 0.0 0.0 1.0 0.0 0.0 0.0 0.0 0.0 0.0 94.0 15.0 0.0 0.0 0.0 2.0 4.0 7.0 7.0 2.0 0.0 1.0 8.0 3.0 0.0 0.0 0.0 0.0 0.0 7.0 11.0 41.0 8.0 0.0 0.0 0.0 0.0 0.0 0.0 0.0 5.0 7.0 102.0 5.0 0.0 0.0 0.0 1.0 0.0 1.0 6.0 9.0 10.0 2.0 3.0 10.0 2.0 1.0 0.0 0.0 2.0 0.0 6.0 52.0 5.0 0.0 0.0 0.0 0.0 0.0 0.0 6.0 8.0 20.0 53.0 0.0 0.0 0.0 0.0 0.0 0.0 0.0 3.0 1.0 1.0 10.0 5.0 0.0 0.0 0.0 5.0 8.0 3.0 1.0 2.0 20.0 2.0 0.0 0.0 0.0 0.0 0.0 0.0 11.0 6.0 12.0 17.0 0.0 0.0 0.0 0.0 5.0 0.0 1.0 3.0 0.0 0.0 3.0 11.0 0.0 0.0 3.0 2.0 1.0 1.0 2.0 3.0 
25_1_017_33
0.0 0.0 15.0 6.0 3.0 14.0 15.0 1.0 0.0 0.0 4.0 31.0 4.0 11.0 3.0 0.0 0.0 0.0 10.0 60.0 0.0 0.0 0.0 0.0 0.0 0.0 20.0 36.0 0.0 0.0 0.0 0.0 0.0 0.0 2.0 43.0 9.0 17.0 11.0 0.0 0.0 0.0 3.0 46.0 9.0 0.0 0.0 0.0 0.0 0.0 8.0 101.0 4.0 0.0 0.0 0.0 0.0 0.0 12.0 58.0 0.0 0.0 0.0 0.0 0.0 0.0 2.0 93.0 2.0 0.0 0.0 0.0 0.0 0.0 12.0 44.0 0.0 0.0 0.0 0.0 0.0 0.0 19.0 102.0 0.0 0.0 0.0 0.0 0.0 0.0 6.0 63.0 0.0 0.0 0.0 0.0 0.0 0.0 10.0 70.0 0.0 0.0 0.0 0.0 0.0 0.0 21.0 42.0 0.0 0.0 0.0 0.0 0.0 0.0 15.0 63.0 0.0 0.0 0.0 0.0 0.0 0.0 5.0 48.0 0.0 0.0 0.0 0.0 
25_1_017_34
0.0 0.0 0.0 0.0 0.0 0.0 2.0 8.0 0.0 0.0 21.0 43.0 0.0 0.0 0.0 0.0 1.0 0.0 23.0 27.0 0.0 0.0 -1.0 4.0 5.0 0.0 0.0 0.0 0.0 0.0 -37.0 85.0 0.0 0.0 0.0 0.0 0.0 0.0 4.0 8.0 0.0 0.0 15.0 92.0 0.0 0.0 0.0 0.0 0.0 0.0 6.0 29.0 2.0 0.0 0.0 0.0 3.0 0.0 0.0 3.0 0.0 0.0 -20.0 48.0 0.0 0.0 0.0 0.0 0.0 0.0 4.0 5.0 0.0 0.0 12.0 102.0 0.0 0.0 0.0 0.0 0.0 0.0 0.0 17.0 3.0 0.0 0.0 0.0 0.0 0.0 1.0 7.0 1.0 0.0 -1.0 2.0 0.0 0.0 0.0 3.0 0.0 0.0 1.0 3.0 0.0 0.0 20.0 77.0 0.0 0.0 0.0 0.0 0.0 0.0 8.0 8.0 0.0 0.0 0.0 0.0 0.0 0.0 0.0 1.0 1.0 0.0 0.0 0.0 
25_1_017_35
0.0 0.0 1.0 8.0 25.0 70.0 17.0 34.0 0.0 0.0 0.0 0.0 4.0 21.0 71.0 53.0 0.0 3.0 10.0 61.0 0.0 0.0 0.0 40.0 0.0 0.0 0.0 0.0 0.0 1.0 41.0 93.0 0.0 1.0 0.0 0.0 10.0 15.0 89.0 30.0 8.0 1.0 1.0 6.0 49.0 13.0 25.0 41.0 0.0 0.0 21.0 49.0 10.0 1.0 5.0 18.0 0.0 0.0 0.0 7.0 1.0 0.0 62.0 102.0 24.0 7.0 8.0 16.0 13.0 1.0 8.0 21.0 20.0 24.0 14.0 5.0 31.0 6.0 -11.0 45.0 0.0 0.0 17.0 17.0 4.0 4.0 42.0 50.0 0.0 0.0 0.0 9.0 10.0 2.0 53.0 58.0 18.0 0.0 0.0 21.0 18.0 18.0 3.0 9.0 13.0 10.0 22.0 13.0 2.0 2.0 -2.0 0.0 9.0 0.0 1.0 0.0 0.0 0.0 59.0 101.0 0.0 0.0 3.0 16.0 7.0 1.0 9.0 20.0 
25_1_017_36
0.0 0.0 13.0 37.0 0.0 0.0 0.0 0.0 9.0 2.0 19.0 8.0 0.0 0.0 -5.0 20.0 0.0 0.0 0.0 0.0 0.0 0.0 -3.0 62.0 0.0 0.0 0.0 28.0 18.0 6.0 14.0 5.0 0.0 0.0 15.0 68.0 1.0 0.0 0.0 0.0 0.0 0.0 1.0 3.0 0.0 3.0 21.0 16.0 27.0 1.0 9.0 15.0 1.0 0.0 -40.0 102.0 1.0 13.0 36.0 11.0 6.0 0.0 -24.0 79.0 0.0 0.0 19.0 55.0 0.0 0.0 0.0 0.0 0.0 0.0 0.0 1.0 8.0 5.0 34.0 31.0 25.0 4.0 11.0 69.0 35.0 0.0 0.0 -4.0 37.0 58.0 47.0 2.0 4.0 26.0 2.0 -6.0 0.0 8.0 39.0 13.0 0.0 0.0 -1.0 15.0 0.0 0.0 0.0 12.0 10.0 0.0 27.0 71.0 0.0 0.0 0.0 31.0 34.0 18.0 19.0 1.0 0.0 0.0 0.0 1.0 10.0 85.0 23.0 1.0 
25_1_017_37
0.0 0.0 61.0 22.0 1.0 0.0 0.0 0.0 0.0 2.0 19.0 7.0 3.0 1.0 18.0 10.0 5.0 8.0 0.0 0.0 0.0 4.0 57.0 13.0 27.0 16.0 5.0 7.0 4.0 5.0 1.0 11.0 6.0 1.0 13.0 9.0 15.0 3.0 5.0 2.0 6.0 3.0 6.0 23.0 9.0 2.0 44.0 34.0 39.0 21.0 18.0 36.0 8.0 7.0 4.0 11.0 3.0 21.0 102.0 18.0 0.0 0.0 0.0 0.0 0.0 0.0 0.0 4.0 19.0 29.0 13.0 5.0 1.0 12.0 20.0 9.0 15.0 44.0 22.0 12.0 0.0 5.0 12.0 57.0 33.0 15.0 0.0 4.0 1.0 10.0 27.0 38.0 44.0 17.0 1.0 0.0 6.0 7.0 6.0 2.0 6.0 7.0 4.0 2.0 0.0 0.0 8.0 32.0 24.0 6.0 0.0 0.0 2.0 29.0 46.0 41.0 8.0 0.0 0.0 1.0 4.0 23.0 69.0 18.0 4.0 5.0 38.0 8.0 
25_1_017_38
2.0 0.0 9.0 13.0 4.0 12.0 51.0 91.0 6.0 4.0 1.0 0.0 0.0 7.0 1.0 65.0 6.0 3.0 4.0 6.0 5.0 1.0 -20.0 64.0 10.0 15.0 6.0 7.0 2.0 0.0 -2.0 8.0 0.0 26.0 2.0 0.0 0.0 0.0 40.0 90.0 25.0 20.0 3.0 0.0 0.0 8.0 -6.0 62.0 3.0 44.0 30.0 38.0 1.0 0.0 8.0 23.0 15.0 42.0 10.0 5.0 4.0 0.0 -2.0 9.0 13.0 12.0 0.0 0.0 0.0 5.0 35.0 102.0 7.0 2.0 0.0 2.0 23.0 36.0 -4.0 73.0 0.0 1.0 31.0 51.0 18.0 3.0 -1.0 26.0 12.0 2.0 1.0 1.0 3.0 1.0 6.0 37.0 0.0 0.0 0.0 2.0 16.0 21.0 16.0 39.0 0.0 0.0 13.0 10.0 8.0 38.0 12.0 0.0 0.0 0.0 37.0 30.0 9.0 0.0 2.0 4.0 0.0 0.0 0.0 0.0 0.0 0.0 40.0 44.0 
25_1_017_39
0.0 0.0 0.0 0.0 0.0 0.0 -4.0 71.0 0.0 0.0 6.0 5.0 0.0 0.0 1.0 20.0 0.0 0.0 7.0 5.0 0.0 0.0 0.0 7.0 4.0 1.0 5.0 8.0 1.0 0.0 0.0 0.0 0.0 0.0 0.0 0.0 0.0 0.0 -12.0 102.0 0.0 0.0 7.0 20.0 0.0 0.0 -1.0 33.0 0.0 0.0 0.0 0.0 0.0 0.0 2.0 24.0 0.0 0.0 0.0 9.0 22.0 1.0 0.0 0.0 0.0 0.0 0.0 0.0 0.0 0.0 0.0 94.0 0.0 2.0 9.0 20.0 0.0 0.0 0.0 26.0 0.0 0.0 0.0 0.0 0.0 0.0 11.0 27.0 0.0 0.0 0.0 0.0 3.0 3.0 3.0 8.0 0.0 0.0 0.0 0.0 0.0 0.0 -12.0 76.0 7.0 7.0 14.0 0.0 0.0 0.0 -2.0 25.0 0.0 0.0 0.0 0.0 0.0 0.0 13.0 24.0 0.0 1.0 0.0 0.0 0.0 0.0 12.0 17.0 
25_1_017_40
9.0 4.0 17.0 6.0 26.0 52.0 0.0 1.0 3.0 8.0 0.0 0.0 4.0 46.0 102.0 22.0 0.0 5.0 8.0 19.0 79.0 6.0 3.0 1.0 8.0 3.0 0.0 0.0 12.0 44.0 10.0 16.0 14.0 19.0 7.0 0.0 0.0 5.0 27.0 56.0 23.0 27.0 8.0 19.0 20.0 15.0 4.0 0.0 1.0 13.0 34.0 22.0 12.0 17.0 9.0 1.0 5.0 4.0 21.0 19.0 9.0 0.0 1.0 28.0 1.0 6.0 14.0 1.0 1.0 4.0 2.0 2.0 32.0 10.0 6.0 2.0 3.0 3.0 0.0 16.0 0.0 25.0 56.0 48.0 2.0 0.0 0.0 0.0 9.0 11.0 9.0 0.0 2.0 0.0 3.0 10.0 15.0 20.0 12.0 0.0 0.0 0.0 -3.0 15.0 1.0 28.0 40.0 0.0 0.0 2.0 5.0 3.0 1.0 6.0 11.0 0.0 0.0 50.0 34.0 0.0 0.0 0.0 0.0 0.0 0.0 69.0 66.0 1.0 
25_1_017_41
13.0 0.0 20.0 2.0 0.0 7.0 5.0 4.0 3.0 23.0 19.0 1.0 0.0 0.0 -16.0 38.0 20.0 26.0 8.0 8.0 1.0 7.0 0.0 -3.0 36.0 16.0 9.0 2.0 2.0 0.0 -2.0 -7.0 30.0 76.0 47.0 25.0 5.0 7.0 0.0 -26.0 21.0 40.0 1.0 7.0 19.0 3.0 8.0 89.0 102.0 41.0 8.0 48.0 10.0 0.0 -27.0 22.0 28.0 -1.0 10.0 14.0 8.0 8.0 10.0 16.0 -9.0 15.0 20.0 24.0 68.0 49.0 0.0 0.0 61.0 13.0 11.0 25.0 10.0 41.0 5.0 57.0 37.0 29.0 14.0 42.0 39.0 5.0 24.0 25.0 16.0 41.0 21.0 0.0 0.0 0.0 -2.0 54.0 28.0 43.0 9.0 10.0 7.0 2.0 9.0 40.0 60.0 16.0 39.0 32.0 14.0 17.0 0.0 -12.0 0.0 6.0 18.0 1.0 0.0 14.0 24.0 15.0 9.0 7.0 4.0 31.0 9.0 0.0 -1.0 2.0 
25_1_017_42
0.0 0.0 0.0 0.0 16.0 13.0 0.0 0.0 0.0 0.0 0.0 9.0 38.0 6.0 0.0 0.0 0.0 0.0 11.0 72.0 6.0 0.0 0.0 0.0 4.0 0.0 0.0 0.0 0.0 6.0 30.0 28.0 0.0 0.0 0.0 2.0 17.0 5.0 0.0 0.0 0.0 0.0 0.0 19.0 51.0 1.0 0.0 0.0 7.0 0.0 8.0 77.0 34.0 0.0 12.0 2.0 30.0 12.0 3.0 0.0 0.0 1.0 26.0 1.0 0.0 0.0 0.0 4.0 11.0 1.0 0.0 0.0 0.0 0.0 2.0 40.0 9.0 0.0 0.0 0.0 8.0 0.0 21.0 102.0 26.0 11.0 8.0 2.0 6.0 9.0 18.0 4.0 1.0 0.0 1.0 1.0 0.0 0.0 0.0 4.0 5.0 2.0 0.0 0.0 0.0 0.0 0.0 7.0 28.0 5.0 0.0 0.0 0.0 0.0 0.0 55.0 41.0 18.0 5.0 0.0 0.0 0.0 0.0 1.0 7.0 60.0 13.0 0.0 
25_1_017_43
10.0 2.0 4.0 28.0 4.0 0.0 -9.0 23.0 0.0 0.0 7.0 8.0 2.0 2.0 8.0 5.0 0.0 0.0 13.0 6.0 0.0 0.0 9.0 38.0 0.0 0.0 0.0 0.0 0.0 0.0 3.0 30.0 0.0 0.0 0.0 65.0 35.0 2.0 10.0 41.0 0.0 0.0 0.0 30.0 14.0 1.0 3.0 0.0 58.0 12.0 13.0 26.0 1.0 0.0 -8.0 34.0 29.0 0.0 0.0 0.0 0.0 0.0 -42.0 97.0 0.0 0.0 5.0 68.0 45.0 0.0 2.0 2.0 9.0 17.0 26.0 10.0 0.0 0.0 -3.0 3.0 0.0 0.0 7.0 50.0 15.0 17.0 10.0 3.0 0.0 0.0 0.0 0.0 0.0 0.0 27.0 102.0 0.0 0.0 0.0 62.0 34.0 0.0 0.0 0.0 4.0 7.0 8.0 23.0 4.0 0.0 0.0 9.0 1.0 0.0 3.0 7.0 0.0 0.0 0.0 29.0 0.0 0.0 0.0 0.0 0.0 0.0 8.0 54.0 
25_1_017_44
2.0 6.0 23.0 3.0 0.0 0.0 1.0 6.0 1.0 21.0 17.0 2.0 5.0 1.0 0.0 0.0 2.0 4.0 28.0 3.0 4.0 3.0 0.0 1.0 5.0 0.0 0.0 0.0 0.0 0.0 15.0 47.0 0.0 0.0 14.0 61.0 6.0 0.0 0.0 0.0 0.0 1.0 35.0 35.0 16.0 3.0 0.0 0.0 7.0 7.0 14.0 1.0 0.0 0.0 20.0 25.0 11.0 0.0 0.0 0.0 0.0 0.0 12.0 34.0 0.0 0.0 0.0 9.0 9.0 1.0 0.0 0.0 0.0 0.0 11.0 102.0 5.0 1.0 0.0 0.0 14.0 32.0 2.0 0.0 0.0 0.0 42.0 31.0 17.0 5.0 0.0 0.0 0.0 0.0 0.0 16.0 0.0 13.0 31.0 1.0 0.0 0.0 0.0 0.0 0.0 0.0 46.0 34.0 2.0 3.0 1.0 0.0 12.0 22.0 0.0 0.0 0.0 27.0 13.0 5.0 6.0 0.0 0.0 0.0 0.0 0.0 12.0 39.0 
25_1_017_45
3.0 0.0 1.0 2.0 0.0 0.0 1.0 26.0 0.0 0.0 0.0 36.0 8.0 0.0 0.0 0.0 0.0 0.0 0.0 3.0 2.0 5.0 2.0 0.0 6.0 6.0 5.0 8.0 2.0 1.0 0.0 3.0 1.0 0.0 0.0 2.0 1.0 2.0 8.0 34.0 0.0 0.0 15.0 57.0 3.0 0.0 0.0 0.0 6.0 26.0 3.0 0.0 0.0 1.0 1.0 0.0 4.0 1.0 1.0 7.0 6.0 8.0 1.0 4.0 0.0 0.0 0.0 0.0 0.0 0.0 4.0 39.0 0.0 0.0 4.0 102.0 2.0 0.0 0.0 0.0 2.0 0.0 0.0 0.0 0.0 4.0 9.0 13.0 1.0 2.0 1.0 0.0 1.0 2.0 8.0 6.0 0.0 0.0 0.0 1.0 0.0 0.0 2.0 40.0 0.0 0.0 2.0 66.0 10.0 0.0 0.0 0.0 0.0 0.0 0.0 0.0 1.0 7.0 11.0 11.0 0.0 0.0 0.0 0.0 0.0 3.0 9.0 3.0 
25_1_017_46
0.0 0.0 0.0 0.0 0.0 0.0 0.0 4.0 0.0 0.0 2.0 12.0 1.0 0.0 0.0 2.0 0.0 0.0 1.0 1.0 2.0 0.0 -1.0 13.0 0.0 0.0 0.0 2.0 0.0 0.0 0.0 69.0 0.0 1.0 0.0 12.0 23.0 0.0 -1.0 2.0 0.0 3.0 3.0 1.0 0.0 0.0 1.0 1.0 4.0 1.0 0.0 8.0 2.0 0.0 -1.0 4.0 0.0 0.0 1.0 1.0 0.0 0.0 0.0 95.0 0.0 0.0 0.0 35.0 49.0 0.0 0.0 0.0 2.0 4.0 1.0 1.0 2.0 0.0 0.0 2.0 0.0 1.0 4.0 13.0 1.0 0.0 0.0 6.0 0.0 0.0 0.0 0.0 0.0 0.0 6.0 102.0 0.0 0.0 0.0 13.0 35.0 0.0 0.0 0.0 0.0 0.0 1.0 23.0 32.0 0.0 0.0 0.0 0.0 0.0 1.0 0.0 1.0 3.0 0.0 2.0 0.0 0.0 0.0 0.0 0.0 0.0 2.0 89.0 
25_1_017_47
7.0 0.0 0.0 0.0 0.0 0.0 0.0 72.0 1.0 0.0 0.0 0.0 0.0 0.0 0.0 4.0 0.0 0.0 1.0 18.0 1.0 0.0 0.0 0.0 1.0 0.0 0.0 0.0 0.0 0.0 0.0 1.0 1.0 0.0 0.0 0.0 0.0 0.0 1.0 102.0 1.0 0.0 0.0 0.0 0.0 0.0 0.0 4.0 0.0 0.0 2.0 21.0 0.0 0.0 0.0 0.0 0.0 0.0 0.0 0.0 0.0 1.0 0.0 1.0 6.0 0.0 0.0 0.0 0.0 0.0 0.0 101.0 3.0 0.0 0.0 0.0 0.0 0.0 0.0 3.0 0.0 0.0 4.0 18.0 0.0 0.0 0.0 0.0 0.0 0.0 1.0 0.0 2.0 1.0 0.0 2.0 10.0 0.0 0.0 0.0 0.0 0.0 1.0 78.0 3.0 0.0 0.0 0.0 0.0 0.0 0.0 5.0 0.0 0.0 1.0 14.0 0.0 0.0 0.0 1.0 0.0 0.0 1.0 2.0 0.0 0.0 0.0 2.0 
25_1_017_48
0.0 1.0 4.0 60.0 0.0 0.0 1.0 3.0 2.0 0.0 1.0 53.0 1.0 2.0 12.0 40.0 4.0 3.0 35.0 58.0 5.0 0.0 0.0 4.0 10.0 15.0 19.0 26.0 4.0 0.0 0.0 3.0 0.0 0.0 2.0 72.0 9.0 0.0 0.0 0.0 1.0 0.0 0.0 43.0 4.0 1.0 18.0 43.0 1.0 5.0 25.0 92.0 10.0 0.0 0.0 0.0 5.0 2.0 15.0 36.0 33.0 14.0 22.0 18.0 0.0 0.0 7.0 101.0 6.0 0.0 0.0 0.0 3.0 2.0 0.0 33.0 8.0 3.0 11.0 18.0 0.0 0.0 17.0 102.0 19.0 0.0 0.0 0.0 8.0 3.0 0.0 8.0 12.0 17.0 8.0 12.0 0.0 0.0 6.0 91.0 1.0 0.0 0.0 0.0 2.0 3.0 8.0 23.0 2.0 0.0 0.0 0.0 0.0 1.0 11.0 33.0 28.0 0.0 0.0 0.0 17.0 16.0 9.0 25.0 11.0 2.0 0.0 4.0 
25_1_017_49
0.0 0.0 0.0 0.0 0.0 0.0 0.0 0.0 0.0 0.0 6.0 17.0 0.0 0.0 0.0 0.0 0.0 0.0 0.0 32.0 102.0 5.0 6.0 1.0 1.0 0.0 0.0 6.0 15.0 0.0 10.0 13.0 0.0 0.0 0.0 1.0 0.0 0.0 0.0 0.0 0.0 0.0 4.0 26.0 0.0 0.0 0.0 0.0 10.0 1.0 12.0 66.0 20.0 0.0 8.0 35.0 0.0 0.0 0.0 59.0 25.0 2.0 35.0 47.0 0.0 0.0 0.0 3.0 0.0 0.0 0.0 0.0 0.0 0.0 5.0 18.0 2.0 0.0 2.0 6.0 1.0 0.0 18.0 44.0 2.0 1.0 11.0 9.0 0.0 0.0 0.0 27.0 7.0 6.0 23.0 58.0 0.0 0.0 0.0 3.0 0.0 0.0 0.0 0.0 0.0 0.0 3.0 15.0 0.0 0.0 0.0 12.0 2.0 1.0 23.0 33.0 0.0 0.0 0.0 3.0 0.0 0.0 0.0 3.0 2.0 0.0 35.0 54.0 
25_1_017_50
2.0 0.0 59.0 36.0 0.0 0.0 0.0 0.0 0.0 1.0 1.0 0.0 0.0 1.0 24.0 20.0 0.0 0.0 4.0 11.0 1.0 1.0 7.0 4.0 0.0 0.0 0.0 0.0 0.0 0.0 6.0 6.0 5.0 4.0 44.0 35.0 0.0 0.0 0.0 27.0 0.0 4.0 5.0 3.0 1.0 2.0 31.0 30.0 1.0 0.0 7.0 6.0 0.0 0.0 9.0 9.0 0.0 0.0 0.0 0.0 0.0 0.0 2.0 3.0 1.0 0.0 21.0 5.0 0.0 0.0 -3.0 102.0 0.0 0.0 17.0 23.0 1.0 2.0 -1.0 45.0 0.0 0.0 0.0 0.0 0.0 0.0 10.0 14.0 0.0 0.0 0.0 0.0 0.0 0.0 0.0 1.0 0.0 0.0 0.0 2.0 0.0 0.0 -21.0 64.0 0.0 2.0 1.0 0.0 0.0 0.0 -24.0 95.0 0.0 0.0 0.0 0.0 0.0 0.0 5.0 4.0 0.0 0.0 0.0 0.0 0.0 0.0 0.0 0.0 
25_1_017_51
0.0 0.0 0.0 13.0 102.0 35.0 0.0 0.0 0.0 0.0 0.0 0.0 96.0 51.0 0.0 0.0 0.0 0.0 0.0 0.0 31.0 69.0 11.0 0.0 3.0 0.0 6.0 0.0 8.0 32.0 5.0 17.0 -11.0 27.0 0.0 5.0 74.0 17.0 0.0 0.0 0.0 -3.0 17.0 55.0 94.0 34.0 0.0 0.0 6.0 0.0 1.0 12.0 21.0 50.0 2.0 14.0 0.0 2.0 0.0 0.0 4.0 96.0 11.0 0.0 -8.0 7.0 39.0 9.0 0.0 0.0 0.0 0.0 0.0 -7.0 26.0 41.0 43.0 1.0 0.0 0.0 0.0 0.0 0.0 0.0 26.0 76.0 18.0 0.0 0.0 0.0 0.0 0.0 0.0 46.0 40.0 0.0 -11.0 44.0 0.0 0.0 0.0 0.0 0.0 -2.0 -2.0 -1.0 24.0 0.0 0.0 0.0 0.0 0.0 0.0 0.0 0.0 0.0 0.0 4.0 4.0 5.0 2.0 0.0 0.0 0.0 0.0 0.0 2.0 9.0 
25_1_017_52
0.0 0.0 0.0 0.0 0.0 0.0 11.0 7.0 0.0 0.0 14.0 2.0 0.0 1.0 14.0 2.0 0.0 4.0 102.0 40.0 0.0 0.0 0.0 0.0 4.0 10.0 8.0 0.0 3.0 5.0 7.0 11.0 0.0 0.0 0.0 0.0 0.0 0.0 10.0 8.0 0.0 0.0 62.0 63.0 0.0 0.0 0.0 1.0 0.0 0.0 32.0 22.0 2.0 36.0 16.0 0.0 0.0 2.0 1.0 0.0 2.0 5.0 16.0 13.0 0.0 3.0 29.0 1.0 0.0 0.0 1.0 2.0 0.0 17.0 77.0 37.0 1.0 0.0 4.0 1.0 2.0 8.0 13.0 3.0 3.0 2.0 20.0 11.0 1.0 2.0 7.0 6.0 5.0 0.0 0.0 0.0 0.0 4.0 75.0 10.0 1.0 2.0 1.0 0.0 1.0 5.0 9.0 1.0 0.0 11.0 26.0 21.0 0.0 2.0 19.0 13.0 0.0 0.0 0.0 0.0 0.0 3.0 3.0 1.0 0.0 1.0 1.0 5.0 
25_1_017_53
2.0 2.0 4.0 0.0 0.0 8.0 17.0 2.0 0.0 5.0 4.0 0.0 1.0 2.0 5.0 0.0 1.0 5.0 3.0 4.0 2.0 3.0 0.0 0.0 0.0 4.0 7.0 2.0 1.0 1.0 0.0 0.0 6.0 4.0 6.0 4.0 2.0 2.0 0.0 1.0 6.0 2.0 5.0 1.0 1.0 6.0 7.0 1.0 2.0 1.0 3.0 5.0 2.0 4.0 3.0 3.0 4.0 2.0 4.0 3.0 1.0 4.0 1.0 0.0 92.0 16.0 0.0 0.0 0.0 0.0 0.0 5.0 9.0 1.0 0.0 0.0 0.0 0.0 8.0 22.0 0.0 0.0 5.0 26.0 0.0 0.0 2.0 2.0 0.0 0.0 0.0 1.0 4.0 13.0 3.0 2.0 40.0 0.0 0.0 0.0 0.0 0.0 0.0 11.0 102.0 16.0 0.0 0.0 0.0 0.0 0.0 4.0 7.0 9.0 10.0 1.0 0.0 0.0 1.0 10.0 1.0 0.0 0.0 0.0 0.0 3.0 3.0 8.0 
25_1_017_54
5.0 0.0 0.0 0.0 0.0 0.0 2.0 82.0 2.0 0.0 0.0 0.0 0.0 0.0 0.0 5.0 0.0 0.0 2.0 15.0 0.0 0.0 0.0 0.0 0.0 0.0 0.0 1.0 0.0 0.0 0.0 3.0 5.0 0.0 0.0 0.0 0.0 0.0 3.0 102.0 0.0 0.0 0.0 1.0 0.0 0.0 1.0 9.0 0.0 0.0 2.0 19.0 0.0 0.0 0.0 2.0 0.0 0.0 0.0 2.0 1.0 0.0 0.0 4.0 0.0 0.0 0.0 0.0 0.0 0.0 40.0 72.0 0.0 0.0 0.0 2.0 0.0 0.0 2.0 5.0 0.0 0.0 1.0 19.0 0.0 0.0 0.0 3.0 1.0 0.0 2.0 2.0 0.0 0.0 0.0 4.0 0.0 0.0 0.0 0.0 0.0 0.0 17.0 45.0 0.0 0.0 0.0 3.0 1.0 0.0 0.0 0.0 0.0 0.0 0.0 12.0 0.0 0.0 1.0 2.0 0.0 0.0 2.0 4.0 0.0 0.0 0.0 0.0 
25_1_017_55
0.0 0.0 0.0 0.0 0.0 0.0 -4.0 22.0 2.0 0.0 0.0 16.0 9.0 0.0 -3.0 9.0 0.0 0.0 0.0 30.0 48.0 1.0 0.0 11.0 0.0 0.0 7.0 9.0 4.0 1.0 -5.0 19.0 0.0 0.0 0.0 0.0 0.0 0.0 -3.0 21.0 0.0 0.0 1.0 9.0 0.0 0.0 -1.0 10.0 5.0 3.0 38.0 93.0 0.0 0.0 0.0 -1.0 1.0 0.0 1.0 14.0 2.0 0.0 -11.0 50.0 0.0 0.0 0.0 0.0 0.0 0.0 -3.0 22.0 0.0 0.0 1.0 9.0 0.0 0.0 -5.0 17.0 7.0 0.0 10.0 102.0 10.0 0.0 8.0 0.0 12.0 0.0 9.0 16.0 1.0 0.0 11.0 13.0 0.0 0.0 0.0 0.0 0.0 0.0 -5.0 21.0 0.0 0.0 0.0 7.0 0.0 0.0 -3.0 13.0 5.0 0.0 4.0 92.0 15.0 0.0 0.0 -2.0 0.0 0.0 12.0 5.0 7.0 1.0 -4.0 34.0 
25_1_017_56
0.0 0.0 38.0 34.0 0.0 1.0 23.0 6.0 6.0 13.0 16.0 1.0 0.0 9.0 27.0 27.0 0.0 12.0 102.0 56.0 0.0 0.0 3.0 5.0 2.0 8.0 15.0 23.0 11.0 4.0 6.0 9.0 0.0 0.0 8.0 8.0 2.0 8.0 54.0 22.0 8.0 15.0 61.0 53.0 2.0 2.0 5.0 5.0 27.0 52.0 93.0 60.0 13.0 0.0 6.0 12.0 11.0 7.0 47.0 51.0 25.0 0.0 0.0 18.0 4.0 4.0 66.0 27.0 3.0 0.0 6.0 6.0 28.0 15.0 39.0 31.0 1.0 1.0 5.0 10.0 7.0 14.0 14.0 55.0 51.0 47.0 30.0 2.0 13.0 3.0 4.0 0.0 35.0 28.0 17.0 13.0 0.0 4.0 23.0 39.0 6.0 0.0 0.0 0.0 23.0 0.0 10.0 21.0 7.0 9.0 23.0 15.0 0.0 3.0 9.0 25.0 36.0 11.0 30.0 16.0 1.0 8.0 28.0 28.0 12.0 15.0 13.0 12.0 
25_1_017_57
2.0 0.0 4.0 5.0 2.0 0.0 -3.0 21.0 3.0 0.0 8.0 14.0 1.0 0.0 0.0 0.0 0.0 10.0 3.0 3.0 7.0 1.0 0.0 0.0 0.0 0.0 0.0 0.0 0.0 0.0 16.0 81.0 3.0 0.0 5.0 15.0 6.0 1.0 0.0 10.0 19.0 4.0 1.0 4.0 3.0 3.0 0.0 -1.0 0.0 0.0 7.0 28.0 11.0 0.0 -3.0 23.0 3.0 0.0 0.0 0.0 0.0 0.0 3.0 102.0 2.0 3.0 5.0 31.0 1.0 0.0 -3.0 5.0 0.0 3.0 6.0 0.0 0.0 3.0 5.0 23.0 0.0 1.0 8.0 35.0 5.0 0.0 4.0 30.0 3.0 0.0 0.0 0.0 0.0 0.0 0.0 78.0 13.0 2.0 0.0 10.0 6.0 1.0 3.0 4.0 0.0 2.0 3.0 6.0 2.0 1.0 4.0 7.0 1.0 0.0 9.0 18.0 0.0 0.0 0.0 46.0 1.0 0.0 0.0 0.0 0.0 0.0 0.0 42.0 
25_1_017_58
28.0 18.0 0.0 0.0 0.0 0.0 0.0 0.0 7.0 16.0 12.0 67.0 8.0 0.0 0.0 0.0 0.0 0.0 5.0 70.0 11.0 0.0 3.0 3.0 4.0 1.0 1.0 0.0 0.0 6.0 8.0 14.0 60.0 24.0 0.0 0.0 0.0 0.0 0.0 0.0 30.0 17.0 10.0 30.0 4.0 0.0 0.0 0.0 0.0 1.0 3.0 89.0 18.0 1.0 6.0 4.0 7.0 2.0 0.0 0.0 0.0 6.0 21.0 6.0 32.0 9.0 0.0 0.0 0.0 0.0 0.0 0.0 67.0 19.0 1.0 0.0 0.0 0.0 0.0 1.0 20.0 0.0 8.0 102.0 23.0 0.0 1.0 20.0 14.0 2.0 2.0 1.0 0.0 4.0 7.0 16.0 5.0 9.0 2.0 0.0 0.0 0.0 0.0 0.0 39.0 2.0 0.0 0.0 0.0 0.0 0.0 4.0 14.0 5.0 10.0 75.0 18.0 0.0 0.0 1.0 37.0 1.0 4.0 4.0 2.0 0.0 9.0 36.0 
25_1_017_59
67.0 0.0 2.0 3.0 4.0 0.0 -27.0 66.0 20.0 0.0 6.0 80.0 11.0 0.0 -9.0 16.0 0.0 0.0 0.0 0.0 1.0 6.0 12.0 63.0 0.0 0.0 5.0 24.0 0.0 0.0 2.0 30.0 0.0 0.0 18.0 9.0 33.0 36.0 10.0 44.0 35.0 30.0 32.0 20.0 12.0 4.0 -4.0 31.0 24.0 53.0 49.0 50.0 2.0 0.0 2.0 16.0 42.0 0.0 20.0 16.0 7.0 0.0 -15.0 102.0 31.0 11.0 55.0 26.0 16.0 13.0 -16.0 57.0 23.0 0.0 2.0 5.0 2.0 13.0 20.0 80.0 0.0 1.0 11.0 47.0 23.0 42.0 91.0 30.0 0.0 1.0 25.0 48.0 13.0 5.0 51.0 16.0 34.0 1.0 8.0 2.0 5.0 2.0 17.0 25.0 14.0 8.0 11.0 6.0 2.0 4.0 12.0 13.0 54.0 17.0 1.0 0.0 0.0 2.0 -17.0 47.0 58.0 6.0 60.0 42.0 0.0 0.0 -19.0 44.0 
25_1_017_60
0.0 0.0 0.0 0.0 0.0 0.0 35.0 17.0 15.0 17.0 22.0 2.0 1.0 0.0 1.0 6.0 24.0 24.0 4.0 30.0 20.0 0.0 0.0 10.0 1.0 0.0 0.0 2.0 20.0 18.0 8.0 3.0 19.0 13.0 4.0 0.0 0.0 0.0 9.0 15.0 27.0 13.0 22.0 6.0 0.0 0.0 0.0 6.0 0.0 5.0 22.0 102.0 2.0 0.0 0.0 1.0 0.0 1.0 12.0 21.0 34.0 33.0 6.0 0.0 15.0 2.0 2.0 1.0 5.0 9.0 31.0 28.0 18.0 29.0 6.0 53.0 31.0 4.0 4.0 0.0 3.0 10.0 21.0 43.0 13.0 23.0 5.0 1.0 0.0 1.0 8.0 21.0 29.0 41.0 27.0 1.0 11.0 2.0 8.0 1.0 2.0 15.0 13.0 22.0 3.0 11.0 8.0 18.0 24.0 15.0 2.0 2.0 0.0 0.0 2.0 24.0 11.0 13.0 19.0 4.0 12.0 15.0 27.0 37.0 11.0 0.0 3.0 11.0 
25_1_017_61
0.0 0.0 1.0 7.0 5.0 0.0 0.0 0.0 0.0 0.0 19.0 102.0 8.0 0.0 0.0 0.0 33.0 5.0 12.0 7.0 0.0 0.0 5.0 18.0 2.0 18.0 13.0 4.0 5.0 1.0 0.0 0.0 0.0 0.0 2.0 8.0 9.0 4.0 0.0 0.0 0.0 0.0 6.0 102.0 37.0 0.0 0.0 0.0 0.0 2.0 26.0 5.0 6.0 29.0 14.0 0.0 1.0 16.0 16.0 3.0 6.0 11.0 0.0 0.0 0.0 0.0 0.0 0.0 11.0 5.0 1.0 0.0 0.0 0.0 0.0 57.0 70.0 3.0 0.0 0.0 0.0 0.0 0.0 4.0 12.0 58.0 29.0 2.0 0.0 0.0 0.0 0.0 4.0 75.0 23.0 0.0 0.0 0.0 0.0 0.0 5.0 2.0 6.0 0.0 0.0 0.0 30.0 75.0 0.0 1.0 0.0 0.0 7.0 0.0 6.0 0.0 0.0 0.0 2.0 47.0 2.0 1.0 1.0 0.0 0.0 1.0 7.0 28.0 
25_1_017_62
0.0 0.0 0.0 8.0 2.0 0.0 -1.0 17.0 0.0 0.0 0.0 102.0 36.0 1.0 0.0 0.0 0.0 0.0 0.0 0.0 0.0 13.0 31.0 34.0 0.0 0.0 1.0 14.0 7.0 4.0 4.0 0.0 1.0 1.0 1.0 3.0 0.0 0.0 -8.0 26.0 0.0 0.0 0.0 36.0 95.0 5.0 0.0 1.0 9.0 1.0 1.0 12.0 29.0 5.0 -25.0 77.0 0.0 2.0 12.0 17.0 16.0 2.0 1.0 7.0 0.0 0.0 0.0 0.0 0.0 0.0 -4.0 19.0 0.0 0.0 5.0 33.0 6.0 0.0 -1.0 5.0 5.0 6.0 19.0 97.0 0.0 0.0 -16.0 52.0 3.0 0.0 4.0 19.0 13.0 0.0 -19.0 50.0 0.0 0.0 0.0 0.0 0.0 0.0 -6.0 20.0 0.0 0.0 1.0 38.0 3.0 0.0 -2.0 8.0 0.0 0.0 4.0 75.0 18.0 7.0 13.0 19.0 6.0 0.0 2.0 18.0 1.0 3.0 9.0 16.0 
25_1_017_63
0.0 0.0 0.0 0.0 0.0 0.0 -2.0 15.0 0.0 0.0 0.0 0.0 1.0 0.0 0.0 7.0 0.0 0.0 45.0 68.0 0.0 0.0 0.0 0.0 8.0 0.0 1.0 1.0 0.0 0.0 -4.0 44.0 0.0 0.0 0.0 0.0 0.0 0.0 0.0 14.0 0.0 0.0 1.0 7.0 0.0 0.0 -3.0 12.0 7.0 0.0 16.0 95.0 6.0 5.0 3.0 -1.0 10.0 0.0 2.0 3.0 1.0 3.0 17.0 22.0 0.0 0.0 0.0 0.0 0.0 0.0 -4.0 19.0 0.0 0.0 2.0 12.0 0.0 0.0 0.0 10.0 6.0 0.0 18.0 102.0 13.0 0.0 0.0 -2.0 16.0 0.0 11.0 6.0 3.0 0.0 -4.0 36.0 0.0 0.0 0.0 0.0 0.0 0.0 -3.0 17.0 3.0 0.0 3.0 9.0 0.0 0.0 -3.0 8.0 0.0 0.0 4.0 77.0 9.0 1.0 6.0 1.0 5.0 0.0 1.0 0.0 4.0 2.0 11.0 11.0 
25_1_017_64
0.0 0.0 1.0 6.0 1.0 0.0 0.0 0.0 0.0 0.0 1.0 14.0 13.0 0.0 0.0 0.0 0.0 0.0 12.0 91.0 14.0 0.0 0.0 0.0 0.0 0.0 0.0 15.0 2.0 5.0 34.0 1.0 0.0 0.0 1.0 12.0 7.0 0.0 0.0 0.0 0.0 0.0 17.0 20.0 4.0 0.0 0.0 0.0 0.0 7.0 82.0 102.0 19.0 12.0 0.0 0.0 18.0 6.0 5.0 2.0 1.0 7.0 -2.0 49.0 0.0 0.0 0.0 4.0 13.0 1.0 0.0 0.0 0.0 0.0 11.0 60.0 24.0 2.0 0.0 0.0 0.0 8.0 37.0 57.0 23.0 15.0 0.0 0.0 5.0 16.0 19.0 2.0 9.0 12.0 0.0 0.0 0.0 0.0 0.0 3.0 6.0 3.0 4.0 0.0 0.0 0.0 32.0 49.0 12.0 4.0 0.0 0.0 0.0 1.0 5.0 6.0 25.0 36.0 12.0 2.0 0.0 0.0 0.0 0.0 21.0 73.0 3.0 0.0 
25_1_017_65
0.0 0.0 0.0 0.0 13.0 5.0 0.0 0.0 0.0 0.0 0.0 21.0 50.0 0.0 0.0 0.0 12.0 4.0 8.0 55.0 27.0 0.0 7.0 6.0 20.0 12.0 14.0 0.0 0.0 0.0 6.0 7.0 0.0 0.0 0.0 9.0 3.0 1.0 1.0 0.0 0.0 0.0 5.0 51.0 8.0 0.0 0.0 0.0 0.0 2.0 21.0 102.0 44.0 27.0 9.0 19.0 1.0 9.0 16.0 5.0 4.0 1.0 7.0 19.0 0.0 0.0 0.0 4.0 15.0 1.0 0.0 0.0 0.0 0.0 0.0 22.0 29.0 11.0 0.0 0.0 0.0 3.0 8.0 87.0 49.0 20.0 0.0 0.0 0.0 0.0 7.0 4.0 6.0 67.0 20.0 0.0 0.0 0.0 0.0 0.0 5.0 5.0 1.0 0.0 0.0 0.0 0.0 1.0 14.0 7.0 7.0 0.0 3.0 1.0 11.0 54.0 35.0 6.0 0.0 -1.0 0.0 0.0 0.0 0.0 0.0 13.0 23.0 19.0 
25_1_017_66
0.0 0.0 0.0 0.0 2.0 14.0 40.0 0.0 0.0 0.0 0.0 0.0 0.0 60.0 102.0 0.0 0.0 0.0 0.0 1.0 13.0 61.0 33.0 0.0 0.0 0.0 0.0 1.0 6.0 1.0 -1.0 29.0 0.0 0.0 0.0 0.0 2.0 62.0 54.0 0.0 -1.0 5.0 6.0 5.0 1.0 5.0 35.0 5.0 13.0 3.0 1.0 14.0 7.0 5.0 -4.0 20.0 -1.0 4.0 4.0 18.0 6.0 0.0 -7.0 45.0 3.0 0.0 0.0 4.0 18.0 10.0 0.0 1.0 8.0 6.0 0.0 11.0 12.0 2.0 0.0 5.0 2.0 4.0 0.0 0.0 5.0 6.0 18.0 13.0 0.0 0.0 1.0 17.0 32.0 2.0 -1.0 28.0 33.0 4.0 0.0 0.0 0.0 0.0 0.0 -7.0 4.0 2.0 5.0 12.0 5.0 6.0 0.0 0.0 0.0 1.0 4.0 2.0 2.0 0.0 -1.0 27.0 -4.0 11.0 2.0 6.0 7.0 0.0 0.0 0.0 
25_1_017_67
1.0 1.0 0.0 1.0 1.0 0.0 4.0 6.0 2.0 6.0 3.0 7.0 7.0 3.0 1.0 1.0 8.0 6.0 1.0 0.0 0.0 12.0 1.0 11.0 4.0 7.0 0.0 1.0 5.0 12.0 1.0 0.0 16.0 4.0 1.0 0.0 0.0 0.0 4.0 3.0 0.0 2.0 13.0 14.0 6.0 6.0 0.0 0.0 10.0 6.0 2.0 4.0 4.0 4.0 1.0 5.0 5.0 13.0 42.0 2.0 0.0 0.0 0.0 0.0 22.0 8.0 0.0 15.0 20.0 1.0 2.0 3.0 13.0 3.0 2.0 4.0 13.0 5.0 0.0 13.0 0.0 1.0 26.0 12.0 0.0 3.0 6.0 2.0 0.0 0.0 96.0 35.0 0.0 0.0 0.0 0.0 2.0 5.0 0.0 8.0 10.0 0.0 0.0 0.0 21.0 17.0 7.0 6.0 5.0 0.0 0.0 0.0 0.0 13.0 102.0 6.0 0.0 0.0 0.0 0.0 0.0 1.0 39.0 5.0 1.0 11.0 13.0 0.0 
25_1_017_68
0.0 0.0 0.0 1.0 3.0 11.0 34.0 0.0 0.0 11.0 5.0 5.0 4.0 0.0 -4.0 13.0 1.0 24.0 12.0 0.0 0.0 2.0 1.0 5.0 7.0 32.0 0.0 0.0 0.0 4.0 2.0 0.0 0.0 0.0 19.0 12.0 4.0 3.0 0.0 0.0 0.0 2.0 16.0 31.0 2.0 0.0 0.0 0.0 0.0 58.0 75.0 72.0 9.0 0.0 0.0 0.0 24.0 102.0 17.0 0.0 0.0 0.0 0.0 2.0 0.0 0.0 1.0 17.0 19.0 0.0 0.0 0.0 0.0 0.0 10.0 41.0 9.0 0.0 0.0 0.0 0.0 0.0 5.0 61.0 41.0 69.0 4.0 0.0 0.0 0.0 0.0 10.0 35.0 44.0 17.0 5.0 0.0 0.0 0.0 22.0 17.0 0.0 0.0 0.0 0.0 0.0 7.0 14.0 12.0 8.0 0.0 0.0 0.0 9.0 66.0 10.0 1.0 10.0 1.0 0.0 2.0 3.0 57.0 13.0 0.0 0.0 11.0 37.0 
25_1_017_69
0.0 0.0 0.0 3.0 26.0 2.0 0.0 0.0 0.0 0.0 2.0 54.0 33.0 0.0 0.0 0.0 0.0 0.0 0.0 2.0 2.0 0.0 37.0 15.0 11.0 0.0 0.0 0.0 0.0 8.0 21.0 5.0 0.0 0.0 0.0 8.0 13.0 1.0 0.0 0.0 0.0 0.0 29.0 101.0 19.0 0.0 0.0 0.0 24.0 22.0 7.0 0.0 0.0 0.0 -1.0 31.0 10.0 31.0 16.0 2.0 4.0 0.0 0.0 -3.0 0.0 0.0 4.0 10.0 5.0 2.0 0.0 0.0 0.0 0.0 6.0 102.0 44.0 4.0 0.0 0.0 0.0 3.0 23.0 4.0 2.0 15.0 31.0 0.0 0.0 15.0 14.0 1.0 7.0 2.0 0.0 0.0 0.0 0.0 0.0 0.0 11.0 5.0 0.0 0.0 0.0 0.0 1.0 50.0 54.0 4.0 0.0 0.0 0.0 0.0 0.0 0.0 4.0 53.0 21.0 0.0 0.0 0.0 0.0 1.0 6.0 53.0 13.0 0.0 
25_1_017_70
4.0 15.0 2.0 9.0 10.0 9.0 0.0 0.0 10.0 9.0 10.0 3.0 15.0 3.0 1.0 5.0 7.0 9.0 3.0 0.0 1.0 11.0 15.0 5.0 0.0 6.0 20.0 8.0 2.0 4.0 0.0 0.0 0.0 30.0 41.0 37.0 29.0 20.0 1.0 0.0 23.0 16.0 4.0 2.0 1.0 11.0 37.0 17.0 21.0 8.0 20.0 34.0 11.0 2.0 0.0 8.0 11.0 9.0 16.0 27.0 6.0 1.0 0.0 11.0 10.0 16.0 20.0 5.0 8.0 25.0 16.0 10.0 6.0 28.0 36.0 0.0 6.0 50.0 18.0 0.0 4.0 12.0 28.0 102.0 39.0 3.0 1.0 4.0 58.0 22.0 0.0 0.0 24.0 16.0 19.0 53.0 46.0 53.0 15.0 0.0 0.0 0.0 3.0 7.0 26.0 7.0 52.0 48.0 7.0 6.0 6.0 16.0 6.0 74.0 66.0 15.0 35.0 0.0 0.0 0.0 44.0 51.0 2.0 0.0 0.0 17.0 23.0 18.0 
25_1_017_71
0.0 0.0 3.0 1.0 0.0 0.0 1.0 4.0 0.0 0.0 11.0 102.0 3.0 0.0 0.0 5.0 1.0 5.0 10.0 20.0 8.0 2.0 2.0 34.0 1.0 1.0 8.0 4.0 1.0 0.0 1.0 6.0 2.0 0.0 5.0 2.0 1.0 0.0 0.0 5.0 0.0 0.0 32.0 97.0 5.0 0.0 0.0 8.0 5.0 3.0 15.0 4.0 9.0 19.0 24.0 12.0 26.0 15.0 44.0 16.0 2.0 2.0 2.0 -10.0 1.0 0.0 2.0 1.0 1.0 0.0 2.0 7.0 0.0 2.0 7.0 90.0 21.0 0.0 1.0 1.0 0.0 4.0 41.0 34.0 4.0 13.0 22.0 0.0 0.0 4.0 11.0 6.0 8.0 31.0 9.0 1.0 0.0 0.0 0.0 0.0 0.0 0.0 3.0 9.0 0.0 0.0 7.0 65.0 31.0 0.0 1.0 0.0 13.0 10.0 34.0 21.0 0.0 0.0 -6.0 15.0 0.0 0.0 6.0 1.0 2.0 21.0 13.0 5.0 
25_1_017_72
0.0 0.0 0.0 78.0 7.0 0.0 0.0 6.0 0.0 0.0 0.0 13.0 18.0 6.0 7.0 15.0 0.0 0.0 0.0 84.0 28.0 0.0 10.0 3.0 0.0 0.0 0.0 0.0 0.0 0.0 8.0 44.0 0.0 0.0 12.0 88.0 1.0 0.0 -1.0 13.0 4.0 0.0 12.0 27.0 2.0 0.0 17.0 46.0 0.0 0.0 1.0 102.0 36.0 4.0 2.0 0.0 0.0 0.0 0.0 0.0 0.0 0.0 1.0 43.0 0.0 0.0 1.0 67.0 31.0 0.0 0.0 10.0 10.0 0.0 0.0 44.0 25.0 3.0 -18.0 91.0 0.0 0.0 27.0 88.0 7.0 0.0 0.0 0.0 0.0 0.0 0.0 0.0 0.0 0.0 -10.0 46.0 0.0 0.0 3.0 44.0 4.0 0.0 1.0 17.0 8.0 1.0 7.0 57.0 6.0 0.0 -6.0 17.0 11.0 3.0 8.0 37.0 28.0 1.0 0.0 0.0 0.0 0.0 0.0 0.0 4.0 7.0 9.0 7.0 
25_1_017_73
28.0 0.0 0.0 17.0 36.0 20.0 26.0 56.0 33.0 90.0 15.0 0.0 0.0 0.0 0.0 5.0 53.0 50.0 12.0 2.0 0.0 0.0 0.0 32.0 38.0 0.0 0.0 3.0 16.0 12.0 1.0 42.0 4.0 11.0 12.0 1.0 1.0 23.0 36.0 3.0 11.0 1.0 31.0 81.0 49.0 12.0 1.0 1.0 88.0 10.0 0.0 5.0 7.0 0.0 3.0 100.0 5.0 0.0 2.0 15.0 24.0 11.0 3.0 5.0 0.0 2.0 7.0 24.0 13.0 14.0 5.0 2.0 5.0 0.0 0.0 48.0 66.0 39.0 23.0 13.0 8.0 0.0 0.0 0.0 0.0 102.0 90.0 32.0 6.0 6.0 4.0 53.0 44.0 2.0 4.0 12.0 13.0 2.0 1.0 0.0 0.0 0.0 3.0 9.0 4.0 8.0 3.0 2.0 1.0 0.0 1.0 5.0 32.0 16.0 2.0 0.0 1.0 0.0 0.0 11.0 0.0 0.0 5.0 4.0 12.0 7.0 1.0 2.0 
25_1_017_74
0.0 0.0 0.0 6.0 18.0 5.0 3.0 3.0 0.0 0.0 1.0 14.0 26.0 4.0 -9.0 38.0 24.0 0.0 3.0 0.0 0.0 0.0 -5.0 17.0 0.0 0.0 0.0 0.0 0.0 1.0 8.0 17.0 0.0 0.0 2.0 2.0 1.0 0.0 -2.0 18.0 0.0 4.0 24.0 67.0 7.0 0.0 0.0 0.0 17.0 0.0 0.0 0.0 0.0 0.0 -33.0 98.0 8.0 1.0 0.0 0.0 0.0 0.0 -17.0 54.0 0.0 0.0 12.0 11.0 0.0 0.0 2.0 2.0 0.0 0.0 51.0 63.0 0.0 0.0 0.0 0.0 14.0 0.0 0.0 0.0 1.0 6.0 -10.0 63.0 102.0 0.0 0.0 0.0 1.0 0.0 0.0 -18.0 5.0 0.0 2.0 22.0 2.0 0.0 0.0 -1.0 0.0 0.0 6.0 17.0 32.0 23.0 1.0 1.0 0.0 0.0 0.0 0.0 4.0 11.0 30.0 25.0 7.0 2.0 0.0 18.0 36.0 3.0 0.0 0.0 
25_1_017_75
5.0 31.0 25.0 12.0 0.0 0.0 31.0 5.0 30.0 34.0 9.0 1.0 26.0 25.0 0.0 0.0 24.0 20.0 42.0 21.0 17.0 65.0 30.0 20.0 1.0 29.0 9.0 13.0 13.0 4.0 0.0 0.0 11.0 5.0 0.0 1.0 32.0 42.0 22.0 10.0 14.0 19.0 1.0 4.0 31.0 32.0 26.0 10.0 7.0 6.0 6.0 16.0 18.0 12.0 26.0 32.0 0.0 16.0 48.0 74.0 59.0 21.0 0.0 0.0 0.0 5.0 31.0 33.0 2.0 13.0 1.0 4.0 31.0 2.0 7.0 4.0 4.0 4.0 6.0 53.0 16.0 5.0 13.0 58.0 26.0 5.0 1.0 4.0 15.0 28.0 64.0 48.0 13.0 25.0 7.0 13.0 16.0 57.0 41.0 19.0 35.0 4.0 8.0 7.0 84.0 67.0 30.0 0.0 22.0 1.0 36.0 63.0 21.0 58.0 102.0 28.0 0.0 0.0 0.0 9.0 14.0 59.0 25.0 43.0 2.0 0.0 14.0 18.0 
25_1_017_76
31.0 24.0 12.0 7.0 11.0 1.0 -6.0 61.0 24.0 0.0 4.0 9.0 0.0 1.0 17.0 39.0 8.0 8.0 22.0 17.0 1.0 0.0 -4.0 18.0 19.0 13.0 2.0 8.0 17.0 4.0 -6.0 27.0 0.0 0.0 0.0 0.0 21.0 48.0 40.0 76.0 0.0 0.0 0.0 1.0 5.0 35.0 24.0 8.0 7.0 2.0 11.0 7.0 26.0 5.0 17.0 4.0 5.0 1.0 29.0 11.0 10.0 4.0 6.0 7.0 102.0 4.0 0.0 0.0 0.0 3.0 -27.0 58.0 31.0 16.0 10.0 1.0 3.0 12.0 -11.0 26.0 11.0 3.0 11.0 29.0 31.0 9.0 0.0 3.0 14.0 14.0 7.0 26.0 5.0 1.0 4.0 55.0 0.0 0.0 3.0 2.0 21.0 14.0 18.0 24.0 88.0 23.0 18.0 14.0 3.0 1.0 -16.0 32.0 11.0 26.0 35.0 9.0 0.0 0.0 -3.0 17.0 9.0 1.0 4.0 9.0 1.0 11.0 22.0 8.0 
25_1_017_77
0.0 0.0 0.0 0.0 0.0 60.0 29.0 0.0 0.0 0.0 0.0 0.0 14.0 36.0 12.0 37.0 9.0 0.0 0.0 0.0 0.0 0.0 -11.0 48.0 3.0 0.0 0.0 0.0 0.0 2.0 5.0 2.0 0.0 0.0 0.0 0.0 0.0 13.0 25.0 13.0 0.0 8.0 20.0 61.0 24.0 1.0 0.0 0.0 29.0 4.0 0.0 0.0 0.0 0.0 -4.0 102.0 0.0 17.0 26.0 2.0 0.0 0.0 1.0 1.0 0.0 0.0 3.0 0.0 0.0 0.0 17.0 11.0 0.0 1.0 28.0 88.0 15.0 0.0 0.0 0.0 10.0 7.0 4.0 0.0 0.0 1.0 7.0 66.0 0.0 1.0 9.0 0.0 0.0 17.0 14.0 5.0 0.0 19.0 46.0 0.0 0.0 0.0 0.0 0.0 16.0 8.0 73.0 15.0 0.0 0.0 -7.0 26.0 0.0 0.0 0.0 0.0 0.0 0.0 25.0 59.0 0.0 0.0 0.0 0.0 0.0 5.0 27.0 8.0 
25_1_017_78
0.0 3.0 29.0 18.0 0.0 0.0 0.0 0.0 0.0 0.0 18.0 67.0 10.0 0.0 0.0 0.0 0.0 0.0 0.0 8.0 8.0 7.0 101.0 23.0 0.0 0.0 2.0 0.0 0.0 12.0 37.0 0.0 0.0 15.0 21.0 11.0 0.0 1.0 8.0 0.0 0.0 0.0 16.0 54.0 19.0 9.0 6.0 0.0 20.0 1.0 0.0 0.0 0.0 0.0 23.0 102.0 0.0 0.0 19.0 21.0 0.0 0.0 0.0 0.0 0.0 0.0 0.0 0.0 0.0 15.0 38.0 2.0 0.0 0.0 2.0 95.0 30.0 14.0 0.0 0.0 29.0 2.0 0.0 0.0 0.0 7.0 22.0 57.0 1.0 18.0 28.0 13.0 0.0 0.0 0.0 0.0 0.0 1.0 5.0 1.0 1.0 0.0 1.0 0.0 0.0 0.0 4.0 22.0 19.0 3.0 0.0 0.0 9.0 28.0 23.0 32.0 11.0 0.0 0.0 0.0 0.0 61.0 38.0 0.0 0.0 0.0 1.0 0.0 
25_1_017_79
1.0 0.0 0.0 1.0 4.0 2.0 0.0 3.0 0.0 0.0 0.0 0.0 0.0 1.0 3.0 9.0 0.0 0.0 12.0 25.0 1.0 0.0 0.0 0.0 0.0 0.0 17.0 20.0 0.0 0.0 1.0 0.0 0.0 0.0 0.0 0.0 0.0 1.0 -19.0 58.0 0.0 1.0 1.0 5.0 3.0 3.0 -1.0 3.0 3.0 4.0 1.0 22.0 11.0 0.0 0.0 -2.0 0.0 0.0 0.0 2.0 28.0 31.0 2.0 0.0 1.0 0.0 0.0 0.0 0.0 0.0 -45.0 102.0 3.0 0.0 1.0 3.0 2.0 1.0 -13.0 32.0 0.0 0.0 0.0 0.0 8.0 8.0 4.0 0.0 0.0 0.0 0.0 0.0 4.0 7.0 2.0 0.0 2.0 0.0 0.0 0.0 0.0 0.0 -11.0 31.0 0.0 0.0 0.0 0.0 0.0 0.0 -28.0 84.0 0.0 0.0 0.0 0.0 5.0 1.0 1.0 7.0 0.0 0.0 0.0 0.0 4.0 5.0 3.0 0.0 
25_1_017_80
0.0 0.0 0.0 6.0 2.0 0.0 2.0 0.0 0.0 0.0 1.0 6.0 13.0 1.0 0.0 0.0 0.0 0.0 0.0 26.0 28.0 0.0 0.0 0.0 0.0 0.0 7.0 93.0 11.0 0.0 0.0 0.0 0.0 0.0 0.0 10.0 11.0 1.0 0.0 0.0 0.0 0.0 10.0 15.0 4.0 1.0 1.0 0.0 0.0 0.0 35.0 52.0 1.0 0.0 0.0 0.0 11.0 12.0 87.0 72.0 1.0 0.0 -6.0 19.0 0.0 0.0 3.0 9.0 4.0 0.0 0.0 0.0 0.0 0.0 0.0 16.0 24.0 1.0 0.0 0.0 0.0 0.0 37.0 102.0 10.0 2.0 0.0 0.0 0.0 7.0 22.0 36.0 30.0 26.0 14.0 0.0 0.0 0.0 0.0 0.0 4.0 7.0 1.0 0.0 0.0 0.0 0.0 5.0 10.0 8.0 2.0 0.0 0.0 0.0 8.0 95.0 44.0 0.0 0.0 0.0 0.0 0.0 0.0 3.0 27.0 58.0 3.0 0.0 
25_1_017_81
0.0 0.0 0.0 1.0 14.0 6.0 0.0 0.0 0.0 0.0 0.0 0.0 25.0 6.0 0.0 0.0 0.0 0.0 0.0 44.0 61.0 0.0 0.0 0.0 17.0 0.0 8.0 30.0 12.0 0.0 11.0 9.0 0.0 0.0 0.0 9.0 9.0 0.0 0.0 0.0 0.0 0.0 4.0 16.0 2.0 1.0 1.0 0.0 0.0 0.0 7.0 102.0 21.0 0.0 0.0 0.0 13.0 2.0 18.0 48.0 34.0 19.0 18.0 15.0 0.0 0.0 0.0 4.0 12.0 4.0 0.0 0.0 0.0 0.0 0.0 6.0 25.0 3.0 0.0 0.0 0.0 0.0 1.0 59.0 35.0 9.0 0.0 0.0 0.0 1.0 16.0 47.0 30.0 22.0 2.0 0.0 0.0 0.0 0.0 4.0 1.0 1.0 0.0 0.0 0.0 0.0 0.0 0.0 10.0 6.0 1.0 0.0 0.0 0.0 0.0 16.0 24.0 10.0 6.0 0.0 2.0 0.0 7.0 33.0 30.0 9.0 4.0 5.0 
25_1_017_82
0.0 0.0 0.0 0.0 0.0 0.0 32.0 43.0 2.0 1.0 0.0 0.0 0.0 0.0 40.0 58.0 1.0 5.0 10.0 6.0 2.0 2.0 0.0 7.0 0.0 9.0 14.0 0.0 0.0 3.0 4.0 0.0 0.0 0.0 0.0 0.0 0.0 0.0 102.0 50.0 0.0 0.0 2.0 3.0 9.0 7.0 29.0 10.0 4.0 4.0 7.0 12.0 14.0 1.0 -3.0 6.0 0.0 24.0 82.0 49.0 11.0 0.0 0.0 0.0 0.0 0.0 0.0 0.0 0.0 0.0 69.0 67.0 0.0 0.0 5.0 24.0 4.0 7.0 7.0 0.0 0.0 0.0 7.0 20.0 10.0 3.0 0.0 0.0 0.0 0.0 0.0 59.0 64.0 7.0 0.0 0.0 0.0 0.0 0.0 0.0 0.0 2.0 16.0 57.0 1.0 0.0 2.0 7.0 12.0 6.0 0.0 0.0 0.0 0.0 0.0 10.0 22.0 6.0 0.0 0.0 0.0 0.0 2.0 11.0 11.0 12.0 6.0 0.0 
25_1_017_83
0.0 0.0 0.0 0.0 0.0 0.0 0.0 76.0 1.0 0.0 9.0 5.0 2.0 0.0 0.0 18.0 7.0 1.0 7.0 3.0 0.0 0.0 0.0 2.0 0.0 19.0 60.0 11.0 0.0 0.0 0.0 0.0 0.0 0.0 0.0 0.0 0.0 0.0 17.0 85.0 1.0 0.0 2.0 2.0 7.0 6.0 4.0 13.0 3.0 0.0 6.0 12.0 13.0 3.0 0.0 0.0 0.0 1.0 7.0 34.0 66.0 3.0 0.0 0.0 0.0 0.0 0.0 0.0 0.0 0.0 20.0 88.0 0.0 0.0 0.0 6.0 6.0 5.0 12.0 6.0 0.0 0.0 0.0 18.0 8.0 5.0 0.0 0.0 0.0 0.0 0.0 8.0 31.0 9.0 0.0 0.0 0.0 0.0 0.0 0.0 0.0 0.0 -13.0 102.0 0.0 0.0 0.0 4.0 2.0 1.0 -1.0 14.0 0.0 0.0 0.0 1.0 10.0 14.0 0.0 0.0 0.0 0.0 0.0 3.0 16.0 5.0 1.0 0.0 
25_1_017_84
12.0 0.0 0.0 16.0 7.0 0.0 5.0 19.0 3.0 5.0 0.0 10.0 36.0 59.0 11.0 0.0 0.0 0.0 0.0 12.0 31.0 43.0 36.0 15.0 24.0 8.0 11.0 10.0 0.0 0.0 -17.0 40.0 24.0 3.0 0.0 5.0 10.0 8.0 -7.0 30.0 7.0 11.0 12.0 22.0 17.0 12.0 0.0 1.0 99.0 18.0 14.0 43.0 13.0 0.0 -12.0 -9.0 16.0 0.0 0.0 24.0 19.0 19.0 -8.0 39.0 13.0 16.0 62.0 12.0 0.0 0.0 0.0 -2.0 102.0 18.0 82.0 5.0 0.0 0.0 -7.0 66.0 0.0 1.0 14.0 38.0 38.0 36.0 16.0 24.0 51.0 46.0 31.0 36.0 0.0 5.0 3.0 28.0 0.0 0.0 15.0 34.0 24.0 42.0 20.0 0.0 0.0 2.0 10.0 6.0 0.0 49.0 72.0 5.0 49.0 49.0 55.0 22.0 0.0 0.0 0.0 -20.0 38.0 2.0 0.0 8.0 27.0 29.0 27.0 7.0 
25_1_017_85
11.0 4.0 0.0 0.0 0.0 0.0 20.0 85.0 0.0 0.0 12.0 23.0 0.0 0.0 2.0 4.0 0.0 0.0 4.0 84.0 1.0 0.0 0.0 0.0 0.0 0.0 0.0 0.0 0.0 0.0 1.0 21.0 29.0 0.0 0.0 0.0 0.0 0.0 9.0 102.0 3.0 8.0 12.0 20.0 1.0 0.0 0.0 0.0 0.0 0.0 4.0 97.0 2.0 0.0 0.0 0.0 0.0 0.0 0.0 0.0 0.0 0.0 6.0 22.0 21.0 0.0 0.0 0.0 0.0 0.0 0.0 99.0 3.0 3.0 4.0 10.0 0.0 0.0 0.0 1.0 0.0 0.0 6.0 94.0 0.0 0.0 0.0 0.0 0.0 0.0 0.0 0.0 0.0 0.0 7.0 23.0 12.0 0.0 0.0 0.0 0.0 0.0 16.0 93.0 1.0 3.0 14.0 25.0 0.0 0.0 0.0 0.0 0.0 0.0 3.0 75.0 1.0 0.0 0.0 0.0 0.0 0.0 0.0 0.0 0.0 0.0 3.0 20.0 
25_1_017_86
18.0 58.0 16.0 0.0 0.0 0.0 0.0 0.0 8.0 67.0 60.0 6.0 0.0 0.0 0.0 0.0 5.0 102.0 51.0 5.0 0.0 0.0 0.0 0.0 27.0 68.0 19.0 0.0 0.0 0.0 0.0 0.0 0.0 0.0 0.0 9.0 22.0 25.0 3.0 2.0 5.0 0.0 9.0 83.0 30.0 0.0 0.0 2.0 33.0 3.0 0.0 16.0 42.0 10.0 0.0 3.0 11.0 0.0 0.0 0.0 10.0 13.0 30.0 19.0 3.0 1.0 0.0 20.0 27.0 18.0 1.0 0.0 8.0 8.0 9.0 100.0 20.0 0.0 0.0 0.0 17.0 7.0 10.0 3.0 0.0 0.0 0.0 25.0 19.0 2.0 0.0 0.0 0.0 0.0 8.0 50.0 1.0 38.0 57.0 8.0 0.0 0.0 0.0 0.0 16.0 51.0 29.0 10.0 2.0 0.0 0.0 2.0 12.0 17.0 5.0 17.0 24.0 11.0 23.0 11.0 8.0 0.0 0.0 0.0 25.0 13.0 7.0 5.0 
25_1_017_87
0.0 2.0 92.0 12.0 0.0 0.0 0.0 0.0 1.0 12.0 54.0 27.0 23.0 5.0 -1.0 2.0 0.0 0.0 3.0 29.0 89.0 16.0 0.0 0.0 0.0 0.0 4.0 3.0 3.0 1.0 0.0 0.0 5.0 9.0 102.0 31.0 6.0 5.0 8.0 4.0 1.0 2.0 0.0 0.0 1.0 9.0 15.0 30.0 0.0 0.0 7.0 79.0 41.0 0.0 0.0 0.0 0.0 0.0 3.0 53.0 20.0 0.0 0.0 0.0 2.0 1.0 2.0 0.0 2.0 21.0 23.0 11.0 0.0 3.0 5.0 12.0 2.0 3.0 27.0 3.0 0.0 0.0 6.0 54.0 50.0 1.0 0.0 0.0 0.0 0.0 1.0 49.0 70.0 3.0 0.0 0.0 1.0 9.0 14.0 0.0 2.0 5.0 5.0 2.0 3.0 11.0 9.0 3.0 1.0 3.0 1.0 1.0 0.0 3.0 5.0 13.0 17.0 4.0 0.0 0.0 0.0 0.0 6.0 7.0 54.0 5.0 1.0 0.0 
25_1_017_88
1.0 4.0 5.0 12.0 6.0 3.0 2.0 0.0 4.0 2.0 0.0 0.0 0.0 0.0 27.0 48.0 0.0 9.0 52.0 15.0 12.0 1.0 0.0 1.0 8.0 0.0 0.0 0.0 0.0 0.0 13.0 102.0 0.0 0.0 2.0 0.0 6.0 8.0 11.0 4.0 11.0 0.0 0.0 0.0 3.0 6.0 6.0 53.0 0.0 0.0 4.0 54.0 38.0 3.0 21.0 10.0 2.0 0.0 0.0 0.0 0.0 0.0 50.0 85.0 3.0 1.0 5.0 7.0 1.0 2.0 7.0 10.0 28.0 3.0 2.0 1.0 2.0 2.0 26.0 12.0 8.0 2.0 3.0 46.0 13.0 6.0 9.0 14.0 76.0 0.0 0.0 0.0 0.0 0.0 1.0 46.0 0.0 2.0 2.0 2.0 2.0 3.0 3.0 0.0 12.0 7.0 5.0 0.0 0.0 0.0 5.0 19.0 2.0 19.0 34.0 27.0 4.0 0.0 0.0 0.0 19.0 0.0 0.0 0.0 0.0 0.0 3.0 90.0 
25_1_017_89
3.0 5.0 8.0 7.0 8.0 1.0 1.0 2.0 0.0 0.0 14.0 35.0 3.0 18.0 8.0 1.0 19.0 7.0 16.0 13.0 0.0 0.0 -14.0 55.0 0.0 0.0 23.0 34.0 6.0 0.0 0.0 0.0 10.0 7.0 15.0 1.0 0.0 0.0 -18.0 48.0 0.0 7.0 11.0 20.0 21.0 2.0 7.0 3.0 7.0 5.0 3.0 79.0 21.0 0.0 -29.0 77.0 0.0 0.0 3.0 19.0 20.0 5.0 -13.0 47.0 0.0 0.0 2.0 2.0 0.0 0.0 15.0 23.0 2.0 1.0 20.0 13.0 0.0 0.0 3.0 27.0 0.0 0.0 16.0 102.0 30.0 3.0 -2.0 34.0 0.0 1.0 5.0 16.0 0.0 1.0 -9.0 69.0 9.0 2.0 0.0 11.0 23.0 0.0 -9.0 23.0 3.0 29.0 17.0 3.0 0.0 0.0 0.0 0.0 1.0 1.0 2.0 32.0 31.0 2.0 2.0 3.0 5.0 3.0 7.0 14.0 0.0 0.0 -16.0 50.0 
25_1_017_90
5.0 8.0 4.0 2.0 0.0 0.0 0.0 1.0 0.0 10.0 11.0 1.0 0.0 0.0 0.0 0.0 5.0 5.0 8.0 3.0 0.0 0.0 5.0 2.0 12.0 6.0 0.0 0.0 0.0 0.0 2.0 6.0 10.0 14.0 1.0 0.0 1.0 0.0 3.0 4.0 2.0 3.0 0.0 6.0 5.0 9.0 5.0 3.0 7.0 7.0 3.0 11.0 18.0 2.0 0.0 4.0 18.0 5.0 3.0 2.0 0.0 1.0 5.0 3.0 1.0 3.0 0.0 0.0 102.0 60.0 0.0 0.0 23.0 6.0 0.0 0.0 27.0 44.0 4.0 4.0 0.0 0.0 16.0 24.0 14.0 8.0 2.0 0.0 18.0 7.0 2.0 0.0 8.0 19.0 7.0 10.0 0.0 0.0 0.0 0.0 6.0 4.0 2.0 0.0 0.0 0.0 0.0 0.0 58.0 59.0 0.0 0.0 0.0 0.0 0.0 0.0 85.0 70.0 0.0 0.0 0.0 0.0 0.0 0.0 22.0 26.0 4.0 0.0 
25_1_017_91
0.0 13.0 62.0 0.0 0.0 0.0 0.0 2.0 1.0 9.0 9.0 0.0 0.0 0.0 6.0 24.0 0.0 1.0 36.0 32.0 1.0 0.0 0.0 0.0 0.0 0.0 14.0 25.0 16.0 38.0 13.0 0.0 0.0 3.0 10.0 0.0 0.0 11.0 54.0 4.0 0.0 2.0 48.0 21.0 4.0 3.0 14.0 3.0 2.0 19.0 36.0 0.0 3.0 0.0 -12.0 52.0 0.0 0.0 0.0 0.0 17.0 35.0 1.0 6.0 0.0 0.0 1.0 5.0 0.0 3.0 32.0 12.0 0.0 0.0 17.0 102.0 14.0 0.0 0.0 0.0 2.0 2.0 12.0 15.0 10.0 2.0 -11.0 43.0 1.0 16.0 31.0 7.0 2.0 1.0 -4.0 20.0 0.0 0.0 0.0 12.0 10.0 2.0 8.0 0.0 0.0 0.0 15.0 47.0 10.0 1.0 0.0 0.0 0.0 0.0 18.0 55.0 5.0 7.0 2.0 0.0 1.0 1.0 10.0 0.0 0.0 0.0 12.0 11.0 
25_1_017_92
17.0 7.0 0.0 0.0 9.0 13.0 0.0 -8.0 19.0 5.0 0.0 0.0 0.0 13.0 5.0 -6.0 -4.0 16.0 5.0 1.0 9.0 8.0 0.0 0.0 17.0 5.0 0.0 0.0 1.0 2.0 0.0 -7.0 5.0 1.0 0.0 1.0 14.0 7.0 0.0 -2.0 0.0 2.0 2.0 6.0 2.0 10.0 1.0 0.0 6.0 0.0 3.0 1.0 9.0 11.0 -5.0 13.0 0.0 2.0 5.0 3.0 10.0 14.0 0.0 0.0 10.0 5.0 0.0 0.0 0.0 0.0 -2.0 3.0 0.0 3.0 5.0 10.0 3.0 0.0 0.0 0.0 1.0 5.0 2.0 1.0 0.0 0.0 0.0 0.0 0.0 0.0 0.0 5.0 1.0 9.0 4.0 1.0 1.0 0.0 0.0 0.0 1.0 11.0 15.0 1.0 0.0 1.0 1.0 0.0 0.0 76.0 30.0 0.0 0.0 0.0 0.0 0.0 2.0 102.0 28.0 0.0 0.0 0.0 0.0 0.0 0.0 81.0 50.0 0.0 
25_1_017_93
1.0 1.0 2.0 0.0 0.0 2.0 4.0 2.0 30.0 21.0 0.0 0.0 2.0 0.0 2.0 1.0 102.0 50.0 0.0 0.0 0.0 0.0 0.0 0.0 77.0 32.0 4.0 1.0 0.0 0.0 0.0 1.0 19.0 0.0 0.0 0.0 0.0 4.0 4.0 11.0 0.0 0.0 2.0 6.0 4.0 6.0 6.0 0.0 4.0 1.0 0.0 0.0 1.0 4.0 3.0 4.0 40.0 30.0 0.0 0.0 1.0 4.0 0.0 0.0 13.0 0.0 0.0 0.0 9.0 7.0 1.0 14.0 18.0 3.0 2.0 4.0 2.0 1.0 0.0 4.0 2.0 0.0 0.0 0.0 0.0 3.0 17.0 3.0 0.0 0.0 1.0 7.0 7.0 2.0 0.0 0.0 5.0 0.0 0.0 0.0 5.0 5.0 0.0 5.0 13.0 6.0 0.0 8.0 12.0 0.0 0.0 0.0 26.0 2.0 0.0 0.0 0.0 0.0 1.0 18.0 0.0 0.0 1.0 3.0 8.0 1.0 0.0 0.0 
25_1_017_94
13.0 0.0 0.0 0.0 0.0 0.0 -17.0 39.0 3.0 0.0 11.0 43.0 13.0 0.0 1.0 -1.0 0.0 0.0 0.0 0.0 0.0 0.0 -29.0 102.0 0.0 0.0 0.0 0.0 0.0 0.0 0.0 21.0 0.0 0.0 0.0 0.0 6.0 2.0 7.0 26.0 0.0 0.0 9.0 82.0 4.0 0.0 2.0 2.0 2.0 0.0 0.0 0.0 0.0 0.0 -13.0 101.0 0.0 0.0 0.0 0.0 0.0 0.0 -8.0 48.0 0.0 0.0 0.0 0.0 1.0 3.0 21.0 7.0 0.0 0.0 0.0 29.0 61.0 3.0 2.0 0.0 0.0 0.0 0.0 0.0 12.0 14.0 20.0 30.0 0.0 0.0 0.0 0.0 0.0 0.0 0.0 49.0 5.0 0.0 0.0 0.0 0.0 0.0 -6.0 30.0 0.0 0.0 0.0 1.0 19.0 3.0 0.0 4.0 0.0 0.0 1.0 11.0 18.0 4.0 0.0 3.0 0.0 0.0 0.0 0.0 0.0 0.0 3.0 30.0 
25_1_017_95
0.0 0.0 0.0 1.0 0.0 0.0 1.0 2.0 0.0 0.0 4.0 1.0 0.0 0.0 1.0 1.0 0.0 0.0 52.0 40.0 0.0 0.0 0.0 0.0 0.0 0.0 16.0 11.0 0.0 0.0 0.0 14.0 0.0 0.0 0.0 0.0 0.0 0.0 0.0 0.0 0.0 0.0 52.0 32.0 0.0 0.0 0.0 0.0 0.0 0.0 77.0 13.0 0.0 0.0 0.0 0.0 0.0 0.0 3.0 2.0 0.0 0.0 -2.0 8.0 0.0 0.0 1.0 3.0 0.0 0.0 0.0 0.0 0.0 0.0 17.0 102.0 0.0 0.0 0.0 0.0 0.0 0.0 5.0 15.0 2.0 0.0 0.0 0.0 1.0 0.0 0.0 4.0 3.0 0.0 0.0 0.0 0.0 0.0 0.0 4.0 0.0 0.0 0.0 0.0 0.0 0.0 40.0 64.0 0.0 0.0 0.0 0.0 0.0 2.0 5.0 3.0 0.0 0.0 0.0 1.0 0.0 0.0 0.0 2.0 2.0 0.0 0.0 0.0 
25_1_017_96
0.0 1.0 0.0 2.0 2.0 0.0 0.0 0.0 0.0 0.0 0.0 66.0 27.0 0.0 0.0 0.0 4.0 0.0 0.0 16.0 9.0 0.0 0.0 0.0 63.0 0.0 0.0 0.0 0.0 0.0 0.0 -19.0 1.0 0.0 0.0 0.0 0.0 0.0 0.0 1.0 0.0 0.0 5.0 102.0 9.0 0.0 0.0 0.0 0.0 0.0 2.0 21.0 9.0 1.0 0.0 0.0 0.0 0.0 0.0 0.0 5.0 2.0 0.0 0.0 0.0 0.0 0.0 0.0 0.0 0.0 0.0 0.0 0.0 0.0 0.0 23.0 51.0 0.0 0.0 0.0 0.0 0.0 0.0 27.0 59.0 0.0 0.0 0.0 0.0 0.0 1.0 2.0 3.0 0.0 0.0 0.0 0.0 0.0 0.0 0.0 1.0 0.0 -4.0 10.0 0.0 1.0 0.0 1.0 3.0 0.0 0.0 0.0 0.0 0.0 0.0 55.0 51.0 0.0 0.0 0.0 1.0 0.0 0.0 4.0 4.0 1.0 0.0 1.0 
25_1_017_97
5.0 5.0 8.0 8.0 0.0 0.0 0.0 2.0 0.0 23.0 34.0 7.0 0.0 0.0 0.0 0.0 0.0 9.0 50.0 27.0 0.0 0.0 0.0 0.0 2.0 6.0 1.0 0.0 1.0 1.0 0.0 0.0 4.0 8.0 5.0 13.0 2.0 0.0 0.0 2.0 0.0 1.0 47.0 51.0 10.0 0.0 0.0 0.0 0.0 6.0 49.0 10.0 0.0 0.0 0.0 0.0 6.0 5.0 1.0 0.0 0.0 0.0 0.0 0.0 4.0 4.0 12.0 17.0 12.0 5.0 1.0 1.0 1.0 3.0 29.0 102.0 2.0 0.0 1.0 3.0 2.0 1.0 4.0 6.0 3.0 2.0 1.0 2.0 0.0 1.0 0.0 0.0 0.0 4.0 6.0 1.0 0.0 2.0 15.0 17.0 2.0 0.0 0.0 0.0 0.0 0.0 59.0 42.0 0.0 0.0 0.0 0.0 2.0 0.0 0.0 0.0 0.0 0.0 5.0 2.0 2.0 1.0 1.0 0.0 0.0 1.0 2.0 2.0 
25_1_017_98
0.0 0.0 0.0 18.0 0.0 0.0 0.0 0.0 25.0 0.0 0.0 0.0 0.0 0.0 0.0 36.0 3.0 5.0 6.0 102.0 36.0 0.0 0.0 0.0 0.0 0.0 0.0 0.0 5.0 6.0 14.0 50.0 0.0 0.0 0.0 13.0 6.0 0.0 0.0 0.0 4.0 0.0 0.0 2.0 3.0 6.0 21.0 17.0 2.0 2.0 17.0 38.0 15.0 4.0 0.0 0.0 3.0 0.0 1.0 26.0 17.0 1.0 4.0 37.0 0.0 0.0 4.0 19.0 0.0 0.0 0.0 0.0 12.0 0.0 1.0 0.0 0.0 0.0 2.0 48.0 0.0 0.0 9.0 54.0 9.0 0.0 1.0 2.0 1.0 0.0 0.0 15.0 12.0 0.0 8.0 32.0 0.0 0.0 2.0 10.0 3.0 0.0 0.0 0.0 5.0 0.0 1.0 1.0 1.0 0.0 1.0 27.0 4.0 2.0 14.0 41.0 7.0 0.0 0.0 2.0 3.0 4.0 1.0 0.0 5.0 2.0 12.0 20.0 
25_1_017_99
0.0 1.0 0.0 0.0 0.0 0.0 0.0 0.0 0.0 0.0 1.0 4.0 0.0 0.0 0.0 1.0 0.0 0.0 14.0 76.0 0.0 0.0 0.0 0.0 3.0 0.0 0.0 0.0 0.0 0.0 1.0 3.0 0.0 0.0 0.0 0.0 0.0 0.0 0.0 1.0 1.0 0.0 1.0 13.0 0.0 0.0 0.0 1.0 0.0 0.0 1.0 102.0 3.0 0.0 0.0 2.0 0.0 0.0 0.0 0.0 0.0 0.0 5.0 7.0 0.0 0.0 0.0 0.0 0.0 0.0 0.0 0.0 0.0 0.0 3.0 16.0 0.0 0.0 0.0 0.0 0.0 0.0 10.0 86.0 2.0 0.0 0.0 0.0 3.0 1.0 0.0 0.0 0.0 0.0 0.0 5.0 0.0 0.0 0.0 0.0 0.0 0.0 0.0 0.0 0.0 0.0 2.0 14.0 0.0 0.0 0.0 0.0 0.0 0.0 8.0 63.0 1.0 0.0 0.0 0.0 0.0 0.0 0.0 0.0 0.0 0.0 4.0 4.0 
25_1_017_100
0.0 0.0 0.0 0.0 0.0 0.0 9.0 30.0 0.0 0.0 18.0 38.0 1.0 0.0 0.0 1.0 0.0 0.0 3.0 40.0 28.0 25.0 5.0 2.0 2.0 0.0 0.0 0.0 0.0 2.0 23.0 27.0 0.0 0.0 0.0 0.0 0.0 0.0 7.0 47.0 0.0 0.0 8.0 81.0 2.0 0.0 0.0 0.0 6.0 1.0 16.0 21.0 5.0 2.0 4.0 0.0 39.0 5.0 10.0 0.0 0.0 0.0 -4.0 1.0 0.0 0.0 0.0 0.0 0.0 2.0 20.0 42.0 0.0 0.0 0.0 102.0 5.0 0.0 0.0 0.0 0.0 0.0 34.0 54.0 2.0 0.0 0.0 0.0 6.0 0.0 6.0 2.0 0.0 5.0 16.0 30.0 1.0 0.0 1.0 1.0 0.0 0.0 9.0 17.0 0.0 0.0 4.0 80.0 2.0 0.0 0.0 0.0 0.0 0.0 16.0 42.0 8.0 0.0 0.0 3.0 0.0 0.0 0.0 0.0 0.0 1.0 17.0 24.0 
25_1_017_101
0.0 0.0 36.0 32.0 3.0 0.0 0.0 0.0 0.0 0.0 7.0 43.0 20.0 2.0 0.0 0.0 0.0 0.0 4.0 35.0 8.0 0.0 0.0 0.0 0.0 0.0 0.0 0.0 0.0 2.0 5.0 0.0 4.0 1.0 31.0 32.0 1.0 0.0 2.0 9.0 0.0 0.0 10.0 99.0 6.0 0.0 3.0 8.0 0.0 0.0 8.0 22.0 1.0 1.0 0.0 0.0 0.0 0.0 0.0 0.0 0.0 2.0 5.0 0.0 3.0 0.0 4.0 20.0 3.0 3.0 20.0 3.0 0.0 0.0 52.0 102.0 0.0 1.0 1.0 0.0 0.0 0.0 2.0 8.0 1.0 1.0 1.0 0.0 0.0 0.0 0.0 0.0 0.0 0.0 5.0 0.0 0.0 0.0 1.0 25.0 7.0 17.0 17.0 2.0 0.0 0.0 35.0 71.0 0.0 0.0 0.0 0.0 0.0 0.0 0.0 0.0 0.0 1.0 3.0 0.0 0.0 0.0 0.0 0.0 0.0 0.0 5.0 0.0 
25_1_017_102
1.0 0.0 0.0 0.0 0.0 27.0 41.0 1.0 0.0 0.0 7.0 66.0 7.0 12.0 35.0 0.0 7.0 7.0 18.0 102.0 14.0 5.0 27.0 44.0 16.0 5.0 2.0 0.0 0.0 0.0 6.0 73.0 1.0 2.0 0.0 0.0 0.0 3.0 13.0 9.0 0.0 3.0 37.0 80.0 1.0 0.0 0.0 1.0 0.0 3.0 13.0 19.0 18.0 30.0 17.0 3.0 49.0 24.0 2.0 0.0 0.0 0.0 0.0 15.0 0.0 4.0 3.0 1.0 11.0 7.0 0.0 0.0 0.0 0.0 9.0 15.0 30.0 10.0 0.0 0.0 0.0 0.0 14.0 82.0 64.0 11.0 0.0 0.0 27.0 91.0 30.0 38.0 11.0 0.0 0.0 0.0 0.0 0.0 1.0 3.0 9.0 6.0 0.0 0.0 0.0 0.0 1.0 1.0 12.0 8.0 0.0 0.0 0.0 0.0 0.0 61.0 41.0 6.0 0.0 0.0 1.0 0.0 3.0 98.0 45.0 12.0 25.0 3.0 
25_1_017_103
3.0 6.0 15.0 0.0 0.0 2.0 20.0 10.0 1.0 9.0 4.0 14.0 30.0 0.0 0.0 5.0 17.0 41.0 28.0 22.0 34.0 40.0 26.0 6.0 18.0 37.0 18.0 0.0 1.0 1.0 3.0 19.0 0.0 1.0 24.0 18.0 4.0 26.0 20.0 1.0 0.0 5.0 25.0 35.0 9.0 10.0 34.0 4.0 2.0 44.0 89.0 40.0 7.0 6.0 1.0 1.0 10.0 30.0 13.0 0.0 1.0 30.0 57.0 26.0 25.0 43.0 24.0 4.0 0.0 0.0 0.0 0.0 29.0 9.0 8.0 49.0 47.0 1.0 0.0 2.0 4.0 0.0 0.0 2.0 36.0 102.0 17.0 16.0 0.0 0.0 0.0 0.0 9.0 51.0 91.0 19.0 10.0 31.0 28.0 18.0 0.0 8.0 4.0 18.0 99.0 7.0 0.0 1.0 7.0 7.0 2.0 19.0 1.0 0.0 3.0 36.0 38.0 33.0 8.0 1.0 2.0 23.0 55.0 22.0 6.0 13.0 0.0 0.0 
25_1_017_104
35.0 37.0 64.0 24.0 0.0 0.0 7.0 10.0 12.0 26.0 28.0 76.0 44.0 10.0 0.0 5.0 94.0 11.0 0.0 0.0 0.0 1.0 19.0 102.0 46.0 8.0 6.0 33.0 80.0 7.0 5.0 32.0 0.0 1.0 6.0 29.0 35.0 57.0 47.0 10.0 1.0 0.0 23.0 68.0 88.0 19.0 31.0 29.0 24.0 13.0 2.0 8.0 18.0 11.0 79.0 102.0 8.0 8.0 4.0 23.0 12.0 19.0 54.0 73.0 17.0 1.0 5.0 32.0 13.0 11.0 2.0 2.0 39.0 1.0 3.0 8.0 61.0 41.0 5.0 31.0 0.0 19.0 42.0 1.0 14.0 71.0 41.0 3.0 0.0 44.0 59.0 1.0 3.0 34.0 22.0 0.0 39.0 10.0 0.0 5.0 27.0 2.0 2.0 25.0 6.0 6.0 17.0 17.0 19.0 2.0 11.0 32.0 0.0 11.0 70.0 58.0 16.0 1.0 0.0 0.0 20.0 41.0 16.0 7.0 1.0 0.0 15.0 20.0 
25_1_017_105
0.0 0.0 0.0 0.0 0.0 0.0 0.0 0.0 0.0 0.0 12.0 74.0 0.0 0.0 0.0 0.0 0.0 0.0 2.0 26.0 0.0 0.0 3.0 5.0 0.0 0.0 0.0 0.0 0.0 2.0 2.0 0.0 0.0 0.0 2.0 0.0 0.0 0.0 0.0 0.0 0.0 0.0 16.0 102.0 0.0 0.0 0.0 0.0 0.0 0.0 1.0 16.0 2.0 1.0 5.0 1.0 1.0 0.0 0.0 0.0 0.0 1.0 7.0 5.0 0.0 1.0 9.0 1.0 0.0 0.0 0.0 0.0 0.0 0.0 12.0 82.0 6.0 0.0 0.0 0.0 0.0 0.0 1.0 14.0 4.0 0.0 4.0 4.0 3.0 0.0 0.0 0.0 0.0 0.0 2.0 2.0 0.0 1.0 8.0 0.0 0.0 0.0 6.0 0.0 0.0 0.0 2.0 72.0 14.0 3.0 6.0 0.0 0.0 0.0 0.0 7.0 2.0 0.0 1.0 1.0 0.0 0.0 0.0 0.0 0.0 0.0 4.0 7.0 
25_1_017_106
0.0 0.0 102.0 96.0 1.0 0.0 5.0 0.0 0.0 0.0 0.0 4.0 7.0 13.0 68.0 21.0 3.0 0.0 8.0 0.0 3.0 9.0 52.0 38.0 1.0 0.0 86.0 83.0 28.0 0.0 0.0 1.0 8.0 4.0 56.0 40.0 0.0 1.0 42.0 39.0 3.0 0.0 3.0 0.0 0.0 29.0 39.0 10.0 7.0 28.0 46.0 42.0 6.0 4.0 2.0 8.0 6.0 4.0 8.0 30.0 30.0 13.0 13.0 56.0 2.0 5.0 3.0 1.0 0.0 2.0 90.0 64.0 2.0 21.0 58.0 31.0 3.0 9.0 0.0 1.0 13.0 11.0 13.0 37.0 13.0 20.0 4.0 10.0 2.0 0.0 0.0 37.0 27.0 6.0 38.0 76.0 11.0 10.0 0.0 0.0 0.0 3.0 7.0 34.0 0.0 0.0 2.0 18.0 25.0 20.0 4.0 12.0 3.0 19.0 9.0 1.0 11.0 12.0 29.0 14.0 1.0 0.0 0.0 20.0 12.0 0.0 57.0 77.0 
25_1_017_107
0.0 0.0 3.0 0.0 0.0 0.0 0.0 0.0 0.0 0.0 16.0 47.0 1.0 0.0 0.0 0.0 0.0 0.0 3.0 22.0 2.0 0.0 2.0 1.0 0.0 0.0 0.0 0.0 0.0 1.0 4.0 3.0 0.0 3.0 12.0 0.0 0.0 0.0 0.0 0.0 0.0 0.0 14.0 68.0 6.0 3.0 3.0 0.0 0.0 0.0 5.0 14.0 0.0 0.0 3.0 2.0 1.0 0.0 0.0 0.0 0.0 1.0 3.0 3.0 0.0 0.0 1.0 0.0 0.0 4.0 39.0 2.0 0.0 0.0 30.0 102.0 2.0 4.0 3.0 0.0 0.0 0.0 2.0 3.0 2.0 1.0 2.0 0.0 0.0 0.0 0.0 0.0 0.0 0.0 7.0 8.0 3.0 7.0 26.0 3.0 0.0 0.0 2.0 7.0 0.0 0.0 56.0 27.0 0.0 1.0 2.0 0.0 0.0 0.0 0.0 0.0 0.0 12.0 34.0 0.0 0.0 0.0 0.0 0.0 0.0 41.0 24.0 0.0 
25_1_017_108
0.0 0.0 5.0 13.0 14.0 3.0 0.0 0.0 0.0 0.0 16.0 25.0 2.0 7.0 13.0 3.0 0.0 0.0 44.0 94.0 8.0 0.0 0.0 0.0 0.0 0.0 0.0 11.0 4.0 19.0 66.0 41.0 0.0 0.0 0.0 4.0 46.0 11.0 1.0 0.0 0.0 0.0 11.0 102.0 7.0 5.0 6.0 0.0 0.0 0.0 20.0 49.0 13.0 1.0 0.0 0.0 5.0 1.0 2.0 0.0 0.0 5.0 27.0 39.0 0.0 0.0 0.0 2.0 35.0 5.0 0.0 0.0 0.0 0.0 0.0 57.0 94.0 0.0 0.0 0.0 0.0 0.0 1.0 63.0 33.0 1.0 18.0 7.0 3.0 4.0 2.0 0.0 0.0 1.0 71.0 18.0 0.0 0.0 0.0 10.0 7.0 1.0 0.0 0.0 0.0 0.0 12.0 81.0 18.0 0.0 0.0 0.0 19.0 22.0 47.0 65.0 3.0 0.0 -7.0 33.0 28.0 9.0 23.0 4.0 3.0 0.0 0.0 11.0 
25_1_017_109
0.0 0.0 0.0 0.0 9.0 8.0 0.0 0.0 0.0 0.0 0.0 102.0 68.0 0.0 0.0 0.0 0.0 0.0 0.0 9.0 21.0 12.0 95.0 21.0 0.0 0.0 0.0 0.0 41.0 34.0 37.0 0.0 9.0 4.0 3.0 0.0 0.0 0.0 0.0 1.0 0.0 0.0 7.0 85.0 18.0 0.0 0.0 0.0 0.0 0.0 0.0 0.0 4.0 16.0 73.0 41.0 1.0 0.0 2.0 14.0 16.0 4.0 11.0 3.0 1.0 0.0 2.0 8.0 0.0 0.0 8.0 13.0 0.0 0.0 20.0 50.0 2.0 0.0 0.0 0.0 34.0 13.0 3.0 0.0 0.0 0.0 5.0 23.0 20.0 1.0 2.0 0.0 1.0 0.0 0.0 5.0 0.0 0.0 3.0 16.0 0.0 0.0 5.0 4.0 0.0 0.0 6.0 51.0 2.0 0.0 0.0 0.0 39.0 13.0 25.0 18.0 0.0 0.0 0.0 14.0 28.0 2.0 2.0 0.0 0.0 0.0 0.0 26.0 
25_1_017_110
0.0 0.0 1.0 9.0 0.0 0.0 0.0 0.0 0.0 0.0 1.0 90.0 6.0 0.0 0.0 0.0 0.0 0.0 2.0 42.0 4.0 0.0 0.0 0.0 0.0 0.0 0.0 0.0 1.0 0.0 1.0 1.0 0.0 1.0 1.0 9.0 0.0 0.0 0.0 0.0 0.0 0.0 14.0 102.0 1.0 0.0 0.0 0.0 0.0 0.0 0.0 47.0 8.0 0.0 0.0 0.0 0.0 0.0 0.0 0.0 2.0 1.0 2.0 0.0 0.0 0.0 8.0 10.0 0.0 0.0 0.0 0.0 0.0 0.0 12.0 90.0 3.0 0.0 0.0 0.0 0.0 0.0 4.0 43.0 11.0 0.0 0.0 0.0 0.0 0.0 0.0 0.0 0.0 0.0 3.0 1.0 0.0 0.0 2.0 17.0 0.0 0.0 0.0 0.0 0.0 0.0 8.0 59.0 2.0 0.0 0.0 0.0 0.0 0.0 2.0 39.0 2.0 0.0 0.0 0.0 0.0 0.0 0.0 0.0 0.0 0.0 5.0 2.0 
25_1_017_111
0.0 24.0 76.0 4.0 0.0 0.0 0.0 0.0 0.0 40.0 79.0 8.0 0.0 12.0 12.0 7.0 0.0 11.0 12.0 10.0 4.0 4.0 28.0 34.0 2.0 22.0 25.0 4.0 0.0 0.0 0.0 1.0 0.0 22.0 74.0 14.0 6.0 41.0 18.0 0.0 0.0 0.0 0.0 0.0 0.0 22.0 28.0 102.0 1.0 12.0 43.0 39.0 8.0 2.0 5.0 7.0 0.0 5.0 15.0 4.0 11.0 5.0 3.0 14.0 0.0 0.0 0.0 0.0 0.0 15.0 3.0 73.0 2.0 15.0 36.0 4.0 23.0 7.0 1.0 7.0 1.0 29.0 31.0 21.0 3.0 0.0 0.0 3.0 3.0 4.0 1.0 2.0 5.0 7.0 -5.0 22.0 4.0 34.0 37.0 0.0 0.0 0.0 18.0 16.0 0.0 13.0 40.0 10.0 3.0 1.0 1.0 6.0 0.0 11.0 6.0 2.0 9.0 8.0 17.0 25.0 0.0 6.0 15.0 6.0 4.0 4.0 7.0 2.0 
25_1_017_112
2.0 12.0 22.0 35.0 3.0 0.0 0.0 0.0 5.0 6.0 12.0 10.0 13.0 0.0 0.0 4.0 33.0 17.0 36.0 2.0 0.0 0.0 0.0 6.0 0.0 0.0 54.0 40.0 0.0 0.0 0.0 0.0 0.0 0.0 6.0 51.0 49.0 7.0 0.0 0.0 0.0 0.0 33.0 54.0 18.0 5.0 0.0 0.0 7.0 22.0 54.0 18.0 0.0 0.0 0.0 0.0 0.0 0.0 14.0 14.0 1.0 0.0 0.0 0.0 0.0 0.0 33.0 56.0 23.0 0.0 0.0 0.0 0.0 0.0 16.0 102.0 33.0 0.0 0.0 0.0 0.0 1.0 12.0 41.0 16.0 0.0 0.0 0.0 0.0 0.0 1.0 1.0 1.0 3.0 3.0 0.0 3.0 1.0 48.0 27.0 0.0 0.0 2.0 4.0 0.0 0.0 8.0 82.0 9.0 7.0 1.0 0.0 0.0 0.0 11.0 42.0 2.0 1.0 0.0 0.0 0.0 0.0 0.0 0.0 0.0 4.0 7.0 0.0 
25_1_017_113
1.0 1.0 0.0 4.0 1.0 0.0 0.0 0.0 0.0 0.0 0.0 3.0 1.0 0.0 -1.0 7.0 0.0 0.0 0.0 0.0 0.0 0.0 -2.0 15.0 0.0 0.0 0.0 0.0 0.0 0.0 -10.0 60.0 0.0 0.0 0.0 0.0 0.0 0.0 0.0 1.0 0.0 0.0 0.0 0.0 3.0 2.0 3.0 1.0 0.0 0.0 0.0 3.0 1.0 0.0 0.0 7.0 0.0 0.0 0.0 0.0 0.0 0.0 -6.0 80.0 1.0 2.0 1.0 0.0 0.0 0.0 0.0 0.0 0.0 2.0 0.0 0.0 0.0 0.0 0.0 4.0 0.0 0.0 2.0 3.0 0.0 0.0 0.0 2.0 0.0 0.0 0.0 0.0 0.0 0.0 -28.0 102.0 0.0 0.0 0.0 1.0 23.0 2.0 0.0 0.0 0.0 0.0 0.0 0.0 1.0 1.0 0.0 0.0 0.0 0.0 0.0 1.0 1.0 1.0 0.0 0.0 0.0 0.0 0.0 0.0 0.0 0.0 -17.0 66.0 
25_1_017_114
0.0 15.0 8.0 1.0 0.0 0.0 0.0 0.0 0.0 7.0 4.0 1.0 1.0 0.0 0.0 0.0 2.0 1.0 0.0 0.0 0.0 1.0 5.0 3.0 1.0 0.0 2.0 3.0 0.0 0.0 1.0 3.0 1.0 1.0 3.0 2.0 0.0 0.0 1.0 1.0 1.0 0.0 0.0 0.0 0.0 2.0 5.0 8.0 0.0 2.0 3.0 6.0 3.0 2.0 0.0 0.0 6.0 14.0 1.0 0.0 0.0 0.0 3.0 2.0 1.0 5.0 0.0 0.0 28.0 70.0 1.0 0.0 11.0 3.0 0.0 0.0 16.0 19.0 1.0 1.0 4.0 2.0 3.0 8.0 1.0 1.0 0.0 0.0 0.0 0.0 0.0 0.0 4.0 14.0 0.0 0.0 1.0 0.0 0.0 0.0 14.0 52.0 1.0 2.0 0.0 0.0 0.0 0.0 96.0 86.0 0.0 0.0 0.0 0.0 0.0 0.0 63.0 102.0 1.0 0.0 0.0 0.0 0.0 0.0 33.0 23.0 0.0 0.0 
25_1_017_115
44.0 10.0 0.0 0.0 2.0 0.0 15.0 29.0 0.0 1.0 10.0 32.0 44.0 22.0 2.0 0.0 1.0 0.0 0.0 6.0 11.0 21.0 19.0 7.0 0.0 0.0 15.0 42.0 27.0 4.0 11.0 11.0 0.0 4.0 16.0 9.0 3.0 26.0 36.0 14.0 9.0 17.0 38.0 28.0 1.0 12.0 31.0 11.0 20.0 6.0 14.0 23.0 11.0 5.0 3.0 8.0 2.0 10.0 102.0 73.0 4.0 14.0 8.0 2.0 6.0 3.0 4.0 5.0 9.0 21.0 9.0 16.0 8.0 1.0 0.0 5.0 50.0 9.0 3.0 15.0 0.0 0.0 14.0 27.0 13.0 27.0 4.0 2.0 15.0 15.0 10.0 26.0 25.0 28.0 14.0 0.0 20.0 16.0 0.0 6.0 13.0 11.0 5.0 6.0 2.0 11.0 6.0 11.0 15.0 1.0 1.0 1.0 0.0 0.0 5.0 7.0 9.0 7.0 8.0 5.0 7.0 0.0 14.0 63.0 23.0 3.0 1.0 1.0 
25_1_017_116
1.0 0.0 3.0 3.0 1.0 0.0 1.0 7.0 14.0 12.0 0.0 0.0 1.0 5.0 5.0 3.0 25.0 13.0 10.0 5.0 15.0 11.0 6.0 -11.0 0.0 0.0 4.0 9.0 2.0 6.0 4.0 5.0 42.0 5.0 4.0 2.0 1.0 0.0 -10.0 18.0 2.0 19.0 9.0 2.0 1.0 3.0 0.0 5.0 21.0 10.0 0.0 15.0 8.0 1.0 -10.0 22.0 0.0 0.0 30.0 28.0 5.0 0.0 0.0 20.0 49.0 5.0 16.0 3.0 3.0 9.0 -3.0 18.0 25.0 0.0 4.0 2.0 4.0 3.0 -1.0 32.0 11.0 0.0 14.0 18.0 11.0 6.0 8.0 23.0 25.0 10.0 0.0 0.0 15.0 9.0 0.0 9.0 46.0 1.0 18.0 13.0 2.0 5.0 -6.0 22.0 0.0 3.0 4.0 5.0 2.0 9.0 -9.0 102.0 22.0 7.0 9.0 11.0 3.0 0.0 0.0 -8.0 35.0 11.0 12.0 16.0 4.0 1.0 3.0 -5.0 
25_1_017_117
0.0 0.0 7.0 28.0 1.0 0.0 0.0 0.0 7.0 0.0 3.0 6.0 0.0 0.0 8.0 65.0 3.0 3.0 32.0 91.0 7.0 0.0 1.0 7.0 0.0 0.0 5.0 37.0 8.0 2.0 7.0 9.0 0.0 0.0 19.0 27.0 4.0 0.0 0.0 0.0 5.0 1.0 3.0 2.0 3.0 1.0 14.0 62.0 5.0 3.0 62.0 102.0 3.0 0.0 0.0 2.0 14.0 18.0 3.0 9.0 14.0 2.0 23.0 26.0 0.0 2.0 20.0 30.0 7.0 0.0 0.0 0.0 23.0 22.0 10.0 0.0 0.0 0.0 6.0 16.0 0.0 0.0 27.0 40.0 9.0 39.0 48.0 12.0 0.0 0.0 0.0 3.0 61.0 35.0 35.0 37.0 0.0 0.0 4.0 42.0 12.0 0.0 0.0 0.0 5.0 10.0 16.0 6.0 11.0 1.0 0.0 6.0 27.0 12.0 2.0 0.0 0.0 0.0 3.0 95.0 1.0 1.0 6.0 26.0 11.0 3.0 1.0 3.0 
25_1_017_118
0.0 0.0 7.0 21.0 0.0 0.0 0.0 0.0 0.0 0.0 30.0 67.0 0.0 0.0 0.0 0.0 1.0 0.0 4.0 11.0 0.0 1.0 55.0 54.0 1.0 3.0 21.0 5.0 0.0 0.0 2.0 8.0 0.0 0.0 17.0 16.0 0.0 0.0 0.0 0.0 0.0 0.0 10.0 102.0 8.0 0.0 0.0 0.0 8.0 4.0 0.0 0.0 0.0 0.0 25.0 95.0 0.0 1.0 27.0 26.0 0.0 0.0 0.0 0.0 0.0 0.0 16.0 15.0 0.0 0.0 0.0 0.0 0.0 0.0 15.0 70.0 3.0 0.0 5.0 8.0 0.0 0.0 0.0 4.0 4.0 9.0 72.0 56.0 0.0 0.0 0.0 33.0 28.0 0.0 0.0 0.0 0.0 0.0 11.0 27.0 1.0 0.0 0.0 0.0 0.0 0.0 6.0 52.0 5.0 0.0 16.0 27.0 0.0 0.0 0.0 9.0 12.0 5.0 39.0 22.0 0.0 0.0 1.0 29.0 14.0 0.0 0.0 0.0 
25_1_017_119
12.0 2.0 2.0 1.0 1.0 1.0 -3.0 15.0 2.0 0.0 6.0 43.0 12.0 0.0 -7.0 21.0 0.0 0.0 0.0 0.0 0.0 0.0 -16.0 65.0 0.0 0.0 0.0 0.0 0.0 0.0 1.0 13.0 7.0 0.0 0.0 0.0 0.0 0.0 -25.0 60.0 4.0 0.0 8.0 78.0 10.0 0.0 0.0 -1.0 2.0 0.0 0.0 0.0 0.0 0.0 -25.0 94.0 0.0 0.0 0.0 0.0 0.0 0.0 2.0 19.0 21.0 0.0 0.0 0.0 0.0 0.0 -11.0 28.0 5.0 2.0 4.0 33.0 29.0 2.0 5.0 0.0 2.0 0.0 0.0 18.0 7.0 0.0 -35.0 102.0 0.0 0.0 0.0 0.0 0.0 0.0 -13.0 51.0 0.0 0.0 0.0 1.0 6.0 2.0 0.0 19.0 0.0 0.0 2.0 36.0 2.0 0.0 0.0 15.0 0.0 0.0 5.0 34.0 5.0 0.0 -5.0 45.0 0.0 0.0 0.0 0.0 0.0 0.0 -12.0 50.0 
25_1_017_120
4.0 5.0 1.0 8.0 6.0 2.0 0.0 0.0 0.0 40.0 29.0 3.0 0.0 0.0 0.0 0.0 3.0 46.0 14.0 1.0 2.0 0.0 0.0 0.0 3.0 36.0 13.0 0.0 0.0 0.0 0.0 0.0 0.0 1.0 11.0 5.0 18.0 6.0 0.0 0.0 1.0 1.0 1.0 18.0 36.0 21.0 0.0 0.0 1.0 12.0 29.0 24.0 13.0 0.0 0.0 0.0 2.0 9.0 23.0 1.0 0.0 2.0 11.0 5.0 0.0 0.0 0.0 3.0 20.0 10.0 0.0 0.0 0.0 0.0 1.0 36.0 30.0 2.0 0.0 0.0 0.0 0.0 21.0 102.0 29.0 0.0 0.0 0.0 48.0 0.0 0.0 0.0 0.0 2.0 24.0 47.0 24.0 60.0 7.0 0.0 0.0 0.0 0.0 0.0 1.0 13.0 29.0 10.0 0.0 0.0 0.0 1.0 0.0 0.0 34.0 67.0 12.0 11.0 0.0 0.0 30.0 3.0 2.0 2.0 4.0 40.0 7.0 9.0 
25_1_017_121
19.0 0.0 0.0 0.0 0.0 0.0 5.0 99.0 0.0 0.0 9.0 23.0 0.0 0.0 0.0 3.0 0.0 0.0 2.0 9.0 1.0 0.0 0.0 3.0 0.0 0.0 2.0 7.0 3.0 0.0 0.0 0.0 37.0 3.0 0.0 0.0 0.0 0.0 21.0 102.0 6.0 0.0 4.0 26.0 0.0 0.0 0.0 5.0 2.0 0.0 0.0 4.0 3.0 1.0 1.0 3.0 0.0 0.0 2.0 25.0 2.0 0.0 0.0 0.0 32.0 8.0 4.0 0.0 2.0 12.0 15.0 53.0 6.0 0.0 1.0 26.0 0.0 0.0 0.0 33.0 3.0 0.0 1.0 1.0 1.0 1.0 6.0 4.0 0.0 0.0 2.0 28.0 6.0 0.0 0.0 0.0 15.0 11.0 27.0 1.0 0.0 2.0 8.0 61.0 1.0 0.0 1.0 16.0 1.0 0.0 2.0 39.0 3.0 1.0 0.0 0.0 0.0 1.0 2.0 4.0 0.0 0.0 0.0 17.0 8.0 0.0 0.0 0.0 
25_1_017_122
0.0 0.0 0.0 0.0 0.0 0.0 12.0 3.0 0.0 0.0 0.0 12.0 2.0 1.0 7.0 0.0 0.0 0.0 0.0 79.0 7.0 0.0 1.0 1.0 0.0 1.0 0.0 0.0 0.0 0.0 1.0 2.0 0.0 0.0 0.0 0.0 0.0 0.0 8.0 8.0 0.0 0.0 0.0 11.0 4.0 2.0 4.0 0.0 0.0 0.0 1.0 102.0 13.0 0.0 0.0 0.0 0.0 0.0 0.0 0.0 0.0 1.0 2.0 1.0 0.0 0.0 0.0 0.0 0.0 0.0 12.0 4.0 0.0 0.0 5.0 27.0 0.0 0.0 5.0 0.0 0.0 0.0 24.0 84.0 0.0 0.0 0.0 1.0 0.0 3.0 0.0 0.0 0.0 0.0 2.0 3.0 0.0 0.0 0.0 0.0 0.0 0.0 4.0 2.0 1.0 0.0 4.0 33.0 1.0 0.0 0.0 0.0 0.0 0.0 5.0 60.0 6.0 0.0 0.0 0.0 0.0 1.0 1.0 3.0 0.0 0.0 0.0 0.0 
25_1_017_123
0.0 0.0 0.0 1.0 0.0 0.0 0.0 2.0 0.0 0.0 19.0 39.0 0.0 0.0 0.0 0.0 0.0 0.0 38.0 81.0 0.0 0.0 0.0 0.0 0.0 0.0 6.0 11.0 1.0 0.0 0.0 0.0 0.0 0.0 0.0 4.0 1.0 1.0 0.0 0.0 0.0 0.0 73.0 81.0 0.0 0.0 0.0 0.0 0.0 0.0 30.0 57.0 2.0 0.0 0.0 0.0 0.0 3.0 7.0 3.0 1.0 1.0 0.0 0.0 0.0 0.0 7.0 11.0 0.0 0.0 0.0 0.0 0.0 0.0 62.0 102.0 2.0 0.0 0.0 0.0 0.0 0.0 19.0 41.0 8.0 2.0 0.0 0.0 0.0 0.0 0.0 2.0 3.0 5.0 2.0 0.0 0.0 0.0 20.0 30.0 0.0 0.0 0.0 0.0 0.0 0.0 56.0 57.0 0.0 0.0 0.0 0.0 0.0 0.0 24.0 10.0 1.0 0.0 0.0 1.0 6.0 3.0 2.0 0.0 0.0 0.0 0.0 0.0 
25_1_017_124
0.0 0.0 0.0 0.0 3.0 66.0 55.0 0.0 0.0 0.0 0.0 41.0 73.0 19.0 2.0 0.0 10.0 0.0 0.0 0.0 9.0 14.0 12.0 13.0 3.0 1.0 2.0 0.0 0.0 0.0 12.0 30.0 2.0 1.0 8.0 2.0 1.0 1.0 16.0 8.0 0.0 0.0 20.0 102.0 10.0 0.0 0.0 0.0 3.0 1.0 1.0 1.0 3.0 9.0 27.0 17.0 1.0 1.0 9.0 8.0 0.0 0.0 4.0 6.0 3.0 1.0 5.0 1.0 0.0 0.0 0.0 6.0 0.0 0.0 12.0 47.0 21.0 7.0 0.0 0.0 0.0 0.0 12.0 6.0 3.0 23.0 15.0 0.0 0.0 11.0 12.0 2.0 0.0 0.0 0.0 0.0 1.0 17.0 19.0 0.0 0.0 0.0 0.0 0.0 0.0 0.0 15.0 5.0 0.0 0.0 0.0 0.0 0.0 0.0 12.0 29.0 2.0 0.0 0.0 0.0 0.0 6.0 6.0 3.0 1.0 1.0 9.0 1.0 
25_1_017_125
3.0 1.0 6.0 10.0 11.0 1.0 1.0 1.0 20.0 51.0 27.0 0.0 0.0 0.0 0.0 0.0 63.0 15.0 1.0 0.0 0.0 0.0 0.0 6.0 7.0 3.0 0.0 0.0 0.0 0.0 0.0 3.0 0.0 0.0 39.0 41.0 0.0 0.0 0.0 0.0 6.0 3.0 21.0 8.0 0.0 0.0 8.0 22.0 35.0 43.0 28.0 29.0 0.0 0.0 0.0 4.0 102.0 6.0 0.0 0.0 0.0 0.0 0.0 14.0 3.0 5.0 45.0 14.0 0.0 0.0 5.0 9.0 7.0 3.0 1.0 0.0 0.0 1.0 23.0 28.0 0.0 2.0 2.0 36.0 14.0 23.0 26.0 1.0 27.0 9.0 0.0 4.0 10.0 8.0 8.0 9.0 3.0 0.0 4.0 27.0 7.0 0.0 0.0 17.0 4.0 11.0 8.0 0.0 0.0 0.0 5.0 5.0 7.0 1.0 0.0 0.0 0.0 1.0 23.0 23.0 0.0 0.0 0.0 25.0 18.0 0.0 0.0 0.0 
25_1_017_126
0.0 0.0 9.0 6.0 6.0 18.0 16.0 38.0 0.0 0.0 9.0 32.0 11.0 5.0 0.0 21.0 6.0 0.0 13.0 49.0 21.0 11.0 0.0 3.0 0.0 12.0 30.0 8.0 15.0 37.0 7.0 0.0 10.0 0.0 19.0 10.0 7.0 10.0 5.0 13.0 25.0 8.0 10.0 12.0 8.0 5.0 -23.0 71.0 0.0 1.0 23.0 62.0 15.0 8.0 1.0 0.0 13.0 4.0 5.0 16.0 11.0 7.0 2.0 -6.0 18.0 1.0 17.0 38.0 12.0 16.0 -2.0 53.0 27.0 0.0 27.0 16.0 17.0 9.0 7.0 102.0 -1.0 24.0 75.0 40.0 1.0 0.0 1.0 1.0 0.0 36.0 86.0 10.0 0.0 0.0 -4.0 12.0 30.0 16.0 15.0 32.0 33.0 13.0 4.0 -11.0 23.0 21.0 14.0 12.0 6.0 6.0 2.0 16.0 6.0 0.0 50.0 63.0 1.0 5.0 25.0 36.0 4.0 0.0 6.0 58.0 40.0 0.0 -4.0 18.0 
25_1_017_127
0.0 0.0 0.0 0.0 0.0 0.0 11.0 11.0 0.0 1.0 39.0 10.0 0.0 0.0 5.0 5.0 3.0 7.0 48.0 22.0 3.0 0.0 -4.0 10.0 0.0 0.0 3.0 10.0 3.0 3.0 11.0 6.0 0.0 0.0 0.0 3.0 1.0 0.0 23.0 10.0 0.0 0.0 74.0 98.0 2.0 0.0 0.0 0.0 0.0 4.0 7.0 4.0 0.0 3.0 39.0 70.0 0.0 0.0 48.0 41.0 5.0 12.0 10.0 0.0 0.0 0.0 12.0 12.0 0.0 1.0 11.0 7.0 0.0 0.0 45.0 102.0 8.0 2.0 3.0 0.0 1.0 13.0 17.0 4.0 0.0 0.0 33.0 45.0 0.0 0.0 64.0 25.0 0.0 0.0 0.0 1.0 0.0 0.0 40.0 36.0 0.0 0.0 0.0 0.0 0.0 3.0 29.0 10.0 0.0 0.0 -3.0 16.0 1.0 0.0 9.0 31.0 3.0 2.0 11.0 13.0 0.0 0.0 9.0 21.0 2.0 3.0 0.0 8.0 
25_1_017_128
3.0 2.0 1.0 0.0 0.0 0.0 19.0 64.0 2.0 3.0 1.0 36.0 53.0 8.0 20.0 3.0 9.0 11.0 9.0 10.0 18.0 0.0 35.0 21.0 26.0 10.0 33.0 5.0 0.0 0.0 14.0 102.0 26.0 24.0 1.0 0.0 2.0 3.0 19.0 70.0 18.0 7.0 4.0 4.0 8.0 21.0 7.0 41.0 6.0 37.0 31.0 71.0 11.0 0.0 3.0 0.0 30.0 40.0 18.0 16.0 4.0 8.0 44.0 22.0 16.0 11.0 6.0 6.0 0.0 4.0 33.0 54.0 19.0 25.0 20.0 33.0 3.0 0.0 22.0 29.0 34.0 13.0 18.0 44.0 11.0 19.0 47.0 20.0 10.0 12.0 14.0 21.0 0.0 6.0 51.0 30.0 20.0 18.0 18.0 18.0 1.0 1.0 1.0 68.0 12.0 31.0 10.0 17.0 13.0 10.0 5.0 12.0 53.0 9.0 2.0 19.0 7.0 6.0 4.0 13.0 46.0 26.0 39.0 18.0 21.0 12.0 0.0 3.0 
25_1_017_129
0.0 0.0 0.0 8.0 8.0 3.0 2.0 5.0 0.0 0.0 0.0 55.0 33.0 1.0 1.0 14.0 3.0 0.0 0.0 4.0 5.0 3.0 13.0 17.0 0.0 0.0 0.0 0.0 0.0 0.0 0.0 24.0 10.0 0.0 10.0 11.0 3.0 0.0 1.0 47.0 0.0 0.0 5.0 102.0 13.0 1.0 15.0 13.0 0.0 0.0 1.0 13.0 7.0 1.0 8.0 3.0 2.0 0.0 0.0 0.0 0.0 0.0 -1.0 39.0 0.0 1.0 3.0 29.0 23.0 0.0 -4.0 76.0 6.0 1.0 28.0 67.0 6.0 0.0 -6.0 15.0 5.0 0.0 1.0 15.0 2.0 0.0 -5.0 18.0 3.0 0.0 0.0 0.0 0.0 0.0 -3.0 24.0 0.0 0.0 3.0 37.0 10.0 0.0 0.0 9.0 1.0 1.0 0.0 18.0 18.0 2.0 0.0 14.0 0.0 0.0 0.0 26.0 14.0 4.0 12.0 3.0 1.0 0.0 0.0 3.0 2.0 1.0 0.0 14.0 
25_1_017_130
0.0 1.0 5.0 17.0 79.0 41.0 15.0 1.0 25.0 28.0 9.0 1.0 64.0 70.0 15.0 10.0 62.0 69.0 1.0 10.0 9.0 37.0 0.0 5.0 6.0 1.0 0.0 1.0 18.0 33.0 1.0 33.0 20.0 76.0 32.0 1.0 1.0 2.0 0.0 0.0 0.0 1.0 84.0 41.0 5.0 20.0 87.0 5.0 24.0 6.0 13.0 56.0 63.0 96.0 32.0 4.0 13.0 0.0 36.0 41.0 9.0 0.0 21.0 54.0 1.0 1.0 5.0 37.0 45.0 41.0 44.0 18.0 1.0 51.0 64.0 14.0 0.0 5.0 33.0 31.0 2.0 15.0 102.0 27.0 35.0 20.0 31.0 26.0 9.0 48.0 18.0 45.0 1.0 0.0 13.0 47.0 32.0 14.0 3.0 12.0 4.0 2.0 -2.0 15.0 0.0 5.0 15.0 81.0 33.0 6.0 2.0 13.0 13.0 46.0 17.0 17.0 3.0 1.0 -4.0 23.0 8.0 6.0 6.0 21.0 13.0 0.0 15.0 20.0 
25_1_017_131
50.0 21.0 7.0 6.0 3.0 0.0 16.0 33.0 53.0 38.0 3.0 1.0 0.0 0.0 0.0 32.0 9.0 52.0 53.0 46.0 1.0 0.0 0.0 0.0 29.0 14.0 8.0 8.0 0.0 4.0 6.0 29.0 18.0 4.0 8.0 2.0 7.0 12.0 40.0 11.0 17.0 19.0 23.0 2.0 7.0 4.0 29.0 102.0 2.0 4.0 12.0 74.0 37.0 5.0 26.0 43.0 4.0 18.0 11.0 0.0 1.0 13.0 50.0 27.0 17.0 7.0 0.0 9.0 25.0 19.0 44.0 17.0 87.0 3.0 0.0 16.0 60.0 33.0 11.0 39.0 38.0 97.0 60.0 24.0 0.0 0.0 0.0 11.0 9.0 95.0 65.0 10.0 2.0 18.0 20.0 7.0 68.0 23.0 0.0 0.0 1.0 11.0 8.0 9.0 15.0 0.0 2.0 42.0 42.0 4.0 1.0 30.0 0.0 2.0 37.0 3.0 12.0 59.0 65.0 0.0 4.0 34.0 50.0 29.0 8.0 14.0 5.0 4.0 
25_1_017_132
4.0 5.0 3.0 3.0 4.0 21.0 35.0 32.0 20.0 40.0 50.0 0.0 0.0 1.0 27.0 -2.0 16.0 0.0 0.0 21.0 14.0 1.0 -19.0 69.0 1.0 4.0 8.0 0.0 52.0 19.0 0.0 0.0 1.0 13.0 14.0 5.0 6.0 68.0 49.0 8.0 0.0 0.0 0.0 8.0 29.0 63.0 47.0 18.0 25.0 22.0 8.0 29.0 67.0 2.0 -15.0 49.0 12.0 11.0 32.0 13.0 13.0 5.0 -9.0 24.0 1.0 8.0 33.0 20.0 2.0 18.0 10.0 0.0 7.0 3.0 19.0 32.0 2.0 3.0 -11.0 102.0 1.0 3.0 20.0 75.0 13.0 18.0 8.0 9.0 10.0 12.0 29.0 12.0 10.0 5.0 5.0 -1.0 0.0 3.0 8.0 15.0 19.0 9.0 5.0 6.0 1.0 0.0 5.0 2.0 6.0 32.0 37.0 31.0 0.0 2.0 0.0 19.0 40.0 29.0 3.0 1.0 0.0 0.0 9.0 26.0 36.0 16.0 3.0 4.0 
25_1_017_133
1.0 1.0 5.0 8.0 3.0 1.0 9.0 7.0 23.0 4.0 7.0 2.0 3.0 5.0 22.0 15.0 8.0 0.0 5.0 36.0 10.0 0.0 24.0 30.0 20.0 1.0 0.0 0.0 0.0 0.0 25.0 26.0 0.0 3.0 1.0 3.0 1.0 0.0 13.0 8.0 10.0 8.0 6.0 5.0 4.0 2.0 25.0 19.0 16.0 1.0 6.0 64.0 16.0 2.0 0.0 2.0 44.0 3.0 0.0 0.0 0.0 0.0 0.0 84.0 13.0 6.0 0.0 0.0 3.0 3.0 7.0 5.0 8.0 39.0 19.0 3.0 5.0 8.0 0.0 0.0 6.0 15.0 52.0 16.0 0.0 0.0 15.0 20.0 0.0 0.0 0.0 0.0 0.0 0.0 37.0 102.0 1.0 2.0 1.0 0.0 3.0 5.0 6.0 1.0 0.0 0.0 16.0 53.0 13.0 7.0 1.0 6.0 21.0 9.0 20.0 7.0 2.0 11.0 20.0 39.0 3.0 0.0 0.0 0.0 0.0 0.0 13.0 87.0 
25_1_017_134
8.0 0.0 0.0 21.0 32.0 9.0 0.0 4.0 46.0 17.0 0.0 0.0 9.0 6.0 2.0 22.0 60.0 60.0 5.0 0.0 0.0 0.0 0.0 0.0 28.0 3.0 0.0 0.0 0.0 0.0 0.0 9.0 8.0 28.0 4.0 3.0 2.0 2.0 2.0 32.0 5.0 4.0 2.0 11.0 68.0 12.0 3.0 13.0 25.0 6.0 13.0 24.0 9.0 7.0 2.0 2.0 102.0 0.0 0.0 0.0 0.0 0.0 0.0 38.0 9.0 0.0 3.0 0.0 5.0 2.0 3.0 11.0 12.0 15.0 28.0 17.0 0.0 0.0 0.0 6.0 0.0 3.0 13.0 43.0 23.0 3.0 2.0 0.0 60.0 27.0 5.0 10.0 0.0 0.0 0.0 27.0 0.0 3.0 5.0 3.0 3.0 0.0 0.0 2.0 3.0 10.0 3.0 0.0 3.0 3.0 4.0 9.0 5.0 2.0 0.0 8.0 19.0 6.0 11.0 3.0 0.0 0.0 1.0 5.0 36.0 18.0 15.0 2.0 
25_1_017_135
0.0 8.0 27.0 1.0 0.0 1.0 0.0 0.0 0.0 68.0 37.0 0.0 0.0 0.0 0.0 0.0 2.0 102.0 18.0 0.0 0.0 0.0 0.0 0.0 10.0 72.0 28.0 0.0 0.0 0.0 0.0 0.0 10.0 35.0 35.0 11.0 0.0 4.0 0.0 0.0 0.0 2.0 10.0 8.0 5.0 25.0 16.0 4.0 2.0 11.0 10.0 3.0 38.0 25.0 2.0 0.0 8.0 3.0 3.0 5.0 18.0 45.0 19.0 9.0 3.0 7.0 12.0 3.0 3.0 24.0 17.0 4.0 15.0 22.0 7.0 4.0 4.0 24.0 11.0 1.0 1.0 1.0 0.0 31.0 22.0 3.0 0.0 5.0 3.0 4.0 2.0 2.0 0.0 2.0 7.0 13.0 3.0 10.0 9.0 4.0 3.0 4.0 0.0 4.0 11.0 11.0 0.0 2.0 0.0 3.0 4.0 3.0 3.0 8.0 9.0 6.0 0.0 0.0 1.0 0.0 14.0 2.0 0.0 0.0 1.0 0.0 0.0 1.0 
25_1_017_136
0.0 0.0 2.0 1.0 0.0 0.0 10.0 8.0 0.0 0.0 0.0 44.0 46.0 3.0 1.0 0.0 0.0 0.0 0.0 2.0 0.0 0.0 2.0 1.0 0.0 0.0 0.0 0.0 0.0 2.0 24.0 4.0 0.0 0.0 0.0 0.0 0.0 0.0 11.0 28.0 0.0 0.0 10.0 102.0 8.0 0.0 0.0 0.0 0.0 0.0 2.0 5.0 2.0 0.0 17.0 11.0 0.0 0.0 0.0 0.0 0.0 0.0 68.0 24.0 10.0 4.0 1.0 0.0 0.0 3.0 3.0 8.0 0.0 1.0 24.0 63.0 8.0 0.0 0.0 0.0 0.0 0.0 0.0 0.0 1.0 6.0 39.0 27.0 0.0 0.0 0.0 0.0 0.0 0.0 34.0 31.0 0.0 0.0 12.0 11.0 1.0 1.0 3.0 0.0 0.0 1.0 10.0 20.0 4.0 0.0 0.0 0.0 0.0 0.0 0.0 0.0 0.0 0.0 24.0 34.0 0.0 0.0 0.0 0.0 0.0 0.0 14.0 23.0 
25_1_017_137
4.0 8.0 5.0 20.0 30.0 24.0 11.0 9.0 4.0 0.0 0.0 11.0 23.0 4.0 21.0 26.0 5.0 0.0 0.0 60.0 102.0 43.0 47.0 24.0 2.0 0.0 0.0 23.0 13.0 11.0 56.0 50.0 6.0 3.0 10.0 16.0 11.0 33.0 21.0 21.0 17.0 10.0 13.0 9.0 0.0 0.0 3.0 18.0 6.0 0.0 9.0 76.0 2.0 0.0 10.0 46.0 9.0 30.0 33.0 10.0 3.0 0.0 12.0 36.0 1.0 4.0 6.0 20.0 12.0 2.0 0.0 0.0 8.0 0.0 0.0 23.0 35.0 14.0 21.0 32.0 1.0 2.0 11.0 15.0 35.0 30.0 21.0 17.0 8.0 29.0 40.0 72.0 27.0 25.0 2.0 0.0 7.0 8.0 2.0 4.0 2.0 4.0 7.0 7.0 1.0 0.0 3.0 2.0 13.0 8.0 6.0 0.0 0.0 5.0 23.0 26.0 9.0 6.0 2.0 1.0 0.0 11.0 2.0 1.0 3.0 29.0 31.0 1.0 
25_1_017_138
0.0 0.0 0.0 0.0 8.0 11.0 3.0 2.0 0.0 0.0 0.0 29.0 75.0 1.0 0.0 0.0 0.0 0.0 0.0 48.0 64.0 1.0 0.0 0.0 0.0 0.0 0.0 0.0 0.0 3.0 32.0 91.0 9.0 0.0 0.0 0.0 0.0 0.0 0.0 8.0 0.0 0.0 20.0 102.0 5.0 0.0 0.0 0.0 0.0 0.0 2.0 25.0 43.0 4.0 0.0 0.0 15.0 0.0 0.0 0.0 1.0 7.0 17.0 54.0 0.0 3.0 17.0 31.0 1.0 0.0 0.0 0.0 0.0 3.0 23.0 64.0 6.0 0.0 0.0 0.0 0.0 0.0 0.0 12.0 36.0 14.0 18.0 8.0 27.0 11.0 6.0 47.0 30.0 0.0 0.0 16.0 0.0 0.0 8.0 17.0 4.0 0.0 11.0 8.0 0.0 9.0 21.0 0.0 0.0 0.0 11.0 6.0 0.0 0.0 0.0 3.0 11.0 0.0 35.0 27.0 0.0 0.0 0.0 32.0 54.0 10.0 10.0 0.0 
25_1_017_139
28.0 2.0 8.0 0.0 0.0 2.0 16.0 3.0 1.0 1.0 0.0 14.0 10.0 15.0 12.0 4.0 9.0 3.0 7.0 7.0 2.0 2.0 0.0 6.0 12.0 0.0 2.0 6.0 2.0 1.0 -9.0 19.0 27.0 0.0 0.0 0.0 0.0 15.0 11.0 81.0 0.0 0.0 15.0 58.0 37.0 5.0 0.0 0.0 8.0 0.0 5.0 24.0 10.0 2.0 -13.0 47.0 4.0 0.0 9.0 5.0 6.0 8.0 0.0 34.0 -2.0 10.0 0.0 0.0 30.0 44.0 -39.0 102.0 82.0 0.0 6.0 16.0 17.0 29.0 -15.0 25.0 4.0 17.0 6.0 30.0 42.0 19.0 13.0 -2.0 24.0 7.0 6.0 2.0 4.0 3.0 0.0 -10.0 0.0 0.0 0.0 81.0 52.0 16.0 0.0 0.0 53.0 8.0 7.0 18.0 6.0 0.0 -29.0 98.0 62.0 0.0 1.0 7.0 38.0 13.0 -8.0 -3.0 -2.0 7.0 12.0 49.0 18.0 4.0 0.0 0.0 
25_1_017_140
5.0 3.0 1.0 0.0 7.0 5.0 1.0 6.0 16.0 0.0 0.0 0.0 1.0 3.0 20.0 42.0 0.0 1.0 30.0 46.0 30.0 2.0 4.0 0.0 0.0 0.0 0.0 0.0 0.0 2.0 75.0 52.0 1.0 3.0 5.0 9.0 3.0 3.0 16.0 8.0 33.0 11.0 4.0 0.0 0.0 16.0 52.0 11.0 10.0 0.0 8.0 56.0 18.0 10.0 12.0 24.0 51.0 2.0 0.0 0.0 0.0 0.0 25.0 53.0 2.0 2.0 1.0 3.0 1.0 2.0 9.0 9.0 16.0 20.0 4.0 0.0 0.0 0.0 16.0 28.0 3.0 8.0 31.0 72.0 14.0 2.0 0.0 0.0 33.0 4.0 0.0 0.0 0.0 0.0 3.0 102.0 12.0 3.0 0.0 0.0 0.0 4.0 13.0 1.0 5.0 23.0 15.0 6.0 12.0 11.0 0.0 0.0 4.0 16.0 52.0 13.0 0.0 2.0 7.0 12.0 2.0 0.0 0.0 0.0 0.0 0.0 37.0 92.0 
25_1_017_141
0.0 0.0 6.0 20.0 0.0 0.0 0.0 0.0 0.0 0.0 9.0 53.0 0.0 0.0 0.0 0.0 0.0 0.0 15.0 102.0 9.0 0.0 21.0 1.0 0.0 0.0 0.0 8.0 16.0 9.0 56.0 26.0 0.0 1.0 9.0 14.0 0.0 0.0 0.0 0.0 0.0 0.0 42.0 67.0 0.0 0.0 0.0 0.0 0.0 0.0 6.0 29.0 13.0 9.0 27.0 12.0 0.0 0.0 0.0 17.0 11.0 4.0 33.0 42.0 8.0 9.0 2.0 1.0 0.0 0.0 0.0 0.0 0.0 0.0 7.0 79.0 14.0 0.0 0.0 0.0 18.0 4.0 2.0 21.0 16.0 0.0 0.0 12.0 19.0 0.0 1.0 14.0 0.0 0.0 0.0 68.0 35.0 6.0 0.0 0.0 0.0 0.0 0.0 8.0 2.0 0.0 1.0 25.0 7.0 0.0 0.0 0.0 0.0 0.0 0.0 37.0 23.0 0.0 2.0 3.0 5.0 0.0 0.0 3.0 0.0 0.0 0.0 67.0 
25_1_017_142
0.0 0.0 0.0 8.0 6.0 0.0 0.0 0.0 0.0 0.0 0.0 101.0 48.0 0.0 0.0 0.0 0.0 0.0 0.0 2.0 9.0 8.0 28.0 80.0 0.0 0.0 0.0 22.0 81.0 3.0 8.0 11.0 0.0 0.0 1.0 12.0 1.0 0.0 0.0 0.0 0.0 0.0 2.0 102.0 19.0 0.0 0.0 0.0 13.0 1.0 0.0 6.0 10.0 4.0 14.0 32.0 32.0 0.0 0.0 12.0 19.0 0.0 1.0 30.0 0.0 6.0 4.0 15.0 3.0 0.0 0.0 0.0 0.0 1.0 1.0 56.0 34.0 0.0 0.0 0.0 3.0 7.0 2.0 8.0 60.0 1.0 0.0 0.0 65.0 0.0 0.0 0.0 0.0 0.0 0.0 43.0 6.0 12.0 1.0 5.0 2.0 0.0 0.0 0.0 13.0 10.0 0.0 7.0 4.0 0.0 0.0 0.0 0.0 0.0 0.0 14.0 45.0 0.0 0.0 0.0 16.0 0.0 0.0 11.0 15.0 0.0 0.0 28.0 
25_1_017_143
31.0 17.0 13.0 16.0 12.0 0.0 7.0 8.0 4.0 3.0 3.0 5.0 8.0 6.0 4.0 14.0 0.0 4.0 4.0 29.0 46.0 16.0 18.0 1.0 3.0 1.0 9.0 9.0 18.0 28.0 9.0 17.0 0.0 0.0 1.0 2.0 22.0 17.0 29.0 5.0 8.0 57.0 86.0 72.0 1.0 5.0 2.0 0.0 70.0 72.0 71.0 35.0 18.0 6.0 0.0 34.0 53.0 28.0 3.0 14.0 7.0 12.0 6.0 22.0 2.0 1.0 26.0 2.0 0.0 1.0 12.0 14.0 0.0 0.0 21.0 89.0 55.0 63.0 17.0 2.0 0.0 0.0 4.0 4.0 30.0 46.0 102.0 58.0 10.0 23.0 24.0 46.0 18.0 14.0 0.0 8.0 0.0 4.0 21.0 10.0 12.0 10.0 17.0 5.0 10.0 25.0 4.0 0.0 0.0 11.0 51.0 5.0 0.0 5.0 66.0 57.0 8.0 8.0 2.0 4.0 15.0 5.0 0.0 2.0 5.0 60.0 50.0 36.0 
25_1_017_144
1.0 0.0 0.0 0.0 0.0 0.0 0.0 0.0 0.0 0.0 11.0 56.0 0.0 0.0 0.0 0.0 1.0 0.0 4.0 26.0 0.0 0.0 0.0 5.0 1.0 0.0 0.0 1.0 1.0 0.0 0.0 1.0 1.0 0.0 0.0 0.0 0.0 0.0 0.0 1.0 0.0 0.0 19.0 90.0 0.0 0.0 0.0 0.0 2.0 0.0 5.0 12.0 0.0 0.0 1.0 2.0 1.0 1.0 0.0 0.0 0.0 0.0 3.0 2.0 1.0 0.0 0.0 0.0 0.0 0.0 0.0 1.0 0.0 0.0 3.0 102.0 2.0 0.0 0.0 0.0 0.0 0.0 0.0 12.0 0.0 0.0 3.0 7.0 0.0 0.0 0.0 0.0 0.0 0.0 4.0 2.0 0.0 0.0 0.0 0.0 0.0 0.0 0.0 0.0 0.0 0.0 13.0 74.0 0.0 0.0 0.0 0.0 1.0 0.0 0.0 4.0 0.0 0.0 1.0 6.0 1.0 1.0 0.0 0.0 0.0 0.0 0.0 1.0 
25_1_017_145
5.0 0.0 0.0 0.0 0.0 0.0 -13.0 36.0 3.0 0.0 15.0 52.0 0.0 0.0 0.0 0.0 0.0 0.0 0.0 0.0 0.0 0.0 -3.0 51.0 0.0 0.0 0.0 0.0 0.0 0.0 4.0 9.0 4.0 2.0 0.0 0.0 0.0 1.0 -1.0 30.0 0.0 0.0 8.0 55.0 18.0 0.0 -1.0 4.0 0.0 0.0 0.0 0.0 0.0 0.0 -23.0 102.0 0.0 0.0 0.0 0.0 0.0 0.0 3.0 19.0 0.0 0.0 0.0 0.0 0.0 1.0 10.0 25.0 0.0 0.0 29.0 71.0 0.0 0.0 0.0 0.0 0.0 0.0 0.0 0.0 0.0 0.0 2.0 78.0 0.0 0.0 0.0 0.0 0.0 0.0 -3.0 32.0 0.0 0.0 0.0 0.0 2.0 2.0 14.0 2.0 0.0 0.0 0.0 31.0 38.0 7.0 0.0 0.0 0.0 0.0 0.0 0.0 0.0 0.0 17.0 32.0 0.0 0.0 0.0 0.0 0.0 0.0 1.0 27.0 
25_1_017_146
0.0 0.0 2.0 36.0 1.0 0.0 0.0 0.0 0.0 0.0 23.0 44.0 1.0 0.0 0.0 0.0 53.0 11.0 0.0 0.0 0.0 0.0 0.0 48.0 3.0 3.0 19.0 3.0 0.0 0.0 0.0 0.0 0.0 0.0 0.0 34.0 6.0 0.0 0.0 0.0 0.0 0.0 5.0 102.0 5.0 0.0 0.0 0.0 1.0 0.0 0.0 0.0 0.0 0.0 36.0 100.0 0.0 2.0 15.0 38.0 0.0 0.0 0.0 0.0 0.0 0.0 4.0 25.0 1.0 0.0 0.0 0.0 0.0 0.0 0.0 75.0 35.0 0.0 0.0 0.0 26.0 2.0 0.0 2.0 1.0 0.0 10.0 81.0 0.0 1.0 8.0 15.0 20.0 6.0 0.0 0.0 0.0 0.0 6.0 13.0 0.0 0.0 0.0 0.0 0.0 0.0 0.0 59.0 7.0 0.0 0.0 0.0 0.0 0.0 0.0 0.0 3.0 1.0 19.0 75.0 0.0 0.0 0.0 16.0 20.0 2.0 0.0 0.0 
25_1_017_147
0.0 0.0 0.0 0.0 2.0 19.0 10.0 13.0 48.0 39.0 5.0 4.0 0.0 0.0 -2.0 -16.0 18.0 13.0 0.0 7.0 18.0 12.0 -15.0 27.0 -4.0 14.0 0.0 0.0 5.0 4.0 8.0 9.0 3.0 2.0 8.0 15.0 1.0 3.0 1.0 0.0 0.0 0.0 4.0 17.0 28.0 47.0 10.0 7.0 4.0 68.0 10.0 29.0 3.0 6.0 -5.0 32.0 4.0 18.0 0.0 1.0 7.0 2.0 -17.0 60.0 -1.0 2.0 4.0 20.0 21.0 2.0 0.0 0.0 15.0 19.0 6.0 6.0 3.0 0.0 -4.0 7.0 0.0 0.0 11.0 102.0 24.0 1.0 18.0 16.0 -5.0 19.0 0.0 0.0 4.0 3.0 13.0 48.0 9.0 7.0 22.0 12.0 0.0 0.0 -3.0 11.0 -6.0 22.0 4.0 24.0 6.0 0.0 0.0 0.0 3.0 3.0 2.0 1.0 4.0 11.0 28.0 22.0 -1.0 3.0 10.0 9.0 7.0 20.0 8.0 0.0 
25_1_017_148
0.0 0.0 0.0 1.0 0.0 0.0 2.0 3.0 0.0 0.0 0.0 5.0 3.0 1.0 3.0 2.0 0.0 0.0 2.0 10.0 0.0 0.0 4.0 4.0 0.0 0.0 28.0 88.0 0.0 0.0 0.0 0.0 0.0 0.0 0.0 0.0 0.0 2.0 8.0 2.0 0.0 0.0 13.0 18.0 0.0 0.0 1.0 0.0 17.0 2.0 7.0 18.0 0.0 0.0 -5.0 10.0 0.0 0.0 6.0 102.0 22.0 4.0 4.0 0.0 0.0 0.0 0.0 0.0 0.0 0.0 0.0 12.0 0.0 0.0 10.0 47.0 0.0 0.0 0.0 0.0 5.0 0.0 4.0 3.0 0.0 0.0 -3.0 17.0 0.0 0.0 0.0 29.0 38.0 7.0 0.0 0.0 0.0 0.0 0.0 0.0 0.0 0.0 -5.0 25.0 0.0 0.0 12.0 44.0 0.0 0.0 0.0 0.0 10.0 0.0 0.0 0.0 0.0 0.0 -14.0 34.0 0.0 0.0 9.0 26.0 0.0 0.0 0.0 0.0 
25_1_017_149
0.0 0.0 0.0 0.0 0.0 0.0 20.0 23.0 8.0 1.0 6.0 7.0 4.0 0.0 1.0 6.0 10.0 1.0 4.0 27.0 1.0 0.0 0.0 3.0 0.0 0.0 0.0 99.0 11.0 0.0 0.0 0.0 1.0 7.0 12.0 4.0 0.0 2.0 1.0 0.0 5.0 8.0 13.0 28.0 0.0 0.0 0.0 0.0 27.0 6.0 13.0 6.0 0.0 0.0 0.0 7.0 0.0 0.0 1.0 102.0 16.0 0.0 0.0 0.0 1.0 6.0 18.0 31.0 0.0 0.0 0.0 0.0 11.0 25.0 13.0 10.0 0.0 0.0 0.0 0.0 15.0 0.0 0.0 3.0 7.0 1.0 5.0 28.0 0.0 0.0 0.0 64.0 36.0 0.0 0.0 0.0 0.0 0.0 10.0 39.0 1.0 0.0 0.0 0.0 10.0 22.0 20.0 25.0 0.0 0.0 0.0 3.0 80.0 3.0 0.0 0.0 0.0 0.0 0.0 16.0 5.0 0.0 5.0 42.0 8.0 0.0 0.0 0.0 
25_1_017_150
0.0 17.0 13.0 3.0 8.0 1.0 0.0 0.0 6.0 11.0 9.0 4.0 13.0 4.0 1.0 0.0 1.0 7.0 3.0 0.0 0.0 33.0 6.0 0.0 0.0 13.0 9.0 3.0 20.0 23.0 0.0 0.0 0.0 0.0 5.0 8.0 24.0 6.0 0.0 0.0 5.0 5.0 3.0 13.0 24.0 11.0 0.0 0.0 3.0 63.0 45.0 22.0 0.0 0.0 0.0 0.0 2.0 68.0 35.0 2.0 2.0 1.0 0.0 0.0 0.0 0.0 3.0 8.0 20.0 0.0 0.0 4.0 0.0 3.0 24.0 9.0 39.0 9.0 0.0 0.0 0.0 0.0 5.0 37.0 44.0 29.0 0.0 0.0 2.0 4.0 14.0 24.0 33.0 11.0 0.0 0.0 31.0 0.0 0.0 0.0 2.0 2.0 1.0 12.0 0.0 0.0 0.0 0.0 33.0 15.0 0.0 0.0 0.0 0.0 0.0 20.0 41.0 11.0 0.0 0.0 0.0 0.0 10.0 102.0 23.0 0.0 0.0 0.0 
25_1_017_151
0.0 0.0 0.0 2.0 0.0 0.0 1.0 0.0 0.0 0.0 1.0 3.0 0.0 0.0 0.0 2.0 0.0 0.0 15.0 102.0 1.0 0.0 0.0 0.0 0.0 0.0 2.0 11.0 3.0 0.0 0.0 0.0 0.0 0.0 0.0 2.0 1.0 0.0 0.0 1.0 0.0 0.0 3.0 18.0 0.0 1.0 0.0 0.0 0.0 0.0 38.0 102.0 8.0 0.0 0.0 0.0 0.0 0.0 4.0 19.0 2.0 0.0 0.0 0.0 0.0 0.0 0.0 0.0 0.0 0.0 0.0 1.0 0.0 0.0 17.0 42.0 0.0 0.0 0.0 0.0 0.0 0.0 33.0 67.0 6.0 0.0 0.0 0.0 1.0 0.0 13.0 21.0 0.0 0.0 0.0 1.0 1.0 0.0 0.0 0.0 0.0 0.0 0.0 1.0 0.0 0.0 14.0 54.0 0.0 0.0 0.0 0.0 0.0 0.0 32.0 50.0 0.0 0.0 0.0 0.0 0.0 0.0 4.0 2.0 1.0 0.0 0.0 0.0 
25_1_017_152
0.0 0.0 1.0 13.0 8.0 7.0 5.0 1.0 0.0 12.0 38.0 8.0 0.0 0.0 0.0 0.0 0.0 0.0 44.0 13.0 0.0 0.0 0.0 0.0 0.0 0.0 36.0 15.0 0.0 0.0 0.0 0.0 0.0 0.0 46.0 46.0 1.0 0.0 3.0 11.0 0.0 5.0 24.0 5.0 3.0 6.0 2.0 12.0 0.0 0.0 25.0 54.0 18.0 0.0 0.0 0.0 0.0 0.0 51.0 21.0 0.0 0.0 0.0 0.0 0.0 0.0 48.0 78.0 0.0 0.0 0.0 0.0 0.0 10.0 5.0 0.0 3.0 4.0 -4.0 37.0 0.0 1.0 34.0 70.0 8.0 0.0 0.0 0.0 0.0 0.0 31.0 52.0 0.0 0.0 0.0 0.0 0.0 0.0 29.0 25.0 0.0 0.0 13.0 6.0 0.0 0.0 0.0 0.0 8.0 33.0 43.0 6.0 0.0 0.0 0.0 15.0 102.0 51.0 9.0 0.0 0.0 0.0 10.0 74.0 22.0 0.0 0.0 0.0 
25_1_017_153
9.0 13.0 33.0 0.0 1.0 2.0 8.0 17.0 0.0 0.0 2.0 6.0 0.0 0.0 14.0 76.0 3.0 0.0 2.0 5.0 0.0 0.0 3.0 2.0 0.0 0.0 2.0 13.0 2.0 0.0 0.0 0.0 14.0 20.0 0.0 0.0 0.0 16.0 23.0 47.0 0.0 0.0 3.0 17.0 0.0 0.0 15.0 40.0 0.0 0.0 0.0 2.0 0.0 1.0 11.0 4.0 0.0 0.0 5.0 17.0 2.0 0.0 0.0 0.0 12.0 1.0 0.0 0.0 2.0 4.0 33.0 102.0 0.0 0.0 1.0 11.0 0.0 0.0 5.0 28.0 0.0 0.0 1.0 3.0 0.0 0.0 9.0 3.0 0.0 0.0 12.0 26.0 0.0 0.0 0.0 0.0 13.0 2.0 0.0 0.0 0.0 0.0 19.0 86.0 0.0 0.0 1.0 6.0 0.0 0.0 2.0 8.0 0.0 0.0 1.0 9.0 0.0 0.0 0.0 3.0 0.0 0.0 6.0 26.0 0.0 0.0 0.0 0.0 
25_1_017_154
0.0 0.0 11.0 3.0 0.0 68.0 48.0 0.0 0.0 0.0 0.0 0.0 82.0 57.0 2.0 0.0 0.0 0.0 0.0 0.0 10.0 33.0 19.0 0.0 0.0 0.0 0.0 0.0 0.0 4.0 39.0 1.0 0.0 0.0 0.0 6.0 9.0 59.0 72.0 0.0 0.0 0.0 0.0 52.0 97.0 53.0 0.0 0.0 0.0 0.0 0.0 23.0 56.0 75.0 2.0 0.0 0.0 0.0 0.0 0.0 6.0 14.0 27.0 0.0 0.0 0.0 5.0 6.0 16.0 19.0 1.0 0.0 0.0 0.0 1.0 46.0 41.0 14.0 0.0 0.0 0.0 0.0 8.0 102.0 7.0 3.0 0.0 0.0 0.0 0.0 0.0 0.0 0.0 11.0 38.0 0.0 0.0 0.0 16.0 13.0 7.0 14.0 3.0 0.0 0.0 0.0 54.0 68.0 1.0 0.0 0.0 0.0 0.0 0.0 14.0 26.0 1.0 5.0 9.0 0.0 0.0 0.0 0.0 0.0 0.0 1.0 28.0 4.0 
25_1_017_155
1.0 0.0 0.0 0.0 0.0 0.0 0.0 1.0 0.0 0.0 7.0 81.0 2.0 0.0 0.0 0.0 0.0 0.0 0.0 10.0 0.0 0.0 0.0 4.0 0.0 0.0 1.0 4.0 1.0 0.0 0.0 1.0 0.0 1.0 0.0 0.0 0.0 0.0 0.0 0.0 0.0 0.0 6.0 102.0 1.0 0.0 0.0 0.0 0.0 0.0 1.0 9.0 0.0 0.0 2.0 6.0 0.0 0.0 0.0 4.0 2.0 0.0 0.0 0.0 1.0 0.0 0.0 0.0 0.0 0.0 0.0 0.0 0.0 0.0 10.0 102.0 0.0 0.0 0.0 0.0 4.0 0.0 1.0 5.0 0.0 0.0 0.0 6.0 1.0 2.0 0.0 1.0 1.0 0.0 0.0 0.0 0.0 0.0 0.0 0.0 0.0 0.0 0.0 1.0 0.0 0.0 8.0 79.0 2.0 0.0 0.0 0.0 1.0 0.0 0.0 2.0 0.0 0.0 2.0 2.0 0.0 0.0 0.0 0.0 0.0 0.0 3.0 3.0 
25_1_017_156
0.0 26.0 46.0 2.0 1.0 2.0 -3.0 26.0 34.0 97.0 5.0 0.0 7.0 22.0 0.0 11.0 4.0 37.0 34.0 5.0 49.0 7.0 0.0 0.0 0.0 17.0 26.0 29.0 81.0 5.0 0.0 0.0 0.0 8.0 81.0 46.0 9.0 9.0 19.0 0.0 6.0 18.0 17.0 38.0 7.0 5.0 20.0 61.0 12.0 45.0 20.0 12.0 17.0 3.0 -2.0 46.0 0.0 15.0 60.0 37.0 19.0 0.0 0.0 0.0 0.0 8.0 23.0 19.0 11.0 11.0 10.0 2.0 20.0 32.0 2.0 15.0 10.0 43.0 28.0 18.0 1.0 25.0 102.0 32.0 0.0 23.0 25.0 11.0 12.0 0.0 22.0 38.0 10.0 16.0 2.0 9.0 10.0 4.0 8.0 10.0 4.0 2.0 -7.0 25.0 11.0 18.0 13.0 13.0 12.0 2.0 -14.0 34.0 0.0 3.0 20.0 42.0 27.0 1.0 0.0 0.0 19.0 17.0 5.0 25.0 4.0 0.0 -15.0 36.0 
25_1_017_157
7.0 10.0 1.0 0.0 0.0 3.0 22.0 15.0 19.0 13.0 15.0 19.0 19.0 0.0 0.0 14.0 76.0 37.0 9.0 3.0 8.0 1.0 1.0 8.0 51.0 4.0 0.0 1.0 4.0 9.0 3.0 16.0 8.0 29.0 7.0 0.0 0.0 10.0 24.0 8.0 7.0 16.0 11.0 50.0 31.0 6.0 13.0 26.0 17.0 33.0 9.0 10.0 29.0 33.0 14.0 23.0 6.0 0.0 9.0 15.0 1.0 3.0 40.0 88.0 24.0 40.0 23.0 1.0 0.0 0.0 0.0 0.0 102.0 20.0 0.0 35.0 22.0 19.0 0.0 24.0 20.0 13.0 12.0 0.0 5.0 36.0 29.0 43.0 21.0 9.0 40.0 3.0 2.0 0.0 12.0 34.0 10.0 10.0 0.0 0.0 1.0 22.0 30.0 5.0 39.0 26.0 14.0 22.0 1.0 2.0 5.0 10.0 55.0 39.0 8.0 0.0 0.0 0.0 0.0 15.0 21.0 49.0 61.0 3.0 0.0 0.0 0.0 11.0 
25_1_017_158
6.0 3.0 0.0 1.0 0.0 0.0 -14.0 53.0 8.0 0.0 0.0 0.0 0.0 0.0 2.0 24.0 0.0 0.0 0.0 5.0 16.0 12.0 0.0 2.0 2.0 4.0 0.0 0.0 0.0 16.0 12.0 -1.0 4.0 6.0 0.0 2.0 1.0 9.0 -21.0 67.0 0.0 0.0 0.0 0.0 0.0 0.0 -33.0 102.0 12.0 32.0 9.0 17.0 0.0 0.0 -4.0 8.0 14.0 13.0 7.0 4.0 2.0 16.0 2.0 -5.0 1.0 0.0 0.0 2.0 23.0 35.0 -1.0 4.0 13.0 5.0 0.0 0.0 0.0 2.0 4.0 54.0 -1.0 3.0 9.0 25.0 0.0 3.0 18.0 12.0 21.0 0.0 0.0 1.0 3.0 10.0 0.0 22.0 4.0 14.0 3.0 1.0 2.0 7.0 5.0 -2.0 1.0 2.0 2.0 2.0 2.0 10.0 17.0 11.0 -1.0 4.0 3.0 8.0 3.0 1.0 20.0 38.0 0.0 0.0 0.0 6.0 18.0 8.0 2.0 2.0 
25_1_017_159
0.0 0.0 7.0 6.0 4.0 1.0 0.0 2.0 4.0 0.0 2.0 26.0 20.0 0.0 -3.0 12.0 10.0 1.0 0.0 0.0 0.0 0.0 -8.0 33.0 0.0 0.0 0.0 11.0 14.0 6.0 -2.0 5.0 1.0 0.0 0.0 0.0 0.0 3.0 6.0 9.0 0.0 0.0 12.0 80.0 13.0 0.0 0.0 0.0 0.0 0.0 0.0 0.0 0.0 0.0 -32.0 102.0 0.0 1.0 5.0 15.0 1.0 0.0 -4.0 11.0 0.0 4.0 8.0 5.0 0.0 2.0 1.0 6.0 0.0 0.0 6.0 26.0 33.0 0.0 0.0 0.0 0.0 0.0 0.0 4.0 10.0 2.0 0.0 45.0 0.0 0.0 0.0 12.0 4.0 0.0 1.0 9.0 0.0 11.0 7.0 0.0 0.0 0.0 0.0 0.0 0.0 7.0 2.0 5.0 2.0 0.0 0.0 3.0 0.0 0.0 1.0 13.0 21.0 1.0 -6.0 14.0 2.0 0.0 5.0 5.0 0.0 0.0 -15.0 38.0 
