25_2_006_0
0.0 0.0 0.0 0.0 20.0 18.0 1.0 0.0 0.0 0.0 0.0 0.0 19.0 30.0 14.0 3.0 1.0 1.0 0.0 0.0 7.0 3.0 5.0 0.0 0.0 1.0 0.0 0.0 3.0 0.0 0.0 0.0 0.0 0.0 0.0 0.0 24.0 26.0 0.0 0.0 0.0 0.0 0.0 3.0 33.0 35.0 5.0 0.0 6.0 19.0 6.0 43.0 19.0 0.0 0.0 0.0 26.0 18.0 0.0 0.0 4.0 1.0 0.0 0.0 0.0 0.0 0.0 0.0 1.0 2.0 0.0 0.0 0.0 0.0 2.0 25.0 3.0 0.0 0.0 0.0 0.0 0.0 9.0 102.0 11.0 0.0 0.0 0.0 6.0 6.0 0.0 1.0 3.0 1.0 0.0 0.0 0.0 0.0 0.0 1.0 0.0 0.0 0.0 0.0 0.0 0.0 0.0 4.0 6.0 1.0 0.0 0.0 0.0 0.0 0.0 13.0 92.0 8.0 0.0 0.0 0.0 0.0 0.0 0.0 23.0 30.0 0.0 0.0 
25_2_006_1
0.0 0.0 4.0 11.0 0.0 0.0 0.0 0.0 0.0 0.0 0.0 1.0 0.0 0.0 0.0 0.0 0.0 1.0 73.0 19.0 0.0 0.0 0.0 0.0 1.0 35.0 25.0 0.0 0.0 0.0 0.0 0.0 1.0 0.0 0.0 0.0 0.0 0.0 0.0 0.0 0.0 0.0 6.0 11.0 0.0 0.0 0.0 0.0 0.0 0.0 35.0 99.0 0.0 0.0 0.0 0.0 0.0 1.0 6.0 3.0 0.0 0.0 0.0 1.0 1.0 1.0 6.0 0.0 0.0 0.0 0.0 0.0 0.0 37.0 102.0 12.0 0.0 0.0 0.0 0.0 0.0 17.0 65.0 12.0 0.0 0.0 0.0 0.0 0.0 5.0 4.0 0.0 0.0 0.0 12.0 16.0 0.0 3.0 8.0 6.0 0.0 0.0 0.0 0.0 0.0 36.0 71.0 5.0 0.0 0.0 0.0 0.0 0.0 5.0 7.0 0.0 0.0 0.0 0.0 1.0 8.0 0.0 0.0 0.0 0.0 0.0 3.0 26.0 
25_2_006_2
0.0 0.0 0.0 31.0 12.0 0.0 0.0 0.0 0.0 0.0 0.0 26.0 26.0 0.0 0.0 0.0 4.0 0.0 1.0 4.0 3.0 0.0 0.0 0.0 33.0 2.0 0.0 0.0 0.0 0.0 0.0 3.0 0.0 0.0 0.0 2.0 7.0 0.0 0.0 0.0 0.0 0.0 0.0 3.0 90.0 17.0 0.0 0.0 0.0 0.0 0.0 27.0 45.0 2.0 0.0 0.0 13.0 4.0 1.0 4.0 0.0 0.0 0.0 0.0 0.0 0.0 0.0 0.0 0.0 0.0 0.0 0.0 0.0 0.0 0.0 14.0 5.0 0.0 0.0 0.0 0.0 0.0 5.0 102.0 24.0 0.0 0.0 0.0 0.0 0.0 1.0 19.0 1.0 0.0 0.0 0.0 0.0 0.0 1.0 18.0 3.0 0.0 0.0 0.0 0.0 1.0 1.0 0.0 0.0 0.0 0.0 0.0 0.0 0.0 2.0 48.0 16.0 0.0 0.0 0.0 0.0 0.0 0.0 31.0 37.0 6.0 0.0 0.0 
25_2_006_3
0.0 0.0 1.0 0.0 0.0 0.0 0.0 0.0 0.0 0.0 16.0 3.0 0.0 0.0 0.0 0.0 0.0 28.0 102.0 2.0 0.0 0.0 0.0 0.0 4.0 91.0 6.0 0.0 0.0 0.0 0.0 0.0 0.0 0.0 0.0 0.0 0.0 0.0 0.0 0.0 0.0 0.0 45.0 79.0 0.0 0.0 0.0 0.0 0.0 0.0 59.0 36.0 0.0 0.0 0.0 0.0 1.0 5.0 5.0 1.0 0.0 0.0 1.0 3.0 0.0 7.0 16.0 0.0 0.0 0.0 0.0 0.0 0.0 19.0 80.0 87.0 0.0 0.0 0.0 0.0 0.0 2.0 31.0 25.0 0.0 0.0 0.0 0.0 1.0 3.0 1.0 0.0 0.0 0.0 16.0 22.0 0.0 12.0 85.0 10.0 0.0 0.0 0.0 0.0 0.0 34.0 61.0 1.0 0.0 0.0 0.0 0.0 1.0 9.0 12.0 0.0 0.0 0.0 0.0 3.0 1.0 0.0 0.0 0.0 0.0 0.0 22.0 37.0 
25_2_006_4
0.0 0.0 8.0 12.0 0.0 0.0 0.0 0.0 0.0 0.0 19.0 39.0 0.0 2.0 1.0 0.0 0.0 0.0 27.0 57.0 4.0 1.0 0.0 0.0 2.0 4.0 17.0 10.0 0.0 0.0 8.0 18.0 0.0 0.0 6.0 29.0 13.0 0.0 0.0 0.0 0.0 0.0 3.0 29.0 22.0 0.0 0.0 0.0 0.0 0.0 38.0 98.0 10.0 0.0 0.0 0.0 0.0 0.0 0.0 1.0 0.0 1.0 38.0 28.0 1.0 16.0 14.0 13.0 0.0 0.0 0.0 0.0 0.0 10.0 57.0 55.0 0.0 0.0 0.0 2.0 0.0 2.0 4.0 15.0 43.0 13.0 4.0 3.0 0.0 0.0 0.0 1.0 3.0 12.0 20.0 3.0 1.0 102.0 17.0 0.0 0.0 0.0 0.0 0.0 9.0 30.0 25.0 0.0 0.0 0.0 4.0 34.0 0.0 0.0 15.0 11.0 0.0 0.0 1.0 8.0 0.0 0.0 0.0 1.0 0.0 0.0 2.0 2.0 
25_2_006_5
0.0 0.0 0.0 0.0 0.0 0.0 0.0 0.0 0.0 0.0 0.0 1.0 0.0 0.0 0.0 0.0 0.0 4.0 52.0 9.0 0.0 0.0 0.0 0.0 0.0 24.0 51.0 0.0 0.0 0.0 0.0 0.0 0.0 0.0 1.0 0.0 0.0 0.0 0.0 0.0 0.0 0.0 2.0 7.0 0.0 0.0 0.0 0.0 0.0 0.0 41.0 87.0 0.0 0.0 0.0 0.0 0.0 0.0 11.0 5.0 0.0 0.0 0.0 0.0 0.0 0.0 0.0 0.0 0.0 0.0 0.0 0.0 0.0 0.0 0.0 14.0 1.0 0.0 0.0 0.0 0.0 0.0 3.0 102.0 15.0 0.0 0.0 0.0 0.0 0.0 0.0 6.0 5.0 0.0 0.0 0.0 0.0 0.0 0.0 0.0 0.0 0.0 0.0 0.0 0.0 0.0 0.0 1.0 1.0 0.0 0.0 0.0 0.0 0.0 0.0 51.0 50.0 0.0 0.0 0.0 0.0 0.0 1.0 7.0 11.0 0.0 0.0 0.0 
25_2_006_6
0.0 0.0 0.0 0.0 19.0 51.0 0.0 0.0 0.0 0.0 0.0 16.0 63.0 23.0 0.0 0.0 0.0 0.0 0.0 15.0 6.0 0.0 0.0 0.0 0.0 0.0 0.0 3.0 0.0 0.0 0.0 0.0 0.0 0.0 0.0 0.0 1.0 0.0 0.0 0.0 0.0 0.0 7.0 102.0 10.0 0.0 0.0 0.0 0.0 0.0 1.0 34.0 5.0 0.0 0.0 0.0 0.0 0.0 0.0 9.0 4.0 0.0 0.0 0.0 0.0 0.0 0.0 0.0 0.0 0.0 0.0 0.0 0.0 0.0 0.0 29.0 52.0 0.0 0.0 0.0 0.0 0.0 0.0 35.0 85.0 0.0 0.0 0.0 0.0 0.0 5.0 68.0 11.0 0.0 0.0 0.0 0.0 1.0 1.0 0.0 0.0 0.0 0.0 0.0 0.0 0.0 1.0 0.0 0.0 0.0 0.0 0.0 0.0 0.0 0.0 22.0 14.0 0.0 0.0 0.0 0.0 0.0 1.0 19.0 8.0 0.0 0.0 0.0 
25_2_006_7
0.0 8.0 57.0 0.0 0.0 0.0 0.0 0.0 0.0 24.0 98.0 23.0 0.0 0.0 0.0 0.0 0.0 2.0 53.0 14.0 0.0 0.0 0.0 0.0 0.0 0.0 15.0 26.0 0.0 0.0 0.0 0.0 0.0 5.0 31.0 2.0 0.0 1.0 0.0 0.0 0.0 0.0 14.0 102.0 3.0 0.0 0.0 0.0 0.0 0.0 10.0 8.0 1.0 14.0 24.0 0.0 0.0 3.0 8.0 0.0 0.0 17.0 31.0 0.0 0.0 0.0 3.0 5.0 4.0 1.0 0.0 0.0 0.0 1.0 18.0 36.0 40.0 1.0 0.0 0.0 0.0 3.0 14.0 9.0 1.0 20.0 15.0 0.0 0.0 7.0 16.0 0.0 0.0 7.0 10.0 0.0 0.0 22.0 55.0 8.0 1.0 0.0 0.0 0.0 8.0 46.0 48.0 0.0 0.0 0.0 0.0 0.0 14.0 22.0 6.0 0.0 0.0 3.0 2.0 0.0 0.0 2.0 8.0 1.0 0.0 15.0 23.0 0.0 
25_2_006_8
0.0 0.0 0.0 0.0 51.0 31.0 0.0 0.0 0.0 0.0 0.0 0.0 3.0 17.0 59.0 12.0 0.0 0.0 0.0 0.0 11.0 11.0 14.0 1.0 4.0 4.0 0.0 0.0 17.0 5.0 0.0 0.0 0.0 0.0 0.0 0.0 6.0 16.0 6.0 0.0 0.0 1.0 7.0 25.0 14.0 19.0 4.0 1.0 21.0 13.0 0.0 0.0 0.0 1.0 3.0 6.0 0.0 6.0 2.0 2.0 14.0 3.0 0.0 0.0 0.0 0.0 0.0 0.0 8.0 14.0 19.0 5.0 0.0 0.0 1.0 21.0 35.0 31.0 0.0 0.0 0.0 10.0 7.0 20.0 38.0 10.0 1.0 1.0 34.0 39.0 4.0 3.0 0.0 0.0 0.0 0.0 0.0 0.0 1.0 0.0 1.0 11.0 17.0 0.0 0.0 0.0 1.0 1.0 16.0 26.0 5.0 0.0 0.0 0.0 2.0 102.0 40.0 6.0 0.0 0.0 2.0 1.0 2.0 18.0 0.0 0.0 1.0 0.0 
25_2_006_9
1.0 0.0 0.0 3.0 56.0 17.0 0.0 0.0 10.0 0.0 0.0 0.0 7.0 0.0 -2.0 7.0 3.0 2.0 2.0 6.0 7.0 0.0 0.0 0.0 0.0 1.0 0.0 0.0 15.0 14.0 -26.0 85.0 100.0 3.0 0.0 5.0 15.0 1.0 -7.0 -16.0 6.0 0.0 6.0 59.0 76.0 10.0 0.0 6.0 47.0 21.0 4.0 1.0 0.0 0.0 0.0 -18.0 14.0 15.0 0.0 0.0 0.0 0.0 -25.0 53.0 15.0 16.0 10.0 16.0 35.0 7.0 -15.0 46.0 -25.0 102.0 14.0 14.0 3.0 8.0 10.0 29.0 5.0 0.0 0.0 0.0 98.0 50.0 -4.0 14.0 19.0 3.0 0.0 0.0 8.0 1.0 0.0 -7.0 27.0 0.0 3.0 33.0 11.0 0.0 0.0 -10.0 0.0 0.0 0.0 0.0 57.0 38.0 -2.0 36.0 35.0 0.0 0.0 0.0 16.0 3.0 -46.0 100.0 2.0 0.0 0.0 6.0 47.0 30.0 2.0 13.0 
25_2_006_10
0.0 0.0 0.0 2.0 0.0 0.0 7.0 18.0 0.0 0.0 9.0 63.0 1.0 0.0 1.0 0.0 0.0 0.0 1.0 20.0 0.0 0.0 9.0 8.0 0.0 0.0 1.0 1.0 0.0 3.0 3.0 1.0 0.0 0.0 0.0 1.0 0.0 0.0 5.0 24.0 0.0 0.0 15.0 86.0 1.0 0.0 0.0 0.0 5.0 4.0 1.0 10.0 7.0 4.0 1.0 1.0 0.0 3.0 1.0 0.0 0.0 1.0 0.0 14.0 0.0 0.0 0.0 0.0 0.0 0.0 10.0 24.0 0.0 0.0 12.0 102.0 1.0 0.0 0.0 0.0 0.0 0.0 1.0 1.0 2.0 4.0 9.0 4.0 0.0 0.0 0.0 0.0 2.0 2.0 6.0 4.0 0.0 0.0 0.0 0.0 1.0 0.0 3.0 17.0 0.0 0.0 10.0 73.0 2.0 0.0 0.0 0.0 0.0 0.0 1.0 0.0 0.0 6.0 2.0 4.0 0.0 0.0 0.0 0.0 0.0 9.0 18.0 1.0 
25_2_006_11
0.0 0.0 0.0 0.0 0.0 12.0 44.0 11.0 0.0 0.0 0.0 5.0 41.0 9.0 -1.0 7.0 8.0 1.0 0.0 0.0 0.0 0.0 -1.0 1.0 2.0 1.0 0.0 7.0 7.0 0.0 0.0 0.0 0.0 0.0 0.0 7.0 20.0 3.0 -22.0 102.0 -2.0 16.0 12.0 63.0 46.0 0.0 -21.0 48.0 12.0 0.0 1.0 2.0 0.0 0.0 -2.0 1.0 4.0 2.0 0.0 0.0 0.0 0.0 -1.0 1.0 9.0 22.0 11.0 42.0 21.0 7.0 0.0 -5.0 2.0 21.0 7.0 0.0 6.0 15.0 38.0 15.0 1.0 0.0 0.0 32.0 48.0 13.0 0.0 0.0 9.0 2.0 0.0 0.0 0.0 0.0 -1.0 0.0 2.0 0.0 0.0 8.0 23.0 8.0 0.0 0.0 30.0 0.0 2.0 20.0 13.0 5.0 -6.0 10.0 18.0 0.0 0.0 14.0 33.0 0.0 -10.0 16.0 0.0 0.0 0.0 10.0 15.0 0.0 -1.0 6.0 
25_2_006_12
0.0 6.0 5.0 3.0 0.0 0.0 1.0 4.0 9.0 26.0 69.0 2.0 0.0 0.0 24.0 7.0 0.0 0.0 11.0 12.0 18.0 41.0 41.0 0.0 0.0 0.0 4.0 19.0 13.0 2.0 4.0 1.0 1.0 10.0 30.0 30.0 12.0 6.0 7.0 2.0 10.0 8.0 3.0 2.0 19.0 16.0 -10.0 59.0 0.0 39.0 102.0 1.0 0.0 0.0 9.0 2.0 0.0 0.0 2.0 1.0 0.0 0.0 6.0 2.0 0.0 1.0 6.0 0.0 0.0 0.0 21.0 27.0 1.0 13.0 61.0 29.0 9.0 0.0 5.0 0.0 0.0 0.0 1.0 0.0 0.0 0.0 2.0 9.0 0.0 0.0 0.0 0.0 0.0 0.0 0.0 10.0 0.0 6.0 38.0 10.0 0.0 0.0 4.0 6.0 0.0 1.0 11.0 3.0 0.0 0.0 2.0 2.0 0.0 0.0 0.0 0.0 0.0 0.0 -1.0 11.0 0.0 1.0 22.0 0.0 0.0 0.0 0.0 3.0 
25_2_006_13
0.0 0.0 0.0 9.0 2.0 0.0 0.0 0.0 3.0 0.0 0.0 0.0 0.0 0.0 11.0 26.0 0.0 0.0 18.0 96.0 0.0 0.0 0.0 0.0 0.0 0.0 0.0 2.0 0.0 2.0 6.0 3.0 0.0 0.0 3.0 9.0 0.0 0.0 2.0 8.0 0.0 0.0 0.0 7.0 2.0 1.0 11.0 17.0 0.0 0.0 21.0 102.0 1.0 0.0 0.0 0.0 0.0 0.0 0.0 0.0 0.0 7.0 14.0 3.0 0.0 0.0 1.0 11.0 0.0 0.0 7.0 17.0 1.0 0.0 5.0 19.0 0.0 0.0 4.0 8.0 0.0 0.0 12.0 90.0 3.0 3.0 2.0 1.0 5.0 3.0 2.0 1.0 0.0 0.0 2.0 8.0 0.0 0.0 3.0 3.0 0.0 0.0 6.0 19.0 0.0 0.0 7.0 32.0 0.0 0.0 2.0 3.0 5.0 0.0 14.0 43.0 0.0 0.0 2.0 0.0 0.0 0.0 0.0 2.0 5.0 2.0 1.0 3.0 
25_2_006_14
0.0 0.0 1.0 8.0 2.0 2.0 1.0 0.0 1.0 1.0 0.0 6.0 3.0 1.0 0.0 2.0 0.0 4.0 9.0 9.0 0.0 0.0 0.0 0.0 20.0 0.0 2.0 7.0 1.0 0.0 0.0 7.0 1.0 0.0 0.0 17.0 5.0 1.0 0.0 1.0 2.0 0.0 1.0 3.0 3.0 0.0 0.0 5.0 0.0 0.0 4.0 20.0 10.0 0.0 0.0 0.0 0.0 0.0 1.0 4.0 8.0 1.0 0.0 0.0 0.0 0.0 0.0 6.0 102.0 49.0 0.0 0.0 0.0 1.0 1.0 16.0 27.0 0.0 0.0 1.0 0.0 0.0 6.0 34.0 0.0 0.0 0.0 0.0 2.0 3.0 4.0 2.0 0.0 0.0 0.0 0.0 0.0 0.0 3.0 57.0 23.0 0.0 0.0 0.0 0.0 0.0 6.0 78.0 13.0 0.0 0.0 0.0 0.0 0.0 7.0 17.0 3.0 0.0 0.0 0.0 0.0 0.0 2.0 3.0 0.0 0.0 0.0 0.0 
25_2_006_15
0.0 0.0 3.0 8.0 0.0 0.0 3.0 13.0 0.0 0.0 0.0 0.0 3.0 1.0 5.0 11.0 0.0 0.0 10.0 81.0 1.0 0.0 0.0 0.0 0.0 0.0 0.0 0.0 0.0 1.0 9.0 6.0 0.0 0.0 0.0 13.0 1.0 0.0 8.0 25.0 2.0 1.0 1.0 3.0 1.0 2.0 2.0 4.0 0.0 0.0 11.0 102.0 5.0 0.0 0.0 0.0 6.0 3.0 0.0 0.0 0.0 2.0 6.0 9.0 0.0 0.0 3.0 5.0 0.0 0.0 6.0 28.0 2.0 0.0 2.0 12.0 2.0 0.0 2.0 1.0 6.0 0.0 20.0 81.0 0.0 0.0 1.0 0.0 7.0 1.0 0.0 6.0 8.0 4.0 1.0 2.0 0.0 0.0 0.0 0.0 0.0 0.0 7.0 21.0 0.0 0.0 5.0 22.0 1.0 1.0 1.0 3.0 0.0 0.0 8.0 54.0 2.0 0.0 6.0 1.0 0.0 0.0 0.0 2.0 1.0 0.0 5.0 1.0 
25_2_006_16
1.0 0.0 4.0 23.0 1.0 0.0 1.0 0.0 4.0 3.0 17.0 59.0 0.0 1.0 -1.0 8.0 4.0 1.0 1.0 8.0 9.0 6.0 0.0 4.0 0.0 0.0 0.0 0.0 0.0 0.0 0.0 19.0 0.0 0.0 12.0 51.0 2.0 1.0 2.0 0.0 0.0 0.0 10.0 54.0 3.0 1.0 17.0 1.0 0.0 2.0 1.0 4.0 5.0 1.0 5.0 3.0 0.0 0.0 0.0 0.0 2.0 2.0 6.0 7.0 3.0 0.0 19.0 72.0 1.0 0.0 0.0 0.0 5.0 0.0 4.0 22.0 2.0 0.0 -3.0 14.0 1.0 0.0 6.0 2.0 0.0 3.0 3.0 0.0 0.0 0.0 0.0 0.0 0.0 1.0 23.0 3.0 0.0 0.0 7.0 58.0 2.0 0.0 0.0 0.0 0.0 0.0 0.0 4.0 7.0 25.0 22.0 0.0 0.0 0.0 0.0 0.0 0.0 80.0 52.0 0.0 0.0 0.0 0.0 0.0 6.0 102.0 19.0 0.0 
25_2_006_17
0.0 0.0 48.0 90.0 20.0 0.0 0.0 0.0 21.0 10.0 24.0 13.0 0.0 0.0 0.0 0.0 102.0 1.0 0.0 0.0 0.0 0.0 0.0 24.0 2.0 0.0 1.0 6.0 8.0 2.0 2.0 0.0 0.0 0.0 101.0 58.0 0.0 0.0 0.0 0.0 0.0 0.0 6.0 6.0 2.0 6.0 2.0 2.0 84.0 2.0 0.0 6.0 6.0 2.0 0.0 20.0 70.0 3.0 0.0 0.0 1.0 0.0 0.0 19.0 0.0 0.0 5.0 33.0 4.0 0.0 0.0 0.0 6.0 2.0 0.0 2.0 1.0 1.0 2.0 3.0 3.0 3.0 4.0 22.0 8.0 4.0 0.0 0.0 101.0 0.0 0.0 0.0 0.0 4.0 3.0 31.0 0.0 6.0 3.0 7.0 2.0 0.0 0.0 0.0 0.0 4.0 3.0 5.0 8.0 0.0 0.0 1.0 8.0 14.0 5.0 1.0 3.0 1.0 5.0 0.0 17.0 9.0 5.0 5.0 3.0 4.0 0.0 0.0 
25_2_006_18
0.0 0.0 0.0 0.0 59.0 59.0 1.0 0.0 1.0 4.0 0.0 0.0 12.0 39.0 48.0 9.0 8.0 6.0 0.0 0.0 1.0 1.0 5.0 2.0 0.0 0.0 0.0 2.0 14.0 16.0 5.0 0.0 0.0 0.0 0.0 2.0 1.0 8.0 10.0 4.0 0.0 0.0 19.0 102.0 14.0 0.0 0.0 0.0 43.0 18.0 4.0 0.0 0.0 0.0 6.0 28.0 12.0 53.0 9.0 3.0 1.0 0.0 1.0 1.0 0.0 0.0 4.0 4.0 32.0 38.0 11.0 0.0 0.0 0.0 0.0 19.0 63.0 44.0 3.0 0.0 0.0 1.0 5.0 27.0 74.0 30.0 6.0 0.0 18.0 34.0 22.0 24.0 6.0 0.0 0.0 0.0 0.0 0.0 0.0 1.0 21.0 15.0 15.0 4.0 0.0 0.0 0.0 3.0 37.0 50.0 24.0 0.0 0.0 0.0 0.0 83.0 91.0 35.0 0.0 0.0 0.0 0.0 7.0 92.0 8.0 0.0 0.0 0.0 
25_2_006_19
2.0 0.0 0.0 37.0 7.0 0.0 -13.0 56.0 10.0 1.0 8.0 22.0 3.0 0.0 -16.0 64.0 1.0 1.0 6.0 40.0 3.0 0.0 -1.0 2.0 4.0 0.0 0.0 0.0 0.0 0.0 -1.0 1.0 19.0 8.0 18.0 15.0 9.0 11.0 3.0 -5.0 37.0 4.0 9.0 0.0 0.0 15.0 30.0 -10.0 0.0 0.0 8.0 5.0 38.0 10.0 0.0 2.0 1.0 0.0 0.0 0.0 0.0 0.0 -2.0 6.0 0.0 0.0 7.0 32.0 22.0 9.0 1.0 0.0 3.0 0.0 0.0 0.0 0.0 0.0 -24.0 102.0 0.0 1.0 11.0 64.0 7.0 0.0 0.0 0.0 2.0 0.0 1.0 1.0 0.0 0.0 -1.0 3.0 0.0 0.0 0.0 25.0 19.0 0.0 0.0 0.0 0.0 1.0 0.0 0.0 0.0 0.0 -21.0 73.0 0.0 0.0 0.0 20.0 23.0 0.0 -5.0 15.0 0.0 0.0 0.0 8.0 4.0 0.0 0.0 4.0 
25_2_006_20
0.0 0.0 0.0 0.0 0.0 0.0 0.0 0.0 0.0 0.0 0.0 11.0 2.0 0.0 0.0 0.0 0.0 0.0 0.0 82.0 9.0 0.0 0.0 0.0 1.0 0.0 0.0 0.0 0.0 0.0 5.0 6.0 0.0 0.0 0.0 1.0 0.0 0.0 0.0 0.0 0.0 0.0 2.0 10.0 0.0 0.0 0.0 0.0 0.0 0.0 12.0 102.0 0.0 0.0 0.0 1.0 0.0 0.0 0.0 0.0 0.0 0.0 3.0 3.0 0.0 0.0 0.0 1.0 1.0 0.0 0.0 0.0 0.0 0.0 1.0 13.0 5.0 0.0 0.0 0.0 0.0 0.0 2.0 51.0 41.0 12.0 5.0 2.0 0.0 0.0 0.0 0.0 6.0 14.0 7.0 0.0 0.0 0.0 0.0 1.0 0.0 0.0 0.0 0.0 0.0 0.0 0.0 0.0 0.0 0.0 0.0 1.0 0.0 0.0 0.0 0.0 16.0 30.0 0.0 0.0 0.0 0.0 1.0 37.0 16.0 9.0 0.0 0.0 
25_2_006_21
0.0 0.0 4.0 5.0 0.0 0.0 0.0 0.0 0.0 0.0 36.0 70.0 2.0 0.0 4.0 6.0 0.0 0.0 0.0 2.0 3.0 1.0 9.0 7.0 0.0 0.0 1.0 9.0 3.0 1.0 0.0 0.0 0.0 0.0 0.0 4.0 3.0 0.0 0.0 1.0 0.0 0.0 0.0 31.0 69.0 55.0 7.0 2.0 1.0 0.0 1.0 17.0 25.0 20.0 3.0 1.0 0.0 0.0 0.0 2.0 11.0 7.0 3.0 0.0 2.0 3.0 0.0 0.0 0.0 0.0 1.0 2.0 0.0 1.0 3.0 10.0 5.0 4.0 0.0 0.0 5.0 2.0 20.0 102.0 1.0 0.0 0.0 1.0 0.0 34.0 15.0 1.0 0.0 0.0 0.0 0.0 2.0 5.0 0.0 0.0 2.0 11.0 0.0 0.0 1.0 11.0 10.0 7.0 8.0 7.0 0.0 0.0 0.0 0.0 8.0 53.0 33.0 10.0 0.0 0.0 0.0 9.0 20.0 34.0 12.0 4.0 0.0 0.0 
25_2_006_22
0.0 0.0 1.0 4.0 0.0 0.0 1.0 1.0 1.0 0.0 3.0 2.0 0.0 0.0 -1.0 6.0 0.0 0.0 35.0 64.0 0.0 0.0 0.0 0.0 0.0 0.0 0.0 0.0 0.0 0.0 0.0 3.0 0.0 0.0 6.0 6.0 0.0 0.0 0.0 3.0 2.0 0.0 0.0 2.0 4.0 0.0 5.0 4.0 0.0 0.0 3.0 102.0 15.0 0.0 2.0 0.0 0.0 0.0 0.0 0.0 0.0 35.0 7.0 0.0 2.0 1.0 3.0 1.0 0.0 0.0 2.0 2.0 0.0 0.0 3.0 32.0 4.0 7.0 35.0 5.0 0.0 0.0 6.0 74.0 13.0 2.0 2.0 0.0 0.0 0.0 4.0 5.0 1.0 16.0 29.0 31.0 1.0 0.0 0.0 0.0 0.0 0.0 30.0 21.0 0.0 0.0 22.0 51.0 2.0 1.0 12.0 3.0 0.0 0.0 9.0 29.0 4.0 1.0 3.0 6.0 0.0 0.0 14.0 17.0 0.0 0.0 12.0 28.0 
25_2_006_23
6.0 2.0 0.0 5.0 13.0 4.0 0.0 2.0 3.0 15.0 24.0 15.0 9.0 0.0 0.0 0.0 2.0 5.0 22.0 20.0 12.0 0.0 0.0 0.0 102.0 2.0 4.0 3.0 0.0 0.0 0.0 40.0 5.0 0.0 0.0 6.0 6.0 0.0 1.0 22.0 0.0 0.0 18.0 47.0 32.0 3.0 0.0 0.0 0.0 5.0 3.0 16.0 22.0 3.0 3.0 5.0 11.0 0.0 0.0 5.0 17.0 3.0 0.0 7.0 4.0 4.0 3.0 10.0 18.0 2.0 1.0 9.0 0.0 0.0 27.0 83.0 0.0 0.0 0.0 0.0 18.0 14.0 4.0 6.0 0.0 0.0 0.0 5.0 0.0 2.0 14.0 10.0 2.0 0.0 0.0 0.0 0.0 0.0 1.0 61.0 17.0 0.0 0.0 0.0 0.0 0.0 8.0 46.0 9.0 0.0 0.0 0.0 0.0 0.0 1.0 11.0 10.0 0.0 0.0 0.0 0.0 0.0 1.0 3.0 1.0 0.0 0.0 0.0 
25_2_006_24
2.0 0.0 1.0 49.0 3.0 0.0 4.0 57.0 0.0 0.0 0.0 19.0 1.0 1.0 12.0 59.0 1.0 0.0 0.0 64.0 5.0 0.0 3.0 10.0 2.0 0.0 0.0 0.0 0.0 0.0 13.0 70.0 15.0 1.0 3.0 25.0 8.0 8.0 20.0 39.0 1.0 0.0 0.0 12.0 14.0 6.0 17.0 67.0 7.0 0.0 14.0 98.0 3.0 0.0 0.0 6.0 35.0 1.0 0.0 0.0 0.0 0.0 0.0 75.0 0.0 0.0 5.0 42.0 24.0 36.0 14.0 1.0 2.0 33.0 50.0 17.0 10.0 6.0 5.0 3.0 0.0 39.0 56.0 31.0 0.0 0.0 0.0 0.0 42.0 6.0 0.0 0.0 0.0 0.0 0.0 61.0 0.0 0.0 12.0 49.0 9.0 0.0 3.0 1.0 0.0 0.0 14.0 102.0 6.0 0.0 0.0 0.0 0.0 4.0 3.0 3.0 1.0 0.0 0.0 0.0 8.0 0.0 0.0 0.0 0.0 0.0 4.0 84.0 
25_2_006_25
0.0 0.0 0.0 0.0 0.0 0.0 0.0 0.0 0.0 0.0 0.0 0.0 0.0 0.0 0.0 0.0 0.0 10.0 42.0 2.0 0.0 0.0 0.0 0.0 0.0 45.0 86.0 9.0 0.0 0.0 0.0 0.0 0.0 0.0 0.0 0.0 0.0 0.0 0.0 0.0 0.0 0.0 5.0 19.0 0.0 0.0 0.0 0.0 0.0 19.0 102.0 95.0 0.0 0.0 0.0 0.0 2.0 2.0 33.0 6.0 0.0 0.0 0.0 2.0 0.0 0.0 0.0 0.0 0.0 0.0 0.0 0.0 0.0 0.0 27.0 63.0 0.0 0.0 0.0 0.0 0.0 0.0 60.0 92.0 0.0 0.0 0.0 0.0 1.0 2.0 6.0 16.0 0.0 0.0 0.0 0.0 0.0 0.0 0.0 0.0 0.0 0.0 0.0 0.0 0.0 0.0 4.0 81.0 4.0 0.0 0.0 0.0 0.0 0.0 4.0 85.0 5.0 0.0 0.0 0.0 0.0 0.0 1.0 16.0 3.0 0.0 0.0 0.0 
25_2_006_26
0.0 0.0 0.0 0.0 0.0 0.0 0.0 0.0 0.0 0.0 8.0 3.0 0.0 0.0 0.0 0.0 0.0 0.0 64.0 61.0 0.0 0.0 0.0 0.0 2.0 1.0 4.0 6.0 0.0 0.0 0.0 0.0 0.0 0.0 0.0 0.0 0.0 0.0 0.0 0.0 0.0 0.0 6.0 32.0 14.0 0.0 0.0 0.0 0.0 0.0 14.0 75.0 35.0 0.0 0.0 0.0 0.0 2.0 2.0 9.0 2.0 0.0 0.0 0.0 0.0 0.0 0.0 0.0 0.0 0.0 0.0 0.0 0.0 0.0 0.0 15.0 2.0 0.0 0.0 0.0 0.0 0.0 2.0 102.0 40.0 0.0 0.0 0.0 0.0 0.0 0.0 10.0 11.0 0.0 0.0 0.0 0.0 0.0 0.0 0.0 0.0 0.0 0.0 0.0 0.0 0.0 0.0 1.0 0.0 0.0 0.0 0.0 0.0 0.0 0.0 42.0 59.0 0.0 0.0 0.0 0.0 0.0 0.0 18.0 14.0 0.0 0.0 0.0 
25_2_006_27
0.0 0.0 0.0 0.0 5.0 7.0 0.0 0.0 0.0 4.0 0.0 0.0 0.0 0.0 0.0 0.0 3.0 1.0 0.0 0.0 0.0 0.0 0.0 -1.0 0.0 3.0 0.0 0.0 0.0 0.0 0.0 0.0 52.0 1.0 0.0 0.0 18.0 24.0 0.0 -18.0 8.0 -2.0 7.0 17.0 37.0 15.0 0.0 -2.0 2.0 0.0 0.0 0.0 1.0 15.0 13.0 0.0 0.0 0.0 0.0 0.0 12.0 4.0 0.0 0.0 102.0 0.0 0.0 0.0 0.0 0.0 0.0 -35.0 10.0 34.0 11.0 2.0 0.0 0.0 0.0 -8.0 25.0 1.0 0.0 0.0 0.0 4.0 11.0 20.0 13.0 0.0 2.0 3.0 24.0 6.0 -2.0 1.0 0.0 -1.0 5.0 2.0 26.0 16.0 0.0 0.0 0.0 -1.0 8.0 14.0 2.0 4.0 12.0 9.0 26.0 4.0 0.0 0.0 2.0 2.0 -1.0 4.0 31.0 15.0 0.0 0.0 0.0 0.0 -1.0 -10.0 
25_2_006_28
0.0 0.0 0.0 0.0 40.0 60.0 0.0 0.0 0.0 0.0 0.0 0.0 34.0 102.0 3.0 0.0 0.0 0.0 0.0 0.0 25.0 63.0 1.0 0.0 0.0 0.0 0.0 0.0 7.0 22.0 1.0 0.0 0.0 0.0 0.0 0.0 12.0 22.0 11.0 2.0 0.0 0.0 2.0 37.0 39.0 38.0 48.0 6.0 0.0 0.0 0.0 0.0 28.0 72.0 13.0 1.0 0.0 0.0 0.0 0.0 39.0 99.0 3.0 0.0 5.0 0.0 0.0 1.0 2.0 0.0 8.0 31.0 8.0 7.0 14.0 54.0 10.0 0.0 4.0 12.0 0.0 0.0 0.0 1.0 5.0 10.0 9.0 3.0 5.0 0.0 0.0 0.0 1.0 6.0 6.0 10.0 6.0 4.0 0.0 0.0 0.0 1.0 0.0 0.0 9.0 6.0 1.0 0.0 0.0 0.0 1.0 1.0 4.0 4.0 0.0 0.0 0.0 5.0 1.0 0.0 2.0 0.0 0.0 0.0 0.0 6.0 6.0 4.0 
25_2_006_29
0.0 1.0 18.0 40.0 0.0 0.0 0.0 3.0 7.0 0.0 12.0 28.0 0.0 0.0 6.0 56.0 0.0 0.0 6.0 32.0 2.0 9.0 27.0 8.0 0.0 0.0 0.0 0.0 0.0 0.0 34.0 79.0 0.0 0.0 10.0 65.0 0.0 1.0 3.0 7.0 0.0 0.0 16.0 56.0 0.0 0.0 22.0 48.0 0.0 0.0 0.0 14.0 2.0 11.0 53.0 17.0 0.0 0.0 6.0 4.0 0.0 0.0 33.0 102.0 0.0 0.0 5.0 45.0 2.0 1.0 17.0 26.0 0.0 0.0 28.0 73.0 0.0 0.0 14.0 26.0 13.0 0.0 0.0 0.0 0.0 0.0 12.0 79.0 0.0 1.0 39.0 17.0 0.0 0.0 10.0 58.0 1.0 13.0 9.0 9.0 16.0 4.0 10.0 11.0 0.0 12.0 33.0 43.0 0.0 0.0 0.0 0.0 14.0 3.0 0.0 0.0 0.0 0.0 3.0 90.0 3.0 5.0 25.0 6.0 0.0 0.0 0.0 7.0 
25_2_006_30
3.0 0.0 0.0 0.0 10.0 21.0 2.0 -1.0 12.0 2.0 0.0 0.0 6.0 1.0 -1.0 -1.0 33.0 0.0 1.0 0.0 0.0 0.0 0.0 -14.0 -3.0 8.0 3.0 1.0 0.0 0.0 0.0 0.0 11.0 9.0 6.0 10.0 14.0 11.0 5.0 0.0 0.0 0.0 0.0 3.0 33.0 40.0 20.0 2.0 13.0 0.0 2.0 29.0 45.0 12.0 0.0 -6.0 32.0 3.0 0.0 0.0 0.0 0.0 0.0 -9.0 63.0 46.0 0.0 0.0 0.0 0.0 0.0 -22.0 69.0 18.0 0.0 0.0 0.0 0.0 -21.0 49.0 -16.0 34.0 35.0 56.0 6.0 3.0 9.0 12.0 0.0 0.0 0.0 0.0 22.0 49.0 16.0 1.0 20.0 0.0 1.0 5.0 11.0 10.0 7.0 -4.0 19.0 26.0 29.0 28.0 0.0 3.0 -9.0 28.0 4.0 14.0 9.0 0.0 1.0 0.0 -21.0 66.0 102.0 0.0 0.0 0.0 0.0 0.0 -5.0 -17.0 
25_2_006_31
0.0 90.0 46.0 0.0 0.0 0.0 0.0 0.0 0.0 102.0 48.0 2.0 0.0 0.0 0.0 0.0 5.0 47.0 24.0 8.0 18.0 6.0 13.0 15.0 0.0 14.0 8.0 0.0 8.0 11.0 6.0 0.0 3.0 1.0 3.0 0.0 8.0 21.0 6.0 4.0 0.0 1.0 2.0 2.0 20.0 32.0 6.0 2.0 4.0 13.0 33.0 21.0 4.0 1.0 9.0 14.0 19.0 6.0 2.0 1.0 0.0 7.0 12.0 22.0 6.0 8.0 4.0 1.0 1.0 1.0 1.0 2.0 10.0 3.0 4.0 6.0 2.0 7.0 2.0 3.0 0.0 0.0 13.0 20.0 4.0 11.0 8.0 0.0 4.0 1.0 0.0 0.0 0.0 21.0 16.0 3.0 0.0 0.0 0.0 0.0 12.0 25.0 0.0 0.0 0.0 2.0 2.0 0.0 5.0 19.0 2.0 0.0 1.0 2.0 4.0 1.0 0.0 19.0 10.0 0.0 1.0 2.0 5.0 1.0 0.0 2.0 2.0 8.0 
25_2_006_32
0.0 0.0 0.0 31.0 8.0 5.0 9.0 21.0 0.0 0.0 0.0 0.0 0.0 2.0 17.0 62.0 0.0 0.0 0.0 52.0 14.0 3.0 0.0 0.0 0.0 0.0 0.0 0.0 0.0 0.0 0.0 3.0 0.0 0.0 2.0 51.0 0.0 0.0 0.0 39.0 0.0 0.0 0.0 0.0 0.0 0.0 4.0 102.0 0.0 0.0 5.0 84.0 0.0 0.0 0.0 0.0 0.0 0.0 0.0 0.0 0.0 0.0 -1.0 3.0 23.0 14.0 20.0 8.0 2.0 0.0 -4.0 4.0 23.0 4.0 0.0 0.0 0.0 0.0 -22.0 56.0 0.0 12.0 35.0 13.0 2.0 0.0 0.0 0.0 0.0 0.0 0.0 0.0 0.0 0.0 -2.0 8.0 1.0 0.0 2.0 4.0 17.0 14.0 5.0 5.0 0.0 0.0 0.0 0.0 0.0 12.0 18.0 24.0 0.0 0.0 5.0 11.0 33.0 7.0 0.0 0.0 1.0 0.0 0.0 0.0 0.0 0.0 0.0 3.0 
25_2_006_33
0.0 0.0 0.0 1.0 1.0 0.0 0.0 0.0 34.0 10.0 0.0 0.0 0.0 0.0 5.0 11.0 0.0 11.0 23.0 19.0 5.0 0.0 0.0 0.0 19.0 15.0 7.0 1.0 1.0 0.0 0.0 5.0 0.0 0.0 0.0 2.0 3.0 0.0 0.0 0.0 2.0 0.0 0.0 0.0 0.0 10.0 36.0 16.0 0.0 0.0 0.0 18.0 32.0 13.0 0.0 0.0 0.0 0.0 0.0 7.0 13.0 21.0 23.0 16.0 0.0 0.0 0.0 1.0 1.0 0.0 0.0 0.0 3.0 0.0 0.0 0.0 0.0 0.0 1.0 82.0 0.0 0.0 2.0 102.0 5.0 0.0 0.0 0.0 3.0 0.0 3.0 34.0 4.0 0.0 0.0 51.0 0.0 0.0 0.0 2.0 1.0 0.0 0.0 0.0 17.0 0.0 0.0 0.0 0.0 0.0 0.0 50.0 0.0 8.0 19.0 39.0 6.0 0.0 0.0 0.0 12.0 7.0 15.0 25.0 2.0 0.0 0.0 19.0 
25_2_006_34
0.0 2.0 13.0 16.0 0.0 0.0 60.0 21.0 0.0 0.0 0.0 0.0 2.0 3.0 42.0 12.0 9.0 7.0 19.0 13.0 4.0 0.0 1.0 15.0 0.0 0.0 78.0 85.0 1.0 0.0 0.0 0.0 0.0 0.0 0.0 1.0 0.0 0.0 67.0 38.0 3.0 0.0 0.0 0.0 8.0 24.0 1.0 37.0 0.0 0.0 34.0 102.0 32.0 9.0 0.0 0.0 0.0 0.0 32.0 40.0 25.0 32.0 4.0 0.0 0.0 0.0 0.0 0.0 0.0 1.0 15.0 9.0 0.0 16.0 33.0 3.0 0.0 0.0 -16.0 42.0 20.0 32.0 78.0 28.0 11.0 0.0 0.0 0.0 0.0 0.0 0.0 8.0 19.0 44.0 56.0 4.0 97.0 3.0 0.0 0.0 0.0 0.0 0.0 -12.0 0.0 4.0 21.0 25.0 8.0 20.0 2.0 0.0 10.0 3.0 10.0 4.0 19.0 94.0 9.0 0.0 1.0 1.0 0.0 0.0 0.0 16.0 37.0 85.0 
25_2_006_35
3.0 0.0 0.0 0.0 0.0 0.0 0.0 19.0 -1.0 9.0 3.0 32.0 28.0 3.0 0.0 0.0 0.0 0.0 0.0 28.0 34.0 11.0 12.0 2.0 0.0 0.0 0.0 0.0 0.0 0.0 34.0 60.0 2.0 0.0 0.0 0.0 0.0 0.0 -4.0 46.0 1.0 0.0 0.0 0.0 10.0 17.0 20.0 0.0 0.0 0.0 3.0 16.0 68.0 28.0 1.0 0.0 40.0 3.0 2.0 0.0 0.0 5.0 19.0 16.0 1.0 0.0 0.0 0.0 1.0 0.0 -29.0 102.0 50.0 0.0 0.0 0.0 0.0 0.0 -2.0 -11.0 0.0 4.0 15.0 67.0 13.0 0.0 0.0 0.0 1.0 8.0 6.0 0.0 1.0 10.0 43.0 12.0 0.0 0.0 0.0 4.0 4.0 0.0 -16.0 62.0 3.0 0.0 0.0 0.0 0.0 0.0 -1.0 7.0 0.0 2.0 2.0 7.0 16.0 0.0 0.0 0.0 5.0 0.0 0.0 0.0 0.0 2.0 24.0 27.0 
25_2_006_36
0.0 0.0 0.0 7.0 18.0 22.0 8.0 0.0 0.0 0.0 0.0 0.0 0.0 12.0 33.0 0.0 0.0 0.0 0.0 2.0 18.0 23.0 1.0 0.0 0.0 0.0 0.0 0.0 0.0 0.0 1.0 5.0 0.0 0.0 5.0 57.0 1.0 2.0 10.0 37.0 0.0 0.0 0.0 0.0 0.0 1.0 30.0 98.0 0.0 0.0 7.0 90.0 14.0 0.0 0.0 0.0 0.0 0.0 0.0 0.0 0.0 0.0 1.0 4.0 0.0 1.0 16.0 40.0 0.0 0.0 -3.0 67.0 4.0 0.0 0.0 0.0 0.0 0.0 10.0 102.0 0.0 0.0 22.0 86.0 0.0 0.0 0.0 1.0 0.0 0.0 0.0 0.0 0.0 0.0 0.0 3.0 15.0 13.0 10.0 0.0 5.0 7.0 0.0 6.0 31.0 9.0 1.0 0.0 2.0 7.0 -12.0 22.0 0.0 5.0 29.0 4.0 3.0 0.0 0.0 2.0 0.0 0.0 0.0 0.0 0.0 0.0 -1.0 5.0 
25_2_006_37
0.0 0.0 0.0 3.0 2.0 0.0 0.0 0.0 4.0 2.0 0.0 0.0 0.0 10.0 26.0 6.0 0.0 4.0 3.0 8.0 23.0 11.0 0.0 0.0 3.0 4.0 0.0 0.0 8.0 18.0 18.0 2.0 0.0 0.0 0.0 1.0 1.0 0.0 0.0 0.0 0.0 0.0 0.0 0.0 0.0 0.0 12.0 85.0 0.0 0.0 5.0 102.0 6.0 0.0 0.0 0.0 0.0 0.0 2.0 35.0 4.0 1.0 5.0 52.0 0.0 0.0 0.0 2.0 1.0 0.0 0.0 0.0 15.0 1.0 0.0 0.0 0.0 0.0 0.0 79.0 0.0 0.0 23.0 85.0 3.0 0.0 0.0 0.0 7.0 4.0 10.0 31.0 0.0 0.0 0.0 48.0 0.0 0.0 1.0 4.0 0.0 0.0 0.0 0.0 16.0 14.0 0.0 0.0 0.0 0.0 0.0 2.0 0.0 12.0 26.0 0.0 0.0 0.0 0.0 0.0 9.0 19.0 10.0 0.0 0.0 0.0 0.0 1.0 
25_2_006_38
0.0 11.0 40.0 14.0 0.0 0.0 0.0 0.0 1.0 0.0 18.0 20.0 1.0 0.0 27.0 37.0 2.0 7.0 61.0 38.0 0.0 0.0 0.0 11.0 3.0 2.0 7.0 44.0 3.0 0.0 0.0 53.0 6.0 6.0 14.0 4.0 3.0 1.0 4.0 18.0 5.0 32.0 28.0 45.0 15.0 0.0 3.0 4.0 21.0 42.0 33.0 22.0 2.0 0.0 0.0 1.0 11.0 5.0 36.0 45.0 0.0 0.0 0.0 73.0 0.0 0.0 3.0 8.0 2.0 0.0 36.0 24.0 0.0 6.0 43.0 102.0 13.0 0.0 0.0 0.0 10.0 23.0 43.0 16.0 4.0 1.0 0.0 4.0 10.0 10.0 24.0 17.0 1.0 0.0 0.0 78.0 4.0 14.0 61.0 3.0 0.0 0.0 1.0 3.0 2.0 11.0 83.0 26.0 0.0 0.0 1.0 12.0 3.0 1.0 6.0 31.0 20.0 1.0 5.0 7.0 2.0 0.0 0.0 14.0 9.0 0.0 2.0 66.0 
25_2_006_39
0.0 0.0 0.0 0.0 9.0 1.0 0.0 0.0 0.0 0.0 0.0 38.0 102.0 0.0 0.0 0.0 0.0 0.0 0.0 2.0 58.0 5.0 0.0 0.0 0.0 0.0 0.0 3.0 15.0 0.0 0.0 0.0 0.0 0.0 0.0 0.0 3.0 3.0 0.0 0.0 0.0 0.0 14.0 91.0 5.0 0.0 0.0 0.0 0.0 0.0 1.0 24.0 18.0 28.0 7.0 3.0 0.0 0.0 0.0 0.0 56.0 35.0 0.0 0.0 0.0 0.0 0.0 0.0 2.0 0.0 0.0 0.0 0.0 0.0 0.0 64.0 45.0 0.0 0.0 0.0 4.0 0.0 1.0 15.0 18.0 0.0 0.0 14.0 0.0 0.0 0.0 1.0 6.0 4.0 0.0 1.0 0.0 0.0 0.0 0.0 0.0 1.0 0.0 0.0 0.0 0.0 0.0 16.0 16.0 0.0 0.0 0.0 1.0 0.0 0.0 43.0 28.0 0.0 0.0 6.0 1.0 0.0 0.0 1.0 1.0 0.0 0.0 2.0 
25_2_006_40
0.0 0.0 0.0 0.0 0.0 0.0 0.0 0.0 0.0 0.0 27.0 73.0 6.0 0.0 0.0 0.0 0.0 2.0 13.0 18.0 4.0 0.0 0.0 0.0 0.0 0.0 0.0 3.0 10.0 0.0 0.0 0.0 0.0 0.0 0.0 0.0 0.0 0.0 0.0 0.0 0.0 0.0 8.0 102.0 15.0 0.0 0.0 0.0 0.0 0.0 0.0 38.0 14.0 0.0 0.0 0.0 0.0 2.0 4.0 3.0 3.0 0.0 0.0 0.0 0.0 0.0 0.0 0.0 0.0 0.0 0.0 0.0 0.0 0.0 0.0 21.0 58.0 2.0 0.0 0.0 0.0 0.0 0.0 29.0 93.0 3.0 0.0 0.0 0.0 0.0 0.0 1.0 16.0 2.0 0.0 0.0 0.0 0.0 0.0 0.0 0.0 0.0 0.0 0.0 0.0 0.0 0.0 1.0 1.0 0.0 0.0 0.0 0.0 0.0 0.0 12.0 75.0 6.0 0.0 0.0 0.0 0.0 0.0 0.0 57.0 13.0 0.0 0.0 
25_2_006_41
0.0 0.0 0.0 0.0 0.0 0.0 0.0 0.0 0.0 0.0 0.0 0.0 0.0 0.0 0.0 0.0 0.0 12.0 35.0 2.0 0.0 0.0 0.0 0.0 0.0 33.0 53.0 0.0 0.0 0.0 0.0 0.0 0.0 0.0 0.0 0.0 0.0 0.0 0.0 0.0 0.0 6.0 45.0 11.0 0.0 0.0 0.0 0.0 0.0 12.0 102.0 16.0 0.0 0.0 0.0 0.0 1.0 8.0 11.0 3.0 0.0 0.0 0.0 0.0 0.0 0.0 0.0 0.0 0.0 0.0 0.0 0.0 0.0 0.0 25.0 92.0 1.0 0.0 0.0 0.0 0.0 0.0 12.0 28.0 0.0 0.0 0.0 0.0 2.0 3.0 3.0 2.0 0.0 0.0 0.0 0.0 0.0 0.0 0.0 3.0 0.0 0.0 0.0 0.0 0.0 0.0 12.0 85.0 3.0 0.0 0.0 0.0 0.0 0.0 2.0 15.0 1.0 0.0 0.0 0.0 3.0 1.0 0.0 5.0 1.0 0.0 0.0 0.0 
25_2_006_42
0.0 0.0 0.0 0.0 1.0 3.0 1.0 1.0 1.0 0.0 0.0 0.0 0.0 0.0 2.0 0.0 1.0 0.0 0.0 0.0 0.0 1.0 0.0 2.0 0.0 0.0 0.0 0.0 0.0 0.0 -2.0 10.0 0.0 0.0 2.0 29.0 23.0 34.0 20.0 6.0 0.0 0.0 0.0 0.0 0.0 29.0 58.0 10.0 0.0 0.0 0.0 15.0 41.0 23.0 0.0 0.0 0.0 0.0 0.0 0.0 0.0 0.0 3.0 6.0 0.0 0.0 10.0 37.0 0.0 0.0 16.0 71.0 0.0 0.0 0.0 0.0 0.0 0.0 27.0 98.0 0.0 0.0 21.0 102.0 4.0 0.0 0.0 0.0 0.0 0.0 0.0 0.0 0.0 0.0 1.0 5.0 8.0 8.0 8.0 6.0 0.0 0.0 3.0 56.0 13.0 0.0 13.0 12.0 0.0 0.0 8.0 62.0 0.0 0.0 22.0 50.0 0.0 0.0 -1.0 3.0 0.0 0.0 0.0 0.0 0.0 0.0 0.0 3.0 
25_2_006_43
0.0 0.0 0.0 0.0 0.0 0.0 7.0 14.0 0.0 0.0 1.0 8.0 2.0 1.0 9.0 6.0 0.0 0.0 9.0 69.0 0.0 0.0 0.0 0.0 0.0 0.0 1.0 4.0 0.0 0.0 0.0 4.0 0.0 0.0 0.0 0.0 0.0 0.0 8.0 25.0 11.0 0.0 1.0 7.0 6.0 0.0 0.0 6.0 0.0 0.0 8.0 102.0 2.0 0.0 0.0 0.0 0.0 0.0 0.0 1.0 1.0 3.0 3.0 2.0 0.0 0.0 0.0 0.0 0.0 0.0 8.0 16.0 0.0 3.0 3.0 4.0 1.0 0.0 -4.0 11.0 0.0 0.0 19.0 85.0 0.0 0.0 0.0 0.0 0.0 0.0 0.0 0.0 0.0 1.0 9.0 6.0 0.0 0.0 0.0 0.0 0.0 0.0 4.0 13.0 0.0 0.0 0.0 16.0 4.0 3.0 0.0 1.0 0.0 0.0 7.0 57.0 0.0 0.0 0.0 0.0 0.0 0.0 0.0 0.0 0.0 0.0 4.0 8.0 
25_2_006_44
0.0 0.0 1.0 64.0 4.0 0.0 4.0 16.0 0.0 0.0 0.0 73.0 1.0 0.0 11.0 44.0 0.0 0.0 0.0 12.0 1.0 2.0 28.0 36.0 1.0 0.0 4.0 1.0 0.0 0.0 10.0 101.0 0.0 0.0 2.0 58.0 13.0 0.0 7.0 23.0 0.0 0.0 13.0 102.0 0.0 0.0 11.0 53.0 41.0 5.0 0.0 0.0 0.0 0.0 0.0 50.0 18.0 3.0 20.0 7.0 0.0 0.0 0.0 99.0 0.0 2.0 11.0 22.0 53.0 8.0 9.0 3.0 2.0 30.0 44.0 69.0 2.0 0.0 4.0 20.0 36.0 4.0 16.0 9.0 0.0 0.0 0.0 59.0 20.0 5.0 11.0 5.0 0.0 0.0 0.0 76.0 0.0 1.0 36.0 90.0 9.0 0.0 0.0 0.0 0.0 39.0 35.0 12.0 0.0 0.0 0.0 0.0 24.0 12.0 4.0 0.0 0.0 0.0 0.0 35.0 25.0 0.0 0.0 0.0 0.0 0.0 2.0 63.0 
25_2_006_45
0.0 0.0 0.0 0.0 1.0 3.0 7.0 7.0 0.0 0.0 13.0 79.0 7.0 0.0 0.0 0.0 1.0 0.0 3.0 59.0 7.0 4.0 2.0 0.0 0.0 0.0 0.0 0.0 0.0 4.0 5.0 6.0 14.0 0.0 0.0 0.0 0.0 4.0 -1.0 3.0 0.0 2.0 25.0 102.0 2.0 0.0 0.0 0.0 0.0 0.0 0.0 24.0 16.0 28.0 11.0 0.0 0.0 0.0 0.0 0.0 0.0 60.0 60.0 0.0 4.0 0.0 0.0 0.0 0.0 20.0 -3.0 20.0 0.0 0.0 4.0 55.0 56.0 1.0 0.0 0.0 0.0 0.0 0.0 0.0 21.0 25.0 49.0 6.0 0.0 0.0 0.0 0.0 0.0 5.0 93.0 77.0 9.0 6.0 2.0 1.0 0.0 0.0 -1.0 2.0 0.0 11.0 42.0 23.0 0.0 1.0 0.0 0.0 24.0 6.0 0.0 0.0 0.0 2.0 -3.0 51.0 15.0 1.0 0.0 0.0 0.0 0.0 5.0 68.0 
25_2_006_46
0.0 0.0 0.0 1.0 1.0 0.0 0.0 0.0 0.0 2.0 7.0 0.0 1.0 0.0 0.0 0.0 3.0 13.0 1.0 0.0 0.0 0.0 0.0 0.0 5.0 21.0 4.0 0.0 0.0 0.0 0.0 0.0 0.0 15.0 12.0 0.0 0.0 4.0 1.0 0.0 0.0 7.0 21.0 1.0 1.0 29.0 8.0 0.0 4.0 26.0 21.0 25.0 9.0 2.0 0.0 0.0 0.0 26.0 21.0 0.0 0.0 0.0 0.0 1.0 0.0 0.0 0.0 0.0 0.0 25.0 14.0 1.0 0.0 0.0 0.0 12.0 3.0 12.0 6.0 0.0 0.0 0.0 11.0 102.0 0.0 0.0 0.0 0.0 2.0 0.0 0.0 0.0 0.0 0.0 1.0 2.0 0.0 5.0 7.0 5.0 4.0 10.0 2.0 0.0 0.0 0.0 6.0 15.0 2.0 0.0 0.0 0.0 0.0 0.0 7.0 68.0 4.0 3.0 1.0 0.0 0.0 8.0 9.0 0.0 0.0 2.0 7.0 0.0 
25_2_006_47
33.0 0.0 0.0 0.0 4.0 2.0 1.0 -3.0 4.0 3.0 3.0 0.0 3.0 1.0 -1.0 20.0 -1.0 5.0 5.0 3.0 3.0 3.0 -1.0 17.0 0.0 0.0 0.0 5.0 1.0 0.0 0.0 12.0 0.0 0.0 0.0 21.0 42.0 0.0 1.0 12.0 0.0 0.0 0.0 0.0 0.0 4.0 -3.0 49.0 1.0 1.0 1.0 21.0 11.0 2.0 -2.0 10.0 0.0 1.0 4.0 2.0 1.0 0.0 -3.0 21.0 0.0 0.0 0.0 40.0 102.0 0.0 0.0 0.0 15.0 15.0 0.0 2.0 3.0 0.0 -4.0 12.0 5.0 7.0 5.0 3.0 1.0 1.0 2.0 6.0 1.0 0.0 0.0 0.0 0.0 8.0 17.0 7.0 0.0 2.0 2.0 30.0 49.0 0.0 0.0 0.0 0.0 0.0 0.0 19.0 63.0 3.0 3.0 1.0 0.0 0.0 0.0 0.0 0.0 4.0 10.0 10.0 0.0 0.0 0.0 0.0 0.0 3.0 50.0 22.0 
25_2_006_48
4.0 0.0 0.0 0.0 0.0 0.0 0.0 2.0 0.0 0.0 25.0 72.0 0.0 0.0 0.0 0.0 0.0 0.0 4.0 12.0 0.0 0.0 0.0 1.0 0.0 0.0 0.0 0.0 0.0 0.0 0.0 3.0 0.0 0.0 0.0 0.0 0.0 0.0 5.0 8.0 0.0 0.0 2.0 102.0 20.0 3.0 0.0 0.0 0.0 0.0 0.0 6.0 5.0 20.0 8.0 1.0 0.0 0.0 0.0 0.0 1.0 48.0 7.0 1.0 0.0 0.0 0.0 2.0 5.0 2.0 36.0 8.0 0.0 0.0 16.0 100.0 11.0 0.0 0.0 0.0 0.0 0.0 3.0 4.0 2.0 11.0 4.0 38.0 0.0 0.0 10.0 10.0 2.0 19.0 26.0 27.0 0.0 0.0 6.0 33.0 1.0 1.0 24.0 9.0 0.0 0.0 10.0 47.0 14.0 0.0 0.0 0.0 0.0 0.0 2.0 17.0 4.0 1.0 22.0 33.0 0.0 0.0 16.0 38.0 0.0 1.0 7.0 17.0 
25_2_006_49
0.0 0.0 38.0 6.0 0.0 0.0 0.0 0.0 0.0 31.0 102.0 8.0 0.0 0.0 0.0 0.0 0.0 4.0 28.0 11.0 0.0 0.0 0.0 0.0 5.0 1.0 1.0 2.0 0.0 0.0 2.0 1.0 0.0 0.0 45.0 100.0 0.0 0.0 0.0 0.0 0.0 1.0 30.0 19.0 1.0 0.0 0.0 0.0 0.0 0.0 4.0 1.0 0.0 3.0 7.0 5.0 1.0 2.0 5.0 1.0 3.0 3.0 1.0 1.0 0.0 0.0 51.0 87.0 4.0 0.0 0.0 0.0 0.0 1.0 8.0 5.0 4.0 0.0 1.0 0.0 0.0 9.0 6.0 0.0 0.0 3.0 8.0 1.0 0.0 9.0 5.0 1.0 0.0 0.0 0.0 0.0 0.0 0.0 50.0 44.0 1.0 0.0 0.0 0.0 0.0 7.0 18.0 1.0 0.0 0.0 0.0 0.0 1.0 13.0 3.0 0.0 0.0 0.0 0.0 0.0 2.0 2.0 1.0 0.0 0.0 0.0 0.0 1.0 
25_2_006_50
0.0 0.0 3.0 26.0 1.0 0.0 0.0 0.0 0.0 0.0 16.0 102.0 0.0 0.0 4.0 17.0 3.0 1.0 4.0 8.0 3.0 0.0 4.0 6.0 0.0 1.0 3.0 3.0 2.0 1.0 1.0 1.0 0.0 0.0 10.0 60.0 1.0 0.0 0.0 0.0 0.0 0.0 18.0 99.0 0.0 0.0 11.0 22.0 3.0 1.0 3.0 7.0 13.0 7.0 11.0 8.0 0.0 0.0 0.0 1.0 7.0 8.0 0.0 0.0 0.0 0.0 16.0 96.0 0.0 0.0 0.0 0.0 1.0 0.0 9.0 56.0 0.0 1.0 13.0 20.0 3.0 4.0 6.0 5.0 2.0 2.0 6.0 4.0 2.0 5.0 3.0 1.0 6.0 26.0 3.0 0.0 0.0 0.0 19.0 95.0 0.0 0.0 0.0 0.0 0.0 0.0 4.0 16.0 1.0 0.0 3.0 19.0 4.0 0.0 1.0 2.0 1.0 4.0 13.0 12.0 9.0 31.0 3.0 0.0 0.0 16.0 14.0 13.0 
25_2_006_51
2.0 0.0 0.0 0.0 0.0 14.0 5.0 20.0 0.0 0.0 0.0 0.0 0.0 3.0 34.0 19.0 2.0 1.0 16.0 8.0 3.0 1.0 0.0 5.0 0.0 0.0 0.0 0.0 0.0 0.0 24.0 67.0 0.0 0.0 0.0 0.0 1.0 8.0 14.0 34.0 0.0 0.0 18.0 10.0 0.0 0.0 12.0 20.0 1.0 0.0 13.0 9.0 0.0 0.0 8.0 11.0 0.0 0.0 0.0 0.0 0.0 0.0 -7.0 102.0 5.0 0.0 7.0 11.0 6.0 13.0 2.0 1.0 0.0 1.0 0.0 16.0 7.0 0.0 -13.0 42.0 0.0 0.0 0.0 0.0 0.0 6.0 40.0 9.0 5.0 2.0 1.0 1.0 1.0 3.0 21.0 15.0 0.0 0.0 15.0 7.0 0.0 0.0 14.0 4.0 0.0 0.0 0.0 0.0 5.0 10.0 18.0 6.0 0.0 0.0 0.0 0.0 0.0 0.0 40.0 14.0 1.0 2.0 14.0 16.0 0.0 0.0 0.0 0.0 
25_2_006_52
0.0 1.0 20.0 28.0 5.0 2.0 0.0 2.0 0.0 0.0 87.0 58.0 0.0 0.0 -1.0 3.0 0.0 0.0 0.0 1.0 0.0 3.0 21.0 9.0 0.0 0.0 0.0 0.0 1.0 12.0 18.0 2.0 0.0 5.0 102.0 41.0 0.0 0.0 0.0 0.0 1.0 6.0 9.0 32.0 15.0 34.0 4.0 21.0 10.0 1.0 2.0 9.0 24.0 10.0 -9.0 47.0 10.0 24.0 17.0 4.0 0.0 0.0 2.0 6.0 0.0 0.0 75.0 63.0 1.0 0.0 0.0 0.0 9.0 9.0 0.0 0.0 0.0 1.0 -27.0 99.0 4.0 1.0 18.0 41.0 20.0 2.0 2.0 0.0 4.0 2.0 0.0 0.0 0.0 1.0 10.0 14.0 0.0 0.0 12.0 9.0 0.0 5.0 15.0 0.0 1.0 0.0 0.0 1.0 0.0 13.0 23.0 4.0 3.0 3.0 4.0 7.0 18.0 1.0 2.0 4.0 0.0 0.0 0.0 3.0 6.0 2.0 5.0 9.0 
25_2_006_53
0.0 1.0 8.0 9.0 1.0 0.0 0.0 0.0 11.0 0.0 0.0 0.0 0.0 0.0 2.0 14.0 0.0 6.0 6.0 2.0 3.0 3.0 1.0 0.0 2.0 15.0 5.0 0.0 0.0 0.0 0.0 2.0 0.0 3.0 4.0 1.0 12.0 16.0 3.0 0.0 6.0 1.0 2.0 1.0 6.0 1.0 22.0 23.0 0.0 2.0 9.0 31.0 10.0 7.0 0.0 0.0 2.0 5.0 0.0 0.0 0.0 2.0 23.0 4.0 0.0 8.0 15.0 5.0 1.0 0.0 3.0 0.0 15.0 11.0 7.0 12.0 4.0 0.0 0.0 7.0 12.0 15.0 4.0 11.0 9.0 12.0 11.0 12.0 0.0 0.0 0.0 0.0 0.0 9.0 93.0 7.0 0.0 3.0 14.0 1.0 0.0 0.0 0.0 0.0 0.0 5.0 2.0 1.0 0.0 0.0 28.0 1.0 0.0 0.0 0.0 0.0 0.0 2.0 102.0 10.0 0.0 0.0 0.0 5.0 1.0 5.0 16.0 4.0 
25_2_006_54
3.0 3.0 0.0 9.0 15.0 0.0 0.0 0.0 69.0 38.0 2.0 0.0 0.0 0.0 0.0 0.0 102.0 27.0 0.0 0.0 0.0 0.0 0.0 5.0 21.0 20.0 4.0 1.0 0.0 2.0 1.0 0.0 0.0 1.0 1.0 11.0 18.0 2.0 3.0 0.0 0.0 0.0 0.0 2.0 3.0 41.0 27.0 8.0 9.0 28.0 12.0 30.0 9.0 5.0 7.0 8.0 100.0 43.0 0.0 0.0 0.0 0.0 0.0 1.0 4.0 10.0 17.0 2.0 2.0 0.0 1.0 3.0 23.0 35.0 15.0 3.0 2.0 0.0 3.0 0.0 1.0 10.0 15.0 15.0 5.0 18.0 13.0 2.0 0.0 2.0 0.0 4.0 16.0 3.0 0.0 0.0 0.0 1.0 3.0 1.0 7.0 7.0 2.0 0.0 0.0 0.0 0.0 1.0 13.0 7.0 5.0 9.0 13.0 3.0 0.0 0.0 7.0 6.0 9.0 15.0 0.0 0.0 1.0 9.0 17.0 2.0 0.0 0.0 
25_2_006_55
0.0 0.0 5.0 61.0 36.0 3.0 0.0 0.0 22.0 13.0 11.0 6.0 14.0 11.0 2.0 5.0 0.0 9.0 68.0 23.0 0.0 0.0 0.0 0.0 91.0 2.0 5.0 3.0 0.0 0.0 0.0 102.0 0.0 0.0 49.0 68.0 25.0 0.0 0.0 0.0 6.0 15.0 42.0 24.0 4.0 3.0 11.0 14.0 0.0 0.0 0.0 28.0 63.0 18.0 0.0 0.0 20.0 0.0 0.0 10.0 20.0 0.0 0.0 30.0 0.0 0.0 59.0 97.0 0.0 0.0 0.0 0.0 40.0 3.0 2.0 15.0 1.0 0.0 0.0 44.0 1.0 10.0 21.0 53.0 4.0 0.0 0.0 0.0 1.0 2.0 10.0 6.0 14.0 3.0 3.0 4.0 0.0 0.0 24.0 69.0 6.0 0.0 0.0 0.0 8.0 7.0 4.0 10.0 6.0 1.0 0.0 0.0 4.0 19.0 18.0 4.0 1.0 0.0 0.0 0.0 3.0 2.0 10.0 1.0 0.0 0.0 0.0 9.0 
25_2_006_56
3.0 0.0 14.0 21.0 0.0 0.0 3.0 4.0 3.0 0.0 24.0 33.0 2.0 0.0 0.0 12.0 2.0 0.0 9.0 10.0 7.0 1.0 7.0 9.0 3.0 1.0 0.0 32.0 9.0 1.0 0.0 0.0 0.0 0.0 8.0 5.0 2.0 1.0 18.0 13.0 0.0 0.0 20.0 88.0 1.0 1.0 1.0 0.0 15.0 0.0 4.0 21.0 3.0 0.0 2.0 38.0 0.0 6.0 11.0 32.0 1.0 2.0 0.0 0.0 1.0 4.0 3.0 1.0 1.0 2.0 14.0 7.0 0.0 0.0 14.0 102.0 1.0 0.0 0.0 0.0 4.0 3.0 6.0 9.0 9.0 0.0 28.0 49.0 0.0 0.0 3.0 41.0 42.0 3.0 0.0 0.0 0.0 10.0 20.0 14.0 0.0 0.0 0.0 0.0 0.0 6.0 39.0 19.0 0.0 0.0 2.0 9.0 3.0 0.0 2.0 4.0 8.0 2.0 9.0 36.0 0.0 0.0 3.0 12.0 17.0 3.0 0.0 0.0 
25_2_006_57
1.0 1.0 3.0 42.0 25.0 1.0 0.0 4.0 25.0 32.0 6.0 21.0 4.0 0.0 0.0 4.0 56.0 72.0 10.0 12.0 1.0 0.0 0.0 2.0 15.0 0.0 4.0 18.0 80.0 49.0 16.0 26.0 22.0 5.0 2.0 25.0 13.0 4.0 3.0 11.0 0.0 0.0 7.0 62.0 57.0 17.0 0.0 0.0 14.0 3.0 4.0 19.0 7.0 71.0 69.0 4.0 47.0 43.0 69.0 12.0 34.0 19.0 0.0 15.0 0.0 0.0 2.0 5.0 17.0 25.0 4.0 6.0 0.0 0.0 29.0 77.0 12.0 6.0 0.0 0.0 17.0 0.0 10.0 10.0 11.0 6.0 48.0 95.0 0.0 0.0 17.0 102.0 21.0 0.0 0.0 0.0 2.0 17.0 24.0 14.0 0.0 0.0 0.0 0.0 0.0 0.0 18.0 47.0 7.0 0.0 6.0 23.0 1.0 6.0 29.0 22.0 0.0 0.0 19.0 37.0 0.0 3.0 16.0 30.0 10.0 0.0 2.0 0.0 
25_2_006_58
8.0 0.0 0.0 6.0 20.0 3.0 12.0 7.0 14.0 0.0 0.0 1.0 8.0 0.0 -26.0 76.0 11.0 9.0 2.0 1.0 0.0 2.0 -4.0 20.0 -17.0 45.0 8.0 5.0 7.0 4.0 4.0 5.0 3.0 0.0 0.0 1.0 6.0 2.0 -4.0 58.0 7.0 0.0 1.0 31.0 59.0 4.0 -5.0 21.0 34.0 6.0 3.0 1.0 0.0 0.0 -40.0 81.0 32.0 11.0 1.0 0.0 4.0 15.0 0.0 0.0 39.0 0.0 0.0 0.0 0.0 0.0 -45.0 102.0 17.0 51.0 48.0 56.0 11.0 0.0 0.0 -15.0 32.0 18.0 0.0 0.0 0.0 0.0 -15.0 36.0 37.0 8.0 0.0 0.0 0.0 6.0 -3.0 20.0 23.0 14.0 0.0 1.0 12.0 2.0 -1.0 8.0 13.0 0.0 1.0 15.0 30.0 56.0 28.0 42.0 5.0 0.0 0.0 7.0 8.0 32.0 41.0 15.0 -1.0 5.0 3.0 11.0 7.0 19.0 10.0 3.0 
25_2_006_59
0.0 17.0 42.0 24.0 7.0 0.0 0.0 0.0 5.0 15.0 8.0 3.0 3.0 2.0 1.0 26.0 0.0 0.0 0.0 21.0 33.0 40.0 14.0 22.0 102.0 0.0 5.0 36.0 13.0 0.0 0.0 33.0 0.0 0.0 4.0 72.0 19.0 1.0 4.0 3.0 6.0 9.0 10.0 36.0 10.0 7.0 13.0 35.0 59.0 44.0 16.0 17.0 0.0 0.0 1.0 22.0 6.0 3.0 20.0 102.0 5.0 0.0 0.0 2.0 0.0 0.0 18.0 55.0 16.0 0.0 0.0 0.0 14.0 1.0 9.0 36.0 23.0 6.0 2.0 28.0 8.0 4.0 6.0 2.0 15.0 17.0 54.0 30.0 0.0 0.0 3.0 64.0 45.0 54.0 20.0 0.0 12.0 3.0 3.0 33.0 32.0 6.0 1.0 6.0 6.0 24.0 13.0 16.0 35.0 6.0 0.0 0.0 19.0 81.0 21.0 4.0 2.0 0.0 0.0 0.0 75.0 56.0 9.0 3.0 3.0 0.0 4.0 28.0 
25_2_006_60
0.0 0.0 102.0 50.0 4.0 8.0 6.0 0.0 18.0 0.0 0.0 0.0 0.0 30.0 46.0 62.0 0.0 3.0 5.0 24.0 92.0 6.0 18.0 2.0 0.0 0.0 0.0 1.0 9.0 3.0 15.0 37.0 0.0 0.0 0.0 3.0 1.0 25.0 98.0 4.0 9.0 8.0 8.0 32.0 23.0 29.0 10.0 6.0 23.0 37.0 22.0 21.0 4.0 3.0 8.0 10.0 0.0 0.0 0.0 13.0 28.0 6.0 25.0 24.0 1.0 17.0 22.0 0.0 0.0 0.0 -13.0 80.0 0.0 19.0 49.0 27.0 3.0 11.0 16.0 11.0 1.0 10.0 26.0 3.0 0.0 20.0 45.0 2.0 3.0 0.0 9.0 9.0 0.0 2.0 64.0 13.0 3.0 0.0 0.0 0.0 10.0 12.0 12.0 6.0 12.0 6.0 3.0 5.0 19.0 8.0 19.0 0.0 0.0 3.0 2.0 0.0 1.0 28.0 59.0 2.0 0.0 0.0 0.0 2.0 4.0 26.0 39.0 1.0 
25_2_006_61
7.0 0.0 0.0 2.0 11.0 2.0 4.0 15.0 0.0 0.0 0.0 1.0 2.0 3.0 2.0 5.0 0.0 0.0 9.0 83.0 0.0 0.0 0.0 8.0 1.0 0.0 0.0 0.0 0.0 0.0 1.0 36.0 5.0 6.0 2.0 0.0 7.0 7.0 6.0 12.0 5.0 6.0 2.0 0.0 0.0 0.0 0.0 7.0 5.0 0.0 7.0 102.0 0.0 0.0 0.0 14.0 14.0 0.0 0.0 0.0 0.0 0.0 0.0 29.0 17.0 8.0 1.0 0.0 3.0 4.0 0.0 11.0 0.0 5.0 13.0 10.0 7.0 1.0 0.0 2.0 0.0 0.0 14.0 78.0 0.0 1.0 9.0 6.0 2.0 0.0 0.0 0.0 0.0 0.0 15.0 27.0 3.0 2.0 0.0 0.0 0.0 0.0 1.0 6.0 3.0 1.0 5.0 6.0 1.0 0.0 3.0 4.0 0.0 0.0 5.0 62.0 0.0 0.0 1.0 21.0 1.0 1.0 0.0 0.0 0.0 0.0 0.0 7.0 
25_2_006_62
0.0 0.0 0.0 0.0 3.0 25.0 38.0 21.0 4.0 6.0 4.0 2.0 30.0 34.0 22.0 11.0 0.0 22.0 9.0 12.0 9.0 0.0 0.0 0.0 2.0 1.0 1.0 0.0 0.0 0.0 5.0 17.0 0.0 0.0 0.0 0.0 0.0 0.0 45.0 95.0 1.0 6.0 37.0 48.0 20.0 6.0 11.0 23.0 0.0 0.0 17.0 37.0 3.0 0.0 7.0 4.0 2.0 0.0 0.0 0.0 0.0 0.0 5.0 14.0 0.0 0.0 0.0 0.0 0.0 0.0 48.0 87.0 0.0 3.0 80.0 102.0 10.0 0.0 5.0 5.0 0.0 0.0 0.0 4.0 0.0 0.0 9.0 5.0 0.0 0.0 0.0 0.0 0.0 0.0 -3.0 13.0 0.0 0.0 0.0 2.0 7.0 5.0 36.0 50.0 0.0 1.0 55.0 75.0 3.0 0.0 1.0 0.0 0.0 0.0 0.0 0.0 0.0 0.0 2.0 5.0 0.0 0.0 0.0 0.0 0.0 0.0 -2.0 7.0 
25_2_006_63
0.0 0.0 1.0 21.0 7.0 0.0 3.0 40.0 3.0 1.0 12.0 83.0 0.0 0.0 -1.0 35.0 4.0 0.0 5.0 3.0 0.0 0.0 -4.0 70.0 0.0 0.0 1.0 63.0 18.0 1.0 2.0 37.0 0.0 0.0 12.0 20.0 0.0 0.0 0.0 62.0 0.0 0.0 24.0 97.0 0.0 0.0 -3.0 39.0 0.0 4.0 2.0 0.0 1.0 0.0 -5.0 93.0 0.0 1.0 13.0 102.0 2.0 0.0 -3.0 49.0 4.0 2.0 1.0 0.0 0.0 0.0 0.0 84.0 0.0 0.0 0.0 89.0 39.0 6.0 11.0 28.0 0.0 0.0 0.0 0.0 3.0 8.0 25.0 63.0 0.0 0.0 3.0 99.0 2.0 0.0 3.0 30.0 1.0 0.0 6.0 9.0 0.0 0.0 0.0 50.0 0.0 0.0 16.0 78.0 0.0 0.0 -2.0 30.0 0.0 3.0 0.0 0.0 0.0 1.0 0.0 79.0 0.0 0.0 9.0 79.0 2.0 0.0 -3.0 32.0 
25_2_006_64
0.0 0.0 0.0 0.0 0.0 0.0 14.0 12.0 0.0 0.0 4.0 12.0 3.0 0.0 0.0 0.0 0.0 0.0 25.0 56.0 18.0 1.0 9.0 36.0 0.0 0.0 0.0 0.0 0.0 0.0 42.0 73.0 0.0 0.0 1.0 5.0 0.0 0.0 7.0 9.0 0.0 0.0 1.0 8.0 2.0 1.0 3.0 2.0 0.0 0.0 5.0 82.0 2.0 3.0 22.0 55.0 2.0 0.0 0.0 0.0 0.0 1.0 10.0 71.0 0.0 0.0 0.0 1.0 1.0 1.0 3.0 4.0 0.0 0.0 3.0 16.0 5.0 2.0 0.0 1.0 0.0 0.0 14.0 62.0 0.0 0.0 28.0 102.0 0.0 0.0 0.0 6.0 6.0 5.0 19.0 17.0 0.0 0.0 0.0 0.0 0.0 3.0 0.0 7.0 0.0 0.0 41.0 32.0 2.0 0.0 0.0 0.0 3.0 0.0 11.0 13.0 0.0 0.0 30.0 93.0 2.0 0.0 4.0 2.0 0.0 5.0 12.0 10.0 
25_2_006_65
0.0 0.0 0.0 0.0 0.0 0.0 0.0 0.0 0.0 0.0 0.0 0.0 0.0 0.0 0.0 0.0 0.0 21.0 24.0 0.0 0.0 0.0 0.0 0.0 0.0 13.0 94.0 14.0 0.0 0.0 0.0 0.0 0.0 0.0 0.0 0.0 0.0 0.0 0.0 0.0 0.0 0.0 3.0 19.0 0.0 0.0 0.0 0.0 0.0 18.0 85.0 93.0 0.0 0.0 0.0 0.0 0.0 19.0 38.0 5.0 0.0 0.0 0.0 0.0 0.0 0.0 0.0 0.0 0.0 0.0 0.0 0.0 0.0 0.0 62.0 31.0 0.0 0.0 0.0 0.0 0.0 0.0 76.0 72.0 0.0 0.0 0.0 0.0 0.0 0.0 8.0 13.0 0.0 0.0 0.0 0.0 0.0 0.0 0.0 0.0 0.0 0.0 0.0 0.0 0.0 0.0 18.0 102.0 1.0 0.0 0.0 0.0 0.0 0.0 9.0 37.0 1.0 0.0 0.0 0.0 0.0 0.0 3.0 13.0 2.0 0.0 0.0 0.0 
25_2_006_66
0.0 0.0 0.0 0.0 0.0 0.0 0.0 0.0 0.0 0.0 31.0 51.0 0.0 0.0 0.0 0.0 0.0 1.0 35.0 21.0 0.0 0.0 0.0 0.0 0.0 0.0 3.0 6.0 0.0 0.0 0.0 0.0 0.0 0.0 0.0 0.0 0.0 0.0 0.0 0.0 0.0 0.0 12.0 102.0 5.0 0.0 0.0 0.0 0.0 0.0 7.0 43.0 1.0 0.0 0.0 0.0 1.0 4.0 0.0 0.0 4.0 0.0 0.0 1.0 0.0 0.0 0.0 0.0 0.0 0.0 0.0 0.0 0.0 0.0 0.0 70.0 39.0 0.0 0.0 0.0 0.0 0.0 1.0 49.0 25.0 0.0 0.0 0.0 4.0 2.0 3.0 1.0 0.0 0.0 0.0 2.0 0.0 0.0 0.0 0.0 0.0 0.0 0.0 0.0 0.0 0.0 12.0 57.0 3.0 0.0 0.0 0.0 0.0 0.0 14.0 50.0 3.0 0.0 0.0 0.0 0.0 0.0 0.0 2.0 1.0 0.0 1.0 4.0 
25_2_006_67
12.0 4.0 3.0 1.0 2.0 5.0 1.0 3.0 1.0 0.0 6.0 13.0 2.0 0.0 0.0 1.0 0.0 0.0 4.0 82.0 0.0 0.0 1.0 7.0 0.0 0.0 0.0 1.0 0.0 0.0 3.0 41.0 2.0 2.0 1.0 0.0 4.0 6.0 1.0 0.0 1.0 0.0 3.0 4.0 6.0 1.0 1.0 3.0 0.0 0.0 5.0 102.0 3.0 0.0 0.0 16.0 0.0 0.0 0.0 0.0 0.0 0.0 1.0 48.0 8.0 5.0 3.0 6.0 7.0 5.0 2.0 5.0 2.0 0.0 6.0 17.0 4.0 0.0 0.0 6.0 2.0 0.0 9.0 100.0 2.0 0.0 1.0 16.0 11.0 0.0 0.0 0.0 0.0 0.0 0.0 36.0 2.0 5.0 1.0 0.0 5.0 3.0 2.0 0.0 0.0 0.0 4.0 7.0 1.0 0.0 1.0 2.0 0.0 0.0 9.0 70.0 3.0 0.0 1.0 2.0 6.0 0.0 0.0 0.0 0.0 0.0 14.0 25.0 
25_2_006_68
1.0 0.0 0.0 0.0 0.0 0.0 1.0 60.0 0.0 0.0 0.0 0.0 0.0 0.0 0.0 89.0 0.0 0.0 2.0 75.0 3.0 0.0 0.0 0.0 0.0 0.0 0.0 0.0 0.0 0.0 0.0 2.0 3.0 0.0 0.0 0.0 0.0 0.0 2.0 78.0 0.0 0.0 0.0 0.0 0.0 0.0 0.0 102.0 0.0 0.0 11.0 90.0 4.0 0.0 0.0 0.0 1.0 0.0 0.0 0.0 0.0 0.0 -1.0 4.0 44.0 9.0 4.0 0.0 0.0 0.0 -8.0 11.0 47.0 5.0 4.0 0.0 0.0 0.0 -14.0 22.0 0.0 19.0 34.0 12.0 0.0 0.0 0.0 0.0 0.0 0.0 0.0 0.0 0.0 0.0 -3.0 11.0 0.0 0.0 0.0 0.0 2.0 18.0 19.0 6.0 0.0 0.0 0.0 0.0 0.0 21.0 23.0 7.0 0.0 0.0 0.0 1.0 44.0 12.0 0.0 0.0 0.0 0.0 0.0 0.0 2.0 0.0 0.0 4.0 
25_2_006_69
2.0 3.0 4.0 1.0 1.0 0.0 0.0 3.0 0.0 6.0 0.0 3.0 3.0 1.0 1.0 4.0 0.0 21.0 12.0 3.0 6.0 2.0 0.0 -3.0 -17.0 32.0 71.0 0.0 0.0 0.0 0.0 0.0 12.0 6.0 4.0 3.0 5.0 3.0 2.0 -1.0 -2.0 6.0 8.0 3.0 0.0 0.0 -4.0 22.0 -41.0 58.0 93.0 24.0 0.0 0.0 0.0 0.0 -36.0 78.0 18.0 0.0 0.0 0.0 0.0 0.0 15.0 12.0 0.0 1.0 8.0 18.0 0.0 -3.0 7.0 -1.0 4.0 3.0 15.0 17.0 0.0 8.0 0.0 -42.0 102.0 50.0 32.0 12.0 0.0 0.0 0.0 0.0 3.0 1.0 1.0 49.0 12.0 0.0 45.0 54.0 5.0 0.0 0.0 0.0 0.0 -29.0 80.0 30.0 2.0 0.0 0.0 0.0 -6.0 -14.0 18.0 17.0 30.0 3.0 6.0 8.0 0.0 -10.0 57.0 14.0 2.0 0.0 0.0 15.0 8.0 -25.0 
25_2_006_70
20.0 13.0 1.0 0.0 10.0 31.0 24.0 20.0 11.0 97.0 59.0 5.0 0.0 18.0 14.0 4.0 3.0 24.0 42.0 40.0 0.0 0.0 0.0 0.0 21.0 76.0 39.0 0.0 0.0 0.0 0.0 4.0 12.0 34.0 17.0 37.0 26.0 16.0 0.0 2.0 9.0 40.0 28.0 81.0 85.0 10.0 0.0 0.0 59.0 1.0 4.0 48.0 26.0 0.0 1.0 55.0 6.0 3.0 13.0 3.0 6.0 29.0 102.0 16.0 43.0 15.0 3.0 0.0 1.0 4.0 15.0 22.0 0.0 2.0 43.0 51.0 20.0 33.0 11.0 4.0 5.0 78.0 22.0 2.0 12.0 28.0 81.0 10.0 13.0 56.0 41.0 23.0 2.0 12.0 4.0 2.0 47.0 83.0 0.0 0.0 0.0 0.0 0.0 0.0 23.0 90.0 18.0 4.0 2.0 1.0 0.0 1.0 10.0 38.0 65.0 37.0 24.0 2.0 0.0 0.0 9.0 46.0 22.0 0.0 0.0 2.0 21.0 9.0 
25_2_006_71
0.0 0.0 0.0 5.0 11.0 22.0 14.0 11.0 1.0 4.0 3.0 14.0 22.0 32.0 24.0 22.0 0.0 0.0 0.0 24.0 38.0 58.0 7.0 1.0 1.0 12.0 5.0 35.0 60.0 2.0 0.0 0.0 15.0 18.0 13.0 3.0 0.0 0.0 2.0 31.0 5.0 0.0 10.0 7.0 10.0 14.0 25.0 35.0 0.0 1.0 15.0 44.0 16.0 1.0 3.0 0.0 0.0 0.0 19.0 87.0 60.0 0.0 0.0 0.0 0.0 0.0 0.0 2.0 18.0 14.0 36.0 11.0 9.0 3.0 7.0 12.0 4.0 1.0 24.0 26.0 0.0 11.0 25.0 32.0 29.0 6.0 0.0 0.0 0.0 7.0 2.0 27.0 29.0 41.0 1.0 0.0 10.0 10.0 5.0 6.0 4.0 6.0 13.0 20.0 10.0 10.0 26.0 1.0 17.0 46.0 19.0 7.0 2.0 33.0 12.0 0.0 22.0 102.0 0.0 0.0 16.0 16.0 0.0 0.0 7.0 36.0 0.0 0.0 
25_2_006_72
34.0 0.0 0.0 0.0 6.0 5.0 0.0 -14.0 102.0 0.0 0.0 0.0 1.0 10.0 1.0 -40.0 10.0 34.0 4.0 3.0 1.0 2.0 1.0 -1.0 -3.0 9.0 8.0 4.0 3.0 3.0 0.0 4.0 25.0 1.0 0.0 0.0 0.0 2.0 0.0 0.0 7.0 0.0 0.0 0.0 0.0 6.0 3.0 19.0 0.0 0.0 7.0 11.0 4.0 3.0 3.0 10.0 -3.0 9.0 7.0 1.0 2.0 2.0 0.0 2.0 0.0 0.0 0.0 0.0 0.0 0.0 -7.0 52.0 2.0 -1.0 6.0 2.0 0.0 2.0 7.0 14.0 7.0 0.0 13.0 12.0 0.0 0.0 5.0 -2.0 18.0 -1.0 7.0 3.0 6.0 7.0 2.0 -3.0 2.0 0.0 0.0 0.0 0.0 0.0 -20.0 56.0 9.0 11.0 8.0 5.0 1.0 0.0 -3.0 14.0 -3.0 11.0 4.0 0.0 0.0 1.0 -1.0 12.0 10.0 -1.0 8.0 6.0 0.0 1.0 0.0 -3.0 
25_2_006_73
0.0 31.0 102.0 23.0 7.0 0.0 0.0 0.0 9.0 14.0 30.0 30.0 10.0 8.0 3.0 8.0 2.0 1.0 0.0 17.0 20.0 9.0 5.0 11.0 3.0 10.0 13.0 9.0 1.0 0.0 0.0 1.0 0.0 28.0 53.0 0.0 0.0 10.0 27.0 0.0 8.0 1.0 0.0 17.0 6.0 3.0 20.0 32.0 10.0 15.0 11.0 33.0 18.0 5.0 5.0 3.0 4.0 8.0 8.0 7.0 20.0 13.0 15.0 7.0 4.0 24.0 28.0 0.0 1.0 5.0 6.0 0.0 29.0 25.0 1.0 0.0 0.0 0.0 17.0 22.0 12.0 4.0 11.0 26.0 20.0 5.0 0.0 9.0 18.0 7.0 13.0 11.0 2.0 4.0 1.0 2.0 62.0 52.0 5.0 1.0 0.0 0.0 0.0 2.0 45.0 37.0 0.0 0.0 0.0 0.0 0.0 18.0 35.0 23.0 16.0 11.0 16.0 0.0 0.0 4.0 1.0 36.0 64.0 15.0 1.0 0.0 2.0 7.0 
25_2_006_74
8.0 14.0 1.0 0.0 3.0 7.0 28.0 20.0 4.0 1.0 2.0 22.0 14.0 16.0 16.0 5.0 0.0 4.0 3.0 18.0 22.0 41.0 32.0 15.0 0.0 0.0 4.0 58.0 54.0 9.0 0.0 0.0 9.0 14.0 6.0 9.0 20.0 25.0 22.0 12.0 4.0 10.0 12.0 9.0 12.0 5.0 38.0 34.0 0.0 6.0 30.0 34.0 5.0 0.0 18.0 20.0 0.0 0.0 40.0 52.0 43.0 0.0 0.0 0.0 14.0 1.0 14.0 5.0 1.0 4.0 25.0 17.0 21.0 18.0 11.0 11.0 3.0 7.0 30.0 23.0 0.0 19.0 25.0 34.0 42.0 0.0 0.0 0.0 2.0 10.0 7.0 37.0 53.0 18.0 0.0 0.0 4.0 9.0 4.0 10.0 10.0 6.0 23.0 18.0 0.0 12.0 9.0 11.0 38.0 102.0 45.0 8.0 14.0 37.0 3.0 0.0 67.0 77.0 0.0 0.0 33.0 7.0 0.0 0.0 5.0 11.0 2.0 2.0 
25_2_006_75
0.0 0.0 0.0 0.0 6.0 13.0 9.0 8.0 3.0 2.0 2.0 5.0 12.0 6.0 14.0 13.0 0.0 0.0 1.0 21.0 21.0 7.0 5.0 7.0 0.0 0.0 3.0 30.0 37.0 3.0 0.0 0.0 11.0 14.0 6.0 2.0 3.0 0.0 4.0 13.0 7.0 0.0 2.0 6.0 4.0 4.0 13.0 23.0 0.0 3.0 12.0 23.0 7.0 2.0 1.0 2.0 0.0 5.0 8.0 25.0 41.0 0.0 0.0 0.0 0.0 0.0 0.0 1.0 7.0 12.0 16.0 8.0 8.0 1.0 7.0 8.0 7.0 0.0 8.0 23.0 0.0 9.0 18.0 10.0 21.0 2.0 0.0 0.0 3.0 6.0 0.0 1.0 11.0 16.0 3.0 0.0 13.0 4.0 6.0 2.0 1.0 5.0 8.0 14.0 4.0 4.0 5.0 5.0 9.0 14.0 19.0 7.0 0.0 9.0 11.0 0.0 14.0 102.0 6.0 0.0 2.0 8.0 0.0 0.0 6.0 84.0 0.0 0.0 
25_2_006_76
0.0 0.0 0.0 0.0 0.0 0.0 0.0 0.0 0.0 0.0 31.0 33.0 0.0 0.0 0.0 0.0 0.0 0.0 23.0 29.0 1.0 0.0 0.0 0.0 2.0 0.0 2.0 3.0 0.0 0.0 0.0 1.0 0.0 0.0 0.0 0.0 0.0 0.0 0.0 0.0 0.0 0.0 6.0 102.0 1.0 0.0 0.0 0.0 0.0 0.0 5.0 16.0 10.0 0.0 0.0 0.0 0.0 0.0 0.0 2.0 3.0 0.0 1.0 1.0 0.0 0.0 0.0 1.0 0.0 0.0 0.0 0.0 0.0 0.0 0.0 31.0 55.0 0.0 0.0 0.0 0.0 0.0 3.0 28.0 35.0 0.0 0.0 1.0 0.0 0.0 0.0 3.0 2.0 2.0 1.0 1.0 0.0 0.0 0.0 0.0 0.0 0.0 0.0 0.0 0.0 0.0 0.0 12.0 3.0 0.0 0.0 0.0 0.0 0.0 0.0 48.0 44.0 1.0 0.0 0.0 0.0 0.0 1.0 4.0 3.0 0.0 0.0 0.0 
25_2_006_77
0.0 0.0 0.0 0.0 0.0 0.0 0.0 0.0 0.0 0.0 11.0 4.0 0.0 0.0 0.0 0.0 0.0 18.0 70.0 14.0 0.0 0.0 0.0 0.0 0.0 0.0 19.0 20.0 1.0 0.0 0.0 0.0 0.0 0.0 0.0 0.0 0.0 0.0 0.0 0.0 0.0 0.0 59.0 48.0 0.0 0.0 0.0 0.0 0.0 1.0 50.0 19.0 1.0 0.0 0.0 0.0 0.0 1.0 11.0 2.0 0.0 0.0 0.0 0.0 0.0 0.0 1.0 0.0 0.0 0.0 0.0 0.0 0.0 0.0 6.0 102.0 15.0 0.0 0.0 0.0 0.0 2.0 10.0 20.0 7.0 0.0 1.0 1.0 0.0 0.0 0.0 5.0 1.0 2.0 3.0 0.0 0.0 0.0 1.0 0.0 0.0 0.0 0.0 0.0 0.0 0.0 26.0 71.0 8.0 0.0 0.0 0.0 0.0 0.0 4.0 9.0 2.0 1.0 0.0 0.0 0.0 3.0 2.0 0.0 1.0 0.0 1.0 0.0 
25_2_006_78
0.0 0.0 0.0 0.0 0.0 0.0 0.0 0.0 0.0 0.0 1.0 0.0 0.0 0.0 0.0 0.0 0.0 6.0 29.0 2.0 0.0 0.0 0.0 0.0 0.0 0.0 77.0 29.0 0.0 0.0 0.0 0.0 0.0 0.0 0.0 0.0 0.0 0.0 0.0 0.0 0.0 4.0 69.0 17.0 0.0 0.0 0.0 0.0 0.0 43.0 102.0 0.0 0.0 0.0 0.0 0.0 0.0 1.0 22.0 14.0 2.0 0.0 0.0 0.0 0.0 0.0 8.0 0.0 0.0 0.0 0.0 0.0 0.0 4.0 66.0 95.0 0.0 0.0 0.0 0.0 2.0 6.0 10.0 17.0 1.0 0.0 0.0 0.0 4.0 0.0 0.0 10.0 3.0 0.0 0.0 4.0 0.0 0.0 37.0 33.0 4.0 0.0 0.0 0.0 0.0 4.0 52.0 10.0 1.0 0.0 0.0 0.0 0.0 0.0 3.0 8.0 3.0 0.0 0.0 0.0 7.0 0.0 0.0 3.0 0.0 0.0 0.0 4.0 
25_2_006_79
0.0 0.0 0.0 0.0 2.0 0.0 0.0 0.0 0.0 0.0 1.0 66.0 30.0 0.0 0.0 0.0 0.0 0.0 0.0 5.0 12.0 3.0 0.0 0.0 0.0 0.0 0.0 0.0 5.0 5.0 0.0 0.0 0.0 0.0 0.0 0.0 0.0 0.0 0.0 0.0 0.0 0.0 4.0 102.0 10.0 0.0 0.0 0.0 0.0 2.0 6.0 20.0 2.0 0.0 0.0 0.0 2.0 10.0 0.0 0.0 2.0 1.0 0.0 0.0 0.0 0.0 0.0 0.0 0.0 0.0 0.0 0.0 0.0 0.0 0.0 17.0 58.0 2.0 0.0 0.0 0.0 0.0 0.0 24.0 74.0 9.0 0.0 0.0 0.0 0.0 0.0 2.0 5.0 4.0 1.0 0.0 0.0 0.0 0.0 0.0 0.0 0.0 0.0 0.0 0.0 0.0 0.0 3.0 0.0 0.0 0.0 0.0 0.0 0.0 0.0 64.0 31.0 1.0 0.0 0.0 0.0 0.0 0.0 2.0 7.0 17.0 0.0 0.0 
25_2_006_80
38.0 6.0 3.0 28.0 12.0 2.0 0.0 11.0 37.0 11.0 12.0 42.0 4.0 0.0 9.0 27.0 11.0 1.0 4.0 47.0 33.0 7.0 0.0 4.0 31.0 24.0 8.0 5.0 1.0 0.0 6.0 14.0 0.0 0.0 1.0 20.0 24.0 21.0 3.0 0.0 40.0 5.0 0.0 4.0 5.0 25.0 35.0 33.0 0.0 0.0 13.0 102.0 34.0 7.0 0.0 0.0 10.0 14.0 6.0 8.0 34.0 7.0 0.0 0.0 0.0 6.0 30.0 33.0 14.0 3.0 1.0 0.0 72.0 41.0 18.0 1.0 2.0 30.0 4.0 27.0 5.0 4.0 8.0 40.0 7.0 8.0 24.0 3.0 0.0 0.0 27.0 70.0 37.0 9.0 0.0 0.0 0.0 0.0 7.0 33.0 19.0 18.0 32.0 3.0 0.0 0.0 3.0 6.0 32.0 56.0 12.0 2.0 1.0 0.0 7.0 14.0 11.0 9.0 4.0 3.0 0.0 1.0 24.0 38.0 12.0 8.0 1.0 0.0 
25_2_006_81
0.0 0.0 3.0 32.0 55.0 0.0 0.0 0.0 0.0 0.0 19.0 35.0 2.0 0.0 0.0 0.0 0.0 10.0 12.0 4.0 1.0 0.0 0.0 0.0 38.0 13.0 1.0 1.0 0.0 0.0 0.0 0.0 0.0 3.0 89.0 71.0 10.0 0.0 0.0 0.0 0.0 1.0 39.0 33.0 3.0 0.0 0.0 0.0 2.0 6.0 2.0 7.0 5.0 0.0 0.0 0.0 1.0 0.0 6.0 7.0 0.0 2.0 2.0 0.0 0.0 0.0 45.0 102.0 0.0 0.0 0.0 0.0 0.0 3.0 10.0 26.0 2.0 0.0 0.0 0.0 0.0 0.0 3.0 4.0 3.0 0.0 5.0 1.0 0.0 0.0 0.0 0.0 5.0 13.0 10.0 4.0 0.0 0.0 27.0 31.0 4.0 0.0 0.0 0.0 0.0 4.0 7.0 6.0 6.0 0.0 0.0 0.0 1.0 4.0 2.0 1.0 2.0 2.0 3.0 1.0 9.0 0.0 0.0 1.0 0.0 0.0 0.0 16.0 
25_2_006_82
7.0 18.0 28.0 17.0 0.0 0.0 0.0 0.0 0.0 8.0 61.0 32.0 4.0 0.0 0.0 0.0 21.0 10.0 26.0 0.0 0.0 1.0 12.0 35.0 2.0 10.0 70.0 11.0 0.0 0.0 14.0 7.0 4.0 15.0 19.0 19.0 8.0 4.0 3.0 0.0 0.0 3.0 79.0 102.0 0.0 0.0 0.0 0.0 47.0 13.0 6.0 0.0 0.0 2.0 12.0 41.0 1.0 14.0 29.0 24.0 6.0 11.0 8.0 0.0 0.0 28.0 46.0 40.0 6.0 0.0 0.0 0.0 0.0 6.0 51.0 60.0 15.0 1.0 0.0 0.0 61.0 1.0 1.0 4.0 0.0 0.0 13.0 82.0 0.0 0.0 66.0 59.0 8.0 2.0 0.0 0.0 2.0 1.0 12.0 37.0 41.0 3.0 0.0 0.0 2.0 17.0 10.0 7.0 18.0 12.0 0.0 0.0 15.0 10.0 0.0 1.0 18.0 19.0 34.0 22.0 0.0 0.0 30.0 36.0 19.0 1.0 0.0 0.0 
25_2_006_83
0.0 0.0 0.0 0.0 0.0 0.0 11.0 45.0 3.0 1.0 0.0 0.0 0.0 1.0 7.0 25.0 18.0 0.0 0.0 2.0 4.0 2.0 4.0 -6.0 7.0 1.0 0.0 1.0 3.0 3.0 4.0 3.0 0.0 0.0 0.0 0.0 0.0 6.0 11.0 68.0 0.0 0.0 3.0 4.0 2.0 7.0 25.0 32.0 9.0 6.0 4.0 0.0 0.0 6.0 8.0 0.0 18.0 1.0 0.0 1.0 1.0 1.0 2.0 -6.0 14.0 0.0 0.0 0.0 0.0 0.0 -31.0 102.0 0.0 0.0 5.0 27.0 2.0 0.0 -4.0 63.0 11.0 3.0 5.0 3.0 5.0 2.0 4.0 0.0 1.0 0.0 0.0 0.0 1.0 2.0 3.0 16.0 0.0 0.0 0.0 0.0 0.0 6.0 17.0 34.0 0.0 1.0 9.0 19.0 3.0 1.0 2.0 36.0 2.0 7.0 1.0 0.0 0.0 7.0 7.0 2.0 0.0 1.0 1.0 1.0 1.0 2.0 -1.0 11.0 
25_2_006_84
9.0 1.0 27.0 10.0 1.0 0.0 1.0 21.0 0.0 3.0 9.0 36.0 15.0 0.0 0.0 0.0 0.0 0.0 0.0 15.0 30.0 2.0 0.0 0.0 84.0 0.0 0.0 1.0 0.0 0.0 0.0 102.0 0.0 0.0 9.0 31.0 7.0 0.0 1.0 7.0 7.0 5.0 3.0 11.0 12.0 4.0 9.0 5.0 0.0 0.0 22.0 65.0 12.0 0.0 0.0 0.0 50.0 3.0 9.0 3.0 0.0 0.0 0.0 50.0 2.0 38.0 24.0 7.0 1.0 0.0 0.0 0.0 28.0 22.0 12.0 7.0 0.0 0.0 0.0 7.0 0.0 0.0 15.0 54.0 25.0 4.0 0.0 0.0 10.0 0.0 0.0 8.0 11.0 3.0 0.0 5.0 0.0 0.0 1.0 37.0 17.0 1.0 0.0 0.0 18.0 2.0 1.0 1.0 7.0 9.0 1.0 11.0 0.0 8.0 41.0 5.0 0.0 0.0 0.0 0.0 0.0 5.0 18.0 7.0 0.0 0.0 0.0 0.0 
25_2_006_85
0.0 0.0 4.0 19.0 10.0 17.0 19.0 3.0 3.0 11.0 0.0 0.0 0.0 22.0 50.0 57.0 9.0 18.0 30.0 20.0 1.0 8.0 20.0 4.0 3.0 4.0 2.0 0.0 3.0 4.0 -24.0 102.0 0.0 0.0 2.0 13.0 7.0 7.0 43.0 41.0 4.0 21.0 32.0 11.0 3.0 11.0 35.0 22.0 20.0 14.0 10.0 40.0 59.0 12.0 -9.0 22.0 26.0 30.0 0.0 0.0 3.0 31.0 18.0 39.0 2.0 25.0 3.0 0.0 0.0 24.0 76.0 15.0 2.0 9.0 66.0 99.0 7.0 10.0 0.0 0.0 10.0 3.0 0.0 0.0 0.0 0.0 10.0 78.0 0.0 0.0 0.0 0.0 0.0 11.0 32.0 70.0 0.0 0.0 15.0 18.0 19.0 28.0 1.0 0.0 0.0 0.0 10.0 46.0 7.0 13.0 39.0 4.0 0.0 0.0 0.0 0.0 9.0 48.0 81.0 9.0 0.0 0.0 0.0 0.0 5.0 30.0 46.0 21.0 
25_2_006_86
27.0 13.0 0.0 0.0 0.0 0.0 7.0 11.0 9.0 0.0 0.0 25.0 52.0 2.0 1.0 5.0 5.0 2.0 1.0 12.0 2.0 2.0 1.0 3.0 4.0 3.0 4.0 2.0 3.0 0.0 0.0 1.0 9.0 6.0 5.0 4.0 0.0 1.0 3.0 7.0 51.0 2.0 2.0 12.0 9.0 0.0 0.0 21.0 0.0 7.0 17.0 56.0 21.0 0.0 0.0 0.0 0.0 30.0 23.0 0.0 0.0 0.0 0.0 0.0 1.0 0.0 7.0 15.0 8.0 3.0 0.0 1.0 36.0 54.0 7.0 0.0 0.0 0.0 0.0 0.0 0.0 25.0 102.0 28.0 0.0 0.0 0.0 0.0 0.0 34.0 37.0 0.0 0.0 0.0 0.0 0.0 1.0 20.0 38.0 9.0 1.0 0.0 0.0 0.0 0.0 25.0 57.0 3.0 0.0 0.0 0.0 0.0 0.0 18.0 39.0 0.0 0.0 0.0 0.0 0.0 0.0 2.0 3.0 0.0 0.0 0.0 0.0 0.0 
25_2_006_87
6.0 8.0 6.0 4.0 6.0 5.0 2.0 0.0 29.0 2.0 0.0 3.0 4.0 0.0 3.0 67.0 4.0 1.0 12.0 67.0 22.0 0.0 4.0 0.0 5.0 1.0 3.0 7.0 0.0 0.0 1.0 3.0 4.0 5.0 9.0 11.0 7.0 2.0 1.0 0.0 41.0 2.0 0.0 0.0 0.0 0.0 2.0 75.0 2.0 3.0 29.0 92.0 6.0 0.0 0.0 1.0 9.0 25.0 5.0 3.0 0.0 0.0 0.0 1.0 0.0 20.0 42.0 15.0 0.0 0.0 0.0 0.0 67.0 77.0 2.0 0.0 0.0 0.0 0.0 3.0 0.0 64.0 102.0 14.0 0.0 0.0 0.0 0.0 5.0 74.0 2.0 0.0 0.0 0.0 0.0 0.0 0.0 72.0 18.0 0.0 0.0 0.0 0.0 0.0 0.0 79.0 17.0 0.0 0.0 0.0 0.0 0.0 2.0 50.0 17.0 0.0 0.0 0.0 0.0 0.0 3.0 35.0 5.0 0.0 0.0 0.0 0.0 0.0 
25_2_006_88
4.0 0.0 0.0 0.0 0.0 1.0 14.0 0.0 1.0 0.0 0.0 3.0 15.0 14.0 7.0 0.0 0.0 0.0 0.0 0.0 1.0 3.0 0.0 0.0 0.0 0.0 0.0 0.0 5.0 4.0 0.0 0.0 2.0 0.0 0.0 0.0 0.0 16.0 64.0 27.0 0.0 -9.0 24.0 29.0 33.0 32.0 20.0 9.0 0.0 0.0 0.0 10.0 47.0 37.0 14.0 0.0 0.0 0.0 0.0 0.0 16.0 37.0 14.0 0.0 70.0 7.0 0.0 0.0 0.0 1.0 -18.0 37.0 102.0 19.0 21.0 6.0 0.0 0.0 -2.0 1.0 5.0 37.0 42.0 37.0 0.0 0.0 -1.0 30.0 19.0 27.0 0.0 24.0 13.0 0.0 0.0 7.0 40.0 23.0 6.0 0.0 0.0 0.0 -10.0 14.0 54.0 50.0 0.0 1.0 0.0 0.0 -11.0 2.0 41.0 36.0 17.0 0.0 0.0 0.0 -4.0 -5.0 55.0 63.0 0.0 0.0 0.0 0.0 0.0 -27.0 
25_2_006_89
0.0 0.0 0.0 0.0 0.0 25.0 21.0 0.0 0.0 0.0 0.0 0.0 1.0 32.0 43.0 9.0 0.0 0.0 0.0 0.0 0.0 6.0 20.0 34.0 6.0 4.0 5.0 10.0 4.0 0.0 -10.0 49.0 3.0 0.0 0.0 0.0 0.0 0.0 -2.0 74.0 0.0 0.0 23.0 39.0 4.0 4.0 5.0 8.0 102.0 0.0 0.0 0.0 0.0 0.0 -7.0 -15.0 16.0 4.0 34.0 26.0 1.0 0.0 -15.0 41.0 0.0 0.0 2.0 3.0 0.0 0.0 -4.0 89.0 0.0 0.0 5.0 69.0 27.0 0.0 -2.0 31.0 35.0 0.0 5.0 1.0 1.0 2.0 7.0 7.0 0.0 0.0 0.0 18.0 26.0 0.0 -7.0 63.0 0.0 0.0 0.0 1.0 1.0 1.0 -4.0 48.0 6.0 0.0 3.0 61.0 11.0 0.0 -1.0 31.0 7.0 0.0 0.0 13.0 1.0 0.0 4.0 16.0 1.0 0.0 0.0 4.0 2.0 0.0 -12.0 78.0 
25_2_006_90
0.0 3.0 5.0 0.0 0.0 21.0 12.0 0.0 0.0 0.0 0.0 6.0 20.0 13.0 17.0 1.0 0.0 7.0 16.0 27.0 23.0 0.0 0.0 0.0 0.0 0.0 21.0 14.0 0.0 0.0 0.0 0.0 1.0 9.0 6.0 4.0 3.0 2.0 2.0 0.0 10.0 8.0 2.0 5.0 0.0 4.0 2.0 9.0 0.0 0.0 44.0 102.0 0.0 0.0 0.0 0.0 0.0 1.0 23.0 8.0 0.0 0.0 0.0 0.0 3.0 4.0 2.0 2.0 1.0 5.0 9.0 1.0 0.0 14.0 27.0 17.0 11.0 0.0 0.0 0.0 0.0 0.0 59.0 75.0 0.0 0.0 0.0 0.0 0.0 5.0 8.0 2.0 0.0 0.0 0.0 0.0 4.0 1.0 5.0 1.0 3.0 0.0 1.0 3.0 0.0 0.0 23.0 54.0 17.0 0.0 0.0 0.0 0.0 0.0 25.0 35.0 1.0 0.0 0.0 0.0 0.0 0.0 0.0 0.0 0.0 7.0 7.0 1.0 
25_2_006_91
0.0 0.0 2.0 26.0 33.0 8.0 7.0 0.0 0.0 2.0 8.0 22.0 11.0 0.0 0.0 0.0 0.0 0.0 9.0 20.0 6.0 0.0 0.0 0.0 9.0 15.0 8.0 6.0 0.0 0.0 0.0 1.0 0.0 0.0 2.0 22.0 18.0 0.0 0.0 0.0 0.0 0.0 13.0 87.0 36.0 0.0 0.0 0.0 0.0 1.0 43.0 19.0 0.0 0.0 0.0 0.0 0.0 10.0 8.0 4.0 1.0 0.0 0.0 1.0 0.0 5.0 79.0 35.0 0.0 0.0 0.0 0.0 0.0 38.0 82.0 28.0 0.0 0.0 0.0 0.0 0.0 4.0 29.0 20.0 0.0 0.0 0.0 0.0 0.0 8.0 3.0 3.0 2.0 0.0 0.0 0.0 0.0 4.0 102.0 21.0 0.0 0.0 0.0 0.0 0.0 4.0 21.0 7.0 0.0 0.0 0.0 0.0 1.0 2.0 9.0 6.0 1.0 1.0 1.0 1.0 0.0 1.0 6.0 4.0 0.0 0.0 0.0 0.0 
25_2_006_92
0.0 19.0 102.0 2.0 0.0 0.0 0.0 0.0 0.0 10.0 42.0 9.0 0.0 0.0 0.0 0.0 0.0 4.0 21.0 5.0 0.0 0.0 0.0 0.0 1.0 2.0 3.0 1.0 0.0 0.0 1.0 0.0 0.0 5.0 29.0 11.0 0.0 0.0 0.0 0.0 1.0 9.0 7.0 6.0 1.0 0.0 0.0 0.0 4.0 5.0 6.0 1.0 0.0 1.0 1.0 0.0 0.0 1.0 2.0 4.0 3.0 3.0 1.0 0.0 0.0 0.0 4.0 12.0 1.0 0.0 0.0 0.0 0.0 0.0 3.0 20.0 1.0 0.0 0.0 1.0 0.0 0.0 0.0 5.0 2.0 3.0 4.0 1.0 0.0 0.0 0.0 0.0 0.0 2.0 8.0 13.0 1.0 1.0 4.0 9.0 0.0 0.0 0.0 0.0 0.0 0.0 4.0 7.0 1.0 0.0 1.0 4.0 0.0 0.0 6.0 9.0 0.0 0.0 1.0 3.0 11.0 3.0 1.0 0.0 0.0 0.0 0.0 6.0 
25_2_006_93
23.0 2.0 0.0 0.0 0.0 0.0 0.0 13.0 10.0 1.0 27.0 55.0 1.0 0.0 0.0 0.0 10.0 22.0 2.0 0.0 0.0 0.0 6.0 18.0 5.0 2.0 26.0 44.0 0.0 0.0 0.0 0.0 0.0 0.0 0.0 0.0 2.0 12.0 10.0 6.0 3.0 0.0 24.0 102.0 0.0 1.0 2.0 3.0 48.0 1.0 0.0 0.0 0.0 0.0 0.0 43.0 13.0 1.0 8.0 68.0 6.0 0.0 1.0 24.0 6.0 3.0 5.0 14.0 0.0 0.0 1.0 11.0 3.0 12.0 8.0 65.0 23.0 0.0 0.0 0.0 6.0 1.0 0.0 1.0 8.0 1.0 6.0 29.0 2.0 0.0 0.0 21.0 20.0 0.0 5.0 24.0 5.0 1.0 3.0 8.0 0.0 0.0 1.0 10.0 0.0 12.0 13.0 49.0 7.0 0.0 1.0 0.0 17.0 2.0 5.0 24.0 8.0 0.0 2.0 29.0 18.0 1.0 4.0 18.0 0.0 0.0 0.0 21.0 
25_2_006_94
1.0 0.0 1.0 0.0 0.0 0.0 -9.0 67.0 0.0 0.0 20.0 36.0 0.0 2.0 3.0 8.0 71.0 0.0 0.0 0.0 0.0 0.0 -8.0 -2.0 4.0 5.0 24.0 15.0 0.0 0.0 -18.0 55.0 0.0 0.0 0.0 0.0 0.0 1.0 17.0 75.0 0.0 0.0 12.0 78.0 18.0 0.0 5.0 15.0 28.0 6.0 2.0 0.0 0.0 4.0 10.0 12.0 0.0 0.0 0.0 37.0 24.0 0.0 -3.0 52.0 0.0 0.0 0.0 0.0 0.0 0.0 -4.0 77.0 0.0 1.0 16.0 102.0 3.0 0.0 -3.0 23.0 7.0 0.0 0.0 0.0 0.0 1.0 7.0 31.0 1.0 0.0 1.0 30.0 4.0 1.0 1.0 72.0 0.0 0.0 0.0 0.0 0.0 0.0 0.0 53.0 2.0 0.0 15.0 63.0 2.0 0.0 -1.0 8.0 9.0 0.0 0.0 0.0 0.0 2.0 4.0 25.0 3.0 0.0 4.0 22.0 0.0 0.0 -1.0 50.0 
25_2_006_95
7.0 5.0 46.0 45.0 2.0 0.0 0.0 0.0 1.0 17.0 47.0 39.0 2.0 2.0 0.0 4.0 1.0 0.0 35.0 30.0 5.0 4.0 41.0 31.0 18.0 3.0 3.0 10.0 1.0 1.0 49.0 47.0 1.0 9.0 19.0 47.0 9.0 11.0 16.0 1.0 1.0 5.0 28.0 39.0 0.0 0.0 37.0 51.0 0.0 4.0 49.0 87.0 10.0 8.0 17.0 10.0 60.0 18.0 0.0 0.0 6.0 39.0 30.0 18.0 21.0 9.0 21.0 102.0 4.0 0.0 5.0 12.0 36.0 20.0 7.0 35.0 33.0 10.0 0.0 11.0 44.0 34.0 14.0 15.0 0.0 4.0 38.0 38.0 12.0 13.0 11.0 24.0 22.0 18.0 18.0 2.0 19.0 0.0 1.0 15.0 14.0 8.0 20.0 22.0 0.0 0.0 29.0 84.0 30.0 0.0 0.0 0.0 29.0 41.0 8.0 1.0 7.0 0.0 0.0 4.0 77.0 68.0 5.0 9.0 0.0 0.0 0.0 0.0 
25_2_006_96
0.0 0.0 0.0 12.0 17.0 25.0 9.0 12.0 0.0 0.0 0.0 0.0 0.0 0.0 -4.0 87.0 3.0 0.0 0.0 35.0 15.0 0.0 -19.0 57.0 0.0 0.0 1.0 1.0 8.0 4.0 11.0 12.0 0.0 1.0 0.0 0.0 4.0 25.0 8.0 37.0 0.0 0.0 12.0 44.0 21.0 33.0 14.0 3.0 19.0 8.0 1.0 0.0 4.0 2.0 -39.0 102.0 5.0 0.0 2.0 3.0 6.0 5.0 9.0 5.0 0.0 0.0 0.0 0.0 0.0 17.0 46.0 31.0 0.0 0.0 50.0 83.0 4.0 0.0 1.0 5.0 0.0 0.0 0.0 0.0 0.0 1.0 31.0 86.0 0.0 0.0 0.0 0.0 14.0 22.0 16.0 9.0 0.0 0.0 1.0 10.0 4.0 1.0 5.0 47.0 6.0 0.0 23.0 64.0 17.0 3.0 5.0 5.0 3.0 0.0 0.0 0.0 0.0 0.0 26.0 51.0 14.0 10.0 4.0 0.0 0.0 0.0 -3.0 10.0 
25_2_006_97
0.0 0.0 0.0 3.0 65.0 4.0 0.0 0.0 0.0 0.0 0.0 0.0 27.0 35.0 0.0 0.0 0.0 0.0 0.0 7.0 14.0 0.0 0.0 0.0 0.0 0.0 0.0 1.0 5.0 0.0 0.0 0.0 0.0 0.0 0.0 0.0 7.0 4.0 0.0 0.0 0.0 0.0 0.0 14.0 51.0 16.0 0.0 0.0 0.0 0.0 0.0 39.0 48.0 0.0 0.0 0.0 0.0 0.0 1.0 6.0 3.0 0.0 0.0 0.0 0.0 0.0 0.0 0.0 0.0 0.0 0.0 0.0 0.0 0.0 2.0 26.0 1.0 0.0 0.0 0.0 0.0 0.0 9.0 102.0 1.0 0.0 0.0 0.0 0.0 0.0 0.0 9.0 2.0 0.0 0.0 0.0 0.0 0.0 0.0 1.0 0.0 0.0 0.0 0.0 0.0 0.0 7.0 24.0 0.0 0.0 0.0 0.0 0.0 0.0 15.0 64.0 4.0 0.0 0.0 0.0 0.0 3.0 2.0 1.0 0.0 0.0 0.0 0.0 
25_2_006_98
0.0 0.0 0.0 0.0 0.0 0.0 0.0 0.0 0.0 0.0 0.0 31.0 38.0 1.0 0.0 0.0 0.0 0.0 0.0 11.0 42.0 1.0 0.0 0.0 0.0 0.0 4.0 10.0 0.0 0.0 0.0 0.0 0.0 0.0 0.0 1.0 0.0 0.0 0.0 0.0 0.0 0.0 1.0 17.0 5.0 0.0 0.0 0.0 0.0 0.0 5.0 102.0 3.0 0.0 0.0 0.0 0.0 0.0 3.0 10.0 1.0 0.0 0.0 0.0 0.0 0.0 3.0 0.0 0.0 0.0 0.0 0.0 0.0 0.0 71.0 15.0 0.0 0.0 0.0 0.0 0.0 0.0 62.0 24.0 0.0 0.0 0.0 0.0 0.0 0.0 4.0 5.0 0.0 0.0 0.0 0.0 0.0 26.0 24.0 1.0 0.0 0.0 0.0 0.0 0.0 5.0 72.0 19.0 0.0 0.0 0.0 0.0 0.0 2.0 8.0 4.0 0.0 0.0 0.0 0.0 0.0 0.0 3.0 1.0 0.0 0.0 0.0 0.0 
25_2_006_99
6.0 11.0 43.0 18.0 0.0 0.0 0.0 0.0 0.0 0.0 73.0 45.0 0.0 0.0 16.0 2.0 0.0 1.0 16.0 11.0 1.0 1.0 12.0 5.0 4.0 8.0 7.0 0.0 0.0 0.0 3.0 11.0 0.0 4.0 21.0 31.0 62.0 13.0 0.0 0.0 0.0 0.0 7.0 10.0 21.0 43.0 20.0 0.0 0.0 20.0 58.0 83.0 0.0 1.0 0.0 0.0 17.0 86.0 30.0 0.0 0.0 0.0 0.0 0.0 0.0 0.0 33.0 26.0 11.0 0.0 0.0 0.0 8.0 37.0 102.0 56.0 2.0 0.0 0.0 0.0 2.0 26.0 12.0 47.0 57.0 0.0 0.0 0.0 1.0 0.0 1.0 8.0 55.0 14.0 2.0 1.0 12.0 33.0 102.0 30.0 0.0 0.0 0.0 0.0 0.0 12.0 52.0 17.0 0.0 0.0 0.0 0.0 3.0 54.0 28.0 2.0 0.0 0.0 0.0 0.0 12.0 12.0 2.0 1.0 12.0 7.0 12.0 17.0 
25_2_006_100
12.0 15.0 3.0 17.0 41.0 10.0 2.0 2.0 22.0 4.0 8.0 1.0 7.0 24.0 25.0 41.0 0.0 22.0 50.0 21.0 4.0 2.0 5.0 0.0 15.0 2.0 23.0 15.0 2.0 0.0 8.0 17.0 0.0 1.0 9.0 37.0 21.0 4.0 14.0 0.0 1.0 10.0 33.0 5.0 12.0 20.0 9.0 10.0 0.0 16.0 41.0 73.0 10.0 0.0 0.0 0.0 20.0 8.0 3.0 0.0 0.0 0.0 16.0 44.0 0.0 45.0 30.0 1.0 7.0 2.0 0.0 0.0 2.0 49.0 89.0 10.0 0.0 0.0 0.0 0.0 2.0 73.0 37.0 34.0 5.0 0.0 0.0 0.0 34.0 12.0 18.0 2.0 0.0 0.0 0.0 44.0 3.0 34.0 13.0 0.0 4.0 22.0 13.0 0.0 5.0 10.0 3.0 4.0 10.0 42.0 59.0 8.0 0.0 0.0 0.0 15.0 87.0 102.0 6.0 0.0 8.0 2.0 6.0 12.0 30.0 7.0 46.0 57.0 
25_2_006_101
2.0 2.0 5.0 32.0 25.0 8.0 0.0 0.0 1.0 8.0 6.0 48.0 14.0 5.0 0.0 0.0 29.0 53.0 16.0 2.0 0.0 0.0 0.0 0.0 33.0 76.0 7.0 1.0 1.0 0.0 0.0 0.0 18.0 5.0 0.0 20.0 12.0 4.0 16.0 25.0 0.0 0.0 0.0 56.0 47.0 27.0 7.0 2.0 0.0 0.0 11.0 25.0 56.0 24.0 0.0 0.0 4.0 1.0 8.0 21.0 7.0 36.0 38.0 0.0 53.0 23.0 6.0 0.0 1.0 30.0 8.0 14.0 5.0 2.0 4.0 14.0 13.0 6.0 10.0 6.0 0.0 0.0 13.0 102.0 39.0 10.0 0.0 0.0 15.0 0.0 0.0 0.0 3.0 13.0 85.0 72.0 0.0 1.0 6.0 2.0 17.0 32.0 8.0 1.0 0.0 0.0 4.0 21.0 9.0 11.0 7.0 0.0 0.0 0.0 27.0 58.0 1.0 0.0 0.0 1.0 18.0 8.0 2.0 0.0 0.0 0.0 24.0 59.0 
25_2_006_102
0.0 3.0 2.0 5.0 3.0 3.0 0.0 0.0 2.0 4.0 0.0 0.0 1.0 6.0 -1.0 9.0 1.0 2.0 0.0 7.0 11.0 2.0 0.0 0.0 0.0 0.0 0.0 0.0 6.0 1.0 -50.0 102.0 0.0 2.0 2.0 1.0 0.0 1.0 0.0 10.0 0.0 5.0 2.0 5.0 1.0 8.0 3.0 1.0 7.0 7.0 1.0 4.0 2.0 3.0 0.0 3.0 1.0 0.0 0.0 2.0 15.0 1.0 -2.0 6.0 9.0 5.0 1.0 5.0 2.0 1.0 -4.0 11.0 -1.0 4.0 0.0 2.0 7.0 3.0 9.0 15.0 0.0 1.0 2.0 11.0 12.0 6.0 0.0 2.0 4.0 2.0 1.0 3.0 0.0 0.0 -3.0 13.0 0.0 0.0 0.0 0.0 1.0 5.0 27.0 10.0 0.0 0.0 13.0 11.0 6.0 9.0 27.0 4.0 7.0 3.0 12.0 11.0 7.0 0.0 0.0 -3.0 0.0 0.0 1.0 3.0 3.0 3.0 2.0 6.0 
25_2_006_103
1.0 0.0 2.0 5.0 1.0 0.0 1.0 8.0 0.0 0.0 3.0 72.0 19.0 0.0 0.0 0.0 33.0 1.0 0.0 2.0 3.0 1.0 0.0 31.0 1.0 0.0 1.0 0.0 0.0 0.0 0.0 0.0 3.0 2.0 1.0 0.0 3.0 1.0 2.0 6.0 0.0 0.0 29.0 77.0 7.0 0.0 0.0 0.0 2.0 0.0 3.0 11.0 1.0 2.0 37.0 41.0 0.0 0.0 0.0 0.0 0.0 0.0 1.0 3.0 3.0 3.0 2.0 3.0 4.0 0.0 1.0 4.0 0.0 0.0 10.0 102.0 1.0 0.0 0.0 0.0 0.0 0.0 0.0 0.0 0.0 0.0 11.0 78.0 0.0 0.0 0.0 5.0 0.0 0.0 0.0 2.0 0.0 0.0 0.0 2.0 2.0 1.0 3.0 9.0 0.0 0.0 0.0 89.0 4.0 0.0 0.0 0.0 0.0 0.0 0.0 0.0 0.0 0.0 2.0 71.0 0.0 0.0 0.0 4.0 1.0 0.0 0.0 1.0 
25_2_006_104
0.0 0.0 0.0 1.0 0.0 0.0 -2.0 7.0 0.0 0.0 0.0 57.0 5.0 0.0 0.0 0.0 0.0 0.0 0.0 0.0 0.0 0.0 -14.0 102.0 2.0 0.0 3.0 9.0 0.0 0.0 0.0 0.0 0.0 0.0 0.0 1.0 0.0 0.0 -1.0 6.0 0.0 0.0 0.0 79.0 1.0 0.0 0.0 0.0 0.0 0.0 0.0 0.0 0.0 0.0 -1.0 102.0 1.0 0.0 1.0 3.0 3.0 2.0 0.0 5.0 0.0 0.0 0.0 1.0 0.0 0.0 0.0 1.0 0.0 0.0 33.0 38.0 1.0 0.0 -2.0 8.0 0.0 0.0 0.0 0.0 0.0 0.0 8.0 84.0 5.0 0.0 2.0 7.0 1.0 0.0 1.0 0.0 0.0 0.0 0.0 0.0 0.0 0.0 0.0 0.0 0.0 0.0 0.0 24.0 34.0 0.0 0.0 2.0 0.0 0.0 0.0 0.0 0.0 0.0 -21.0 97.0 0.0 0.0 0.0 9.0 3.0 0.0 0.0 12.0 
25_2_006_105
0.0 0.0 0.0 0.0 0.0 0.0 0.0 0.0 0.0 0.0 1.0 7.0 2.0 0.0 0.0 0.0 0.0 0.0 3.0 19.0 10.0 0.0 0.0 0.0 0.0 0.0 19.0 60.0 0.0 0.0 0.0 0.0 0.0 0.0 0.0 1.0 0.0 0.0 0.0 0.0 0.0 0.0 4.0 15.0 16.0 0.0 0.0 0.0 0.0 0.0 14.0 95.0 15.0 0.0 0.0 0.0 0.0 1.0 5.0 31.0 0.0 0.0 0.0 0.0 0.0 0.0 0.0 0.0 1.0 0.0 0.0 0.0 0.0 0.0 6.0 23.0 1.0 0.0 0.0 0.0 0.0 0.0 19.0 102.0 0.0 0.0 0.0 0.0 0.0 2.0 5.0 4.0 1.0 0.0 0.0 0.0 0.0 0.0 0.0 0.0 0.0 0.0 0.0 0.0 0.0 0.0 13.0 37.0 0.0 0.0 0.0 0.0 0.0 0.0 9.0 52.0 6.0 0.0 0.0 0.0 0.0 0.0 0.0 6.0 2.0 0.0 0.0 0.0 
25_2_006_106
2.0 3.0 6.0 10.0 13.0 1.0 -3.0 12.0 15.0 0.0 2.0 0.0 1.0 7.0 6.0 18.0 0.0 0.0 18.0 41.0 1.0 0.0 0.0 2.0 0.0 0.0 0.0 0.0 0.0 0.0 46.0 69.0 3.0 1.0 7.0 17.0 11.0 4.0 2.0 4.0 5.0 0.0 1.0 1.0 4.0 5.0 10.0 22.0 0.0 2.0 12.0 43.0 6.0 0.0 10.0 19.0 0.0 0.0 0.0 0.0 0.0 0.0 64.0 94.0 0.0 11.0 7.0 4.0 17.0 6.0 0.0 12.0 12.0 2.0 7.0 9.0 2.0 0.0 5.0 7.0 0.0 0.0 23.0 26.0 1.0 0.0 19.0 84.0 0.0 0.0 0.0 0.0 0.0 0.0 23.0 62.0 7.0 5.0 19.0 7.0 0.0 0.0 0.0 5.0 3.0 0.0 6.0 7.0 5.0 0.0 -1.0 12.0 0.0 0.0 6.0 24.0 3.0 0.0 19.0 102.0 0.0 0.0 0.0 0.0 0.0 0.0 4.0 31.0 
25_2_006_107
2.0 0.0 2.0 3.0 5.0 2.0 7.0 1.0 0.0 1.0 3.0 4.0 13.0 8.0 0.0 0.0 0.0 0.0 3.0 60.0 8.0 0.0 0.0 0.0 0.0 0.0 1.0 4.0 2.0 0.0 0.0 0.0 7.0 1.0 3.0 2.0 3.0 9.0 3.0 1.0 1.0 2.0 6.0 2.0 4.0 3.0 2.0 1.0 0.0 0.0 5.0 102.0 0.0 0.0 0.0 0.0 0.0 0.0 1.0 5.0 1.0 0.0 0.0 0.0 2.0 0.0 1.0 2.0 0.0 0.0 0.0 2.0 0.0 6.0 10.0 13.0 7.0 1.0 0.0 0.0 0.0 0.0 8.0 79.0 7.0 0.0 0.0 0.0 0.0 0.0 0.0 5.0 1.0 0.0 0.0 0.0 1.0 4.0 5.0 2.0 1.0 2.0 2.0 0.0 4.0 7.0 5.0 6.0 6.0 6.0 2.0 1.0 0.0 0.0 6.0 38.0 18.0 7.0 0.0 0.0 0.0 0.0 0.0 1.0 6.0 32.0 0.0 0.0 
25_2_006_108
0.0 0.0 4.0 10.0 27.0 12.0 0.0 0.0 0.0 0.0 12.0 37.0 9.0 0.0 0.0 0.0 0.0 1.0 19.0 20.0 0.0 0.0 0.0 0.0 0.0 0.0 0.0 2.0 2.0 0.0 0.0 0.0 2.0 39.0 23.0 15.0 26.0 12.0 0.0 0.0 0.0 0.0 24.0 102.0 17.0 0.0 0.0 0.0 1.0 0.0 2.0 24.0 6.0 0.0 0.0 0.0 0.0 1.0 1.0 1.0 0.0 0.0 0.0 0.0 0.0 5.0 23.0 17.0 2.0 0.0 0.0 0.0 0.0 2.0 25.0 72.0 1.0 0.0 0.0 0.0 0.0 0.0 5.0 12.0 0.0 0.0 0.0 0.0 0.0 0.0 1.0 2.0 0.0 1.0 0.0 0.0 1.0 2.0 1.0 6.0 21.0 8.0 0.0 0.0 0.0 0.0 18.0 75.0 5.0 0.0 0.0 0.0 0.0 0.0 0.0 5.0 3.0 0.0 1.0 0.0 0.0 0.0 0.0 3.0 1.0 0.0 1.0 0.0 
25_2_006_109
27.0 1.0 0.0 0.0 0.0 4.0 4.0 -4.0 4.0 0.0 0.0 3.0 1.0 1.0 -1.0 40.0 0.0 0.0 0.0 37.0 24.0 0.0 0.0 0.0 12.0 0.0 0.0 0.0 1.0 0.0 0.0 0.0 11.0 0.0 0.0 0.0 0.0 1.0 7.0 8.0 0.0 0.0 0.0 0.0 0.0 0.0 4.0 67.0 0.0 0.0 5.0 97.0 13.0 0.0 0.0 0.0 2.0 0.0 0.0 1.0 2.0 0.0 0.0 0.0 4.0 0.0 0.0 0.0 0.0 5.0 9.0 10.0 0.0 0.0 0.0 0.0 0.0 0.0 -3.0 70.0 0.0 0.0 10.0 102.0 1.0 0.0 0.0 0.0 2.0 1.0 1.0 0.0 0.0 0.0 0.0 2.0 7.0 0.0 0.0 0.0 0.0 1.0 2.0 15.0 3.0 0.0 0.0 0.0 0.0 0.0 0.0 47.0 0.0 0.0 8.0 60.0 2.0 2.0 2.0 0.0 0.0 0.0 0.0 4.0 6.0 0.0 1.0 2.0 
25_2_006_110
0.0 0.0 0.0 0.0 0.0 0.0 0.0 0.0 0.0 0.0 15.0 27.0 0.0 0.0 0.0 0.0 0.0 0.0 46.0 40.0 0.0 0.0 0.0 0.0 0.0 1.0 6.0 7.0 3.0 0.0 0.0 0.0 0.0 0.0 0.0 0.0 0.0 0.0 0.0 0.0 0.0 0.0 0.0 40.0 16.0 0.0 0.0 0.0 0.0 1.0 1.0 60.0 39.0 0.0 2.0 4.0 0.0 3.0 6.0 12.0 5.0 1.0 0.0 0.0 0.0 0.0 0.0 0.0 0.0 0.0 0.0 0.0 0.0 0.0 7.0 25.0 0.0 0.0 0.0 0.0 0.0 0.0 22.0 102.0 0.0 0.0 0.0 0.0 0.0 0.0 2.0 1.0 3.0 2.0 1.0 0.0 0.0 0.0 0.0 0.0 0.0 0.0 0.0 0.0 0.0 0.0 1.0 15.0 7.0 0.0 0.0 0.0 0.0 0.0 0.0 53.0 60.0 0.0 0.0 0.0 0.0 0.0 4.0 3.0 1.0 1.0 0.0 2.0 
25_2_006_111
0.0 0.0 0.0 0.0 0.0 0.0 0.0 0.0 0.0 0.0 2.0 1.0 0.0 0.0 0.0 0.0 0.0 7.0 75.0 10.0 0.0 0.0 0.0 0.0 0.0 11.0 39.0 5.0 0.0 0.0 0.0 0.0 0.0 0.0 0.0 0.0 0.0 0.0 0.0 0.0 0.0 0.0 2.0 18.0 1.0 0.0 0.0 0.0 0.0 2.0 32.0 102.0 4.0 0.0 2.0 0.0 0.0 2.0 4.0 14.0 3.0 1.0 2.0 2.0 0.0 0.0 0.0 0.0 0.0 0.0 0.0 0.0 0.0 0.0 57.0 22.0 0.0 0.0 0.0 0.0 0.0 1.0 59.0 43.0 0.0 0.0 0.0 0.0 2.0 5.0 10.0 3.0 1.0 0.0 0.0 0.0 0.0 0.0 0.0 0.0 0.0 0.0 0.0 0.0 0.0 0.0 14.0 71.0 16.0 0.0 0.0 0.0 0.0 0.0 7.0 18.0 4.0 0.0 1.0 1.0 0.0 1.0 2.0 2.0 2.0 1.0 0.0 0.0 
25_2_006_112
0.0 0.0 0.0 1.0 0.0 0.0 0.0 0.0 0.0 0.0 2.0 78.0 0.0 0.0 0.0 0.0 1.0 0.0 0.0 17.0 0.0 0.0 0.0 0.0 0.0 0.0 0.0 0.0 0.0 0.0 0.0 1.0 0.0 0.0 1.0 0.0 0.0 0.0 0.0 0.0 0.0 0.0 8.0 97.0 0.0 0.0 0.0 0.0 0.0 0.0 2.0 16.0 0.0 0.0 2.0 1.0 0.0 0.0 0.0 3.0 0.0 0.0 1.0 0.0 0.0 0.0 1.0 1.0 0.0 0.0 0.0 0.0 0.0 0.0 8.0 102.0 0.0 0.0 0.0 0.0 2.0 0.0 0.0 12.0 1.0 0.0 -1.0 4.0 0.0 0.0 0.0 0.0 0.0 0.0 -1.0 4.0 0.0 0.0 1.0 0.0 0.0 0.0 -1.0 3.0 0.0 0.0 3.0 85.0 0.0 0.0 0.0 0.0 0.0 0.0 2.0 4.0 0.0 0.0 0.0 0.0 2.0 0.0 0.0 0.0 0.0 0.0 0.0 1.0 
25_2_006_113
0.0 0.0 0.0 0.0 0.0 0.0 0.0 0.0 0.0 0.0 0.0 3.0 0.0 0.0 0.0 0.0 0.0 0.0 16.0 83.0 0.0 0.0 0.0 0.0 0.0 0.0 2.0 5.0 1.0 0.0 0.0 0.0 0.0 0.0 0.0 0.0 1.0 0.0 0.0 0.0 0.0 0.0 1.0 13.0 0.0 0.0 0.0 0.0 0.0 0.0 29.0 102.0 0.0 0.0 0.0 0.0 0.0 0.0 1.0 7.0 3.0 0.0 0.0 0.0 0.0 0.0 0.0 0.0 0.0 0.0 0.0 0.0 0.0 0.0 2.0 20.0 1.0 0.0 0.0 0.0 0.0 0.0 15.0 84.0 27.0 0.0 0.0 0.0 0.0 0.0 0.0 0.0 3.0 3.0 2.0 1.0 0.0 0.0 0.0 0.0 0.0 0.0 0.0 0.0 0.0 0.0 0.0 1.0 3.0 0.0 0.0 0.0 0.0 0.0 0.0 9.0 79.0 1.0 0.0 0.0 0.0 0.0 0.0 6.0 33.0 1.0 0.0 0.0 
25_2_006_114
0.0 0.0 3.0 9.0 0.0 0.0 12.0 24.0 0.0 1.0 10.0 29.0 5.0 0.0 6.0 9.0 9.0 0.0 0.0 0.0 0.0 0.0 -21.0 67.0 0.0 1.0 7.0 4.0 1.0 0.0 2.0 0.0 0.0 0.0 0.0 7.0 3.0 2.0 31.0 33.0 0.0 0.0 9.0 71.0 10.0 1.0 6.0 4.0 11.0 0.0 0.0 0.0 0.0 0.0 1.0 55.0 1.0 4.0 7.0 10.0 0.0 0.0 -1.0 3.0 0.0 0.0 0.0 0.0 0.0 4.0 19.0 26.0 0.0 0.0 9.0 102.0 13.0 0.0 0.0 0.0 0.0 4.0 3.0 0.0 0.0 4.0 -9.0 65.0 4.0 1.0 12.0 5.0 0.0 0.0 -8.0 20.0 5.0 0.0 0.0 0.0 0.0 0.0 3.0 27.0 0.0 0.0 9.0 63.0 5.0 0.0 0.0 0.0 34.0 2.0 2.0 0.0 0.0 1.0 0.0 -3.0 4.0 0.0 4.0 2.0 1.0 0.0 -1.0 10.0 
25_2_006_115
0.0 0.0 0.0 0.0 0.0 2.0 0.0 0.0 0.0 0.0 0.0 13.0 12.0 1.0 0.0 0.0 0.0 0.0 0.0 44.0 102.0 4.0 0.0 0.0 0.0 0.0 0.0 4.0 28.0 8.0 0.0 0.0 0.0 0.0 0.0 0.0 1.0 2.0 0.0 0.0 0.0 0.0 7.0 16.0 0.0 0.0 0.0 0.0 1.0 15.0 45.0 94.0 1.0 0.0 0.0 2.0 0.0 0.0 5.0 33.0 12.0 4.0 6.0 0.0 0.0 0.0 0.0 0.0 2.0 1.0 0.0 0.0 0.0 0.0 38.0 57.0 3.0 0.0 0.0 0.0 1.0 1.0 41.0 50.0 0.0 0.0 0.0 16.0 2.0 0.0 0.0 2.0 4.0 26.0 21.0 8.0 0.0 0.0 0.0 1.0 0.0 0.0 0.0 0.0 0.0 0.0 0.0 68.0 15.0 0.0 0.0 0.0 2.0 0.0 0.0 48.0 20.0 0.0 0.0 9.0 10.0 1.0 0.0 0.0 0.0 0.0 0.0 20.0 
25_2_006_116
0.0 37.0 56.0 61.0 37.0 24.0 9.0 0.0 44.0 10.0 7.0 39.0 31.0 58.0 65.0 33.0 9.0 45.0 8.0 1.0 2.0 25.0 95.0 17.0 1.0 27.0 32.0 17.0 23.0 22.0 8.0 2.0 52.0 25.0 4.0 36.0 58.0 36.0 12.0 8.0 20.0 23.0 23.0 25.0 11.0 16.0 41.0 32.0 6.0 36.0 41.0 26.0 28.0 19.0 17.0 5.0 26.0 33.0 46.0 32.0 18.0 21.0 11.0 8.0 41.0 30.0 28.0 16.0 7.0 21.0 25.0 57.0 27.0 20.0 10.0 32.0 21.0 7.0 5.0 22.0 10.0 28.0 34.0 75.0 102.0 43.0 17.0 0.0 20.0 21.0 5.0 28.0 26.0 14.0 48.0 25.0 20.0 16.0 18.0 56.0 70.0 22.0 26.0 44.0 16.0 35.0 12.0 58.0 32.0 1.0 0.0 0.0 47.0 4.0 33.0 34.0 25.0 9.0 0.0 32.0 9.0 23.0 10.0 1.0 7.0 84.0 69.0 2.0 
25_2_006_117
0.0 0.0 0.0 36.0 37.0 17.0 22.0 4.0 0.0 0.0 0.0 0.0 4.0 23.0 0.0 0.0 2.0 0.0 0.0 0.0 1.0 6.0 2.0 1.0 0.0 0.0 0.0 0.0 1.0 6.0 14.0 10.0 12.0 0.0 10.0 63.0 9.0 8.0 11.0 42.0 0.0 0.0 18.0 89.0 46.0 88.0 10.0 30.0 10.0 1.0 0.0 3.0 13.0 55.0 57.0 40.0 12.0 0.0 0.0 30.0 35.0 25.0 7.0 27.0 18.0 63.0 32.0 14.0 2.0 0.0 7.0 14.0 21.0 102.0 41.0 71.0 7.0 0.0 2.0 18.0 57.0 53.0 0.0 0.0 2.0 1.0 3.0 51.0 19.0 53.0 45.0 18.0 21.0 8.0 5.0 0.0 21.0 43.0 22.0 7.0 0.0 0.0 0.0 11.0 10.0 97.0 22.0 13.0 0.0 0.0 0.0 0.0 32.0 85.0 4.0 0.0 0.0 0.0 0.0 6.0 25.0 43.0 26.0 0.0 0.0 0.0 0.0 0.0 
25_2_006_118
0.0 0.0 1.0 25.0 28.0 3.0 0.0 0.0 0.0 0.0 0.0 0.0 0.0 7.0 17.0 55.0 2.0 0.0 0.0 0.0 0.0 0.0 -22.0 83.0 0.0 0.0 0.0 39.0 17.0 0.0 -5.0 16.0 0.0 0.0 1.0 19.0 15.0 13.0 10.0 27.0 0.0 0.0 0.0 0.0 17.0 67.0 28.0 2.0 13.0 0.0 4.0 17.0 20.0 9.0 -11.0 30.0 7.0 11.0 3.0 2.0 11.0 1.0 -25.0 65.0 0.0 2.0 11.0 8.0 4.0 4.0 -1.0 34.0 6.0 2.0 1.0 1.0 0.0 0.0 13.0 52.0 0.0 1.0 20.0 102.0 8.0 0.0 -3.0 21.0 3.0 0.0 0.0 0.0 0.0 7.0 3.0 61.0 0.0 0.0 0.0 0.0 0.0 14.0 23.0 28.0 0.0 0.0 28.0 45.0 0.0 9.0 27.0 3.0 3.0 2.0 34.0 14.0 2.0 1.0 22.0 0.0 0.0 0.0 0.0 0.0 0.0 0.0 21.0 42.0 
25_2_006_119
0.0 0.0 5.0 18.0 7.0 3.0 10.0 2.0 0.0 0.0 0.0 0.0 0.0 1.0 30.0 86.0 11.0 2.0 25.0 70.0 13.0 3.0 1.0 -4.0 41.0 3.0 0.0 0.0 0.0 7.0 3.0 -1.0 0.0 0.0 5.0 15.0 1.0 0.0 -1.0 16.0 10.0 0.0 0.0 0.0 0.0 6.0 5.0 102.0 0.0 12.0 36.0 100.0 6.0 2.0 1.0 1.0 18.0 0.0 0.0 0.0 0.0 6.0 13.0 16.0 0.0 0.0 2.0 7.0 0.0 0.0 5.0 23.0 9.0 3.0 0.0 4.0 6.0 0.0 16.0 71.0 0.0 0.0 38.0 94.0 1.0 2.0 1.0 13.0 9.0 0.0 0.0 0.0 0.0 9.0 13.0 13.0 1.0 0.0 0.0 0.0 0.0 0.0 6.0 29.0 13.0 3.0 8.0 3.0 9.0 8.0 9.0 35.0 5.0 0.0 26.0 59.0 4.0 3.0 3.0 3.0 5.0 0.0 0.0 0.0 0.0 1.0 0.0 37.0 
25_2_006_120
0.0 0.0 0.0 0.0 0.0 0.0 0.0 0.0 0.0 0.0 0.0 19.0 5.0 0.0 0.0 0.0 0.0 0.0 4.0 71.0 11.0 0.0 0.0 0.0 0.0 0.0 0.0 0.0 0.0 0.0 7.0 17.0 0.0 0.0 0.0 0.0 0.0 0.0 0.0 0.0 0.0 0.0 1.0 25.0 3.0 0.0 0.0 0.0 0.0 0.0 3.0 102.0 7.0 0.0 3.0 8.0 0.0 0.0 0.0 2.0 0.0 0.0 7.0 22.0 0.0 0.0 0.0 0.0 0.0 0.0 0.0 0.0 0.0 0.0 4.0 25.0 0.0 0.0 0.0 0.0 0.0 0.0 17.0 83.0 0.0 0.0 3.0 14.0 1.0 0.0 1.0 5.0 0.0 0.0 4.0 13.0 0.0 0.0 0.0 0.0 0.0 0.0 0.0 0.0 0.0 0.0 9.0 41.0 0.0 0.0 0.0 0.0 0.0 0.0 10.0 47.0 0.0 0.0 5.0 13.0 1.0 0.0 2.0 3.0 1.0 0.0 2.0 3.0 
25_2_006_121
0.0 0.0 0.0 0.0 1.0 6.0 0.0 0.0 0.0 0.0 0.0 18.0 4.0 5.0 0.0 0.0 0.0 0.0 1.0 79.0 3.0 0.0 0.0 0.0 0.0 0.0 14.0 11.0 0.0 0.0 0.0 0.0 0.0 0.0 1.0 0.0 0.0 0.0 0.0 0.0 0.0 5.0 8.0 18.0 0.0 0.0 0.0 0.0 0.0 3.0 9.0 102.0 3.0 0.0 0.0 0.0 0.0 4.0 19.0 19.0 1.0 0.0 0.0 0.0 0.0 5.0 54.0 4.0 0.0 0.0 0.0 0.0 7.0 88.0 79.0 4.0 0.0 0.0 0.0 0.0 5.0 36.0 48.0 27.0 0.0 0.0 0.0 0.0 0.0 10.0 20.0 4.0 0.0 0.0 0.0 0.0 0.0 51.0 57.0 0.0 0.0 0.0 0.0 0.0 1.0 7.0 25.0 2.0 0.0 0.0 0.0 0.0 3.0 16.0 15.0 0.0 0.0 0.0 0.0 0.0 1.0 3.0 12.0 2.0 0.0 0.0 0.0 1.0 
25_2_006_122
0.0 0.0 1.0 1.0 1.0 0.0 1.0 0.0 0.0 0.0 1.0 0.0 0.0 1.0 1.0 0.0 0.0 1.0 3.0 0.0 0.0 0.0 7.0 1.0 0.0 8.0 63.0 0.0 0.0 0.0 0.0 0.0 0.0 0.0 0.0 0.0 1.0 1.0 0.0 0.0 0.0 6.0 48.0 14.0 1.0 0.0 0.0 0.0 3.0 64.0 47.0 0.0 0.0 7.0 0.0 0.0 0.0 3.0 26.0 0.0 0.0 11.0 75.0 0.0 0.0 0.0 11.0 0.0 0.0 1.0 4.0 0.0 0.0 0.0 66.0 60.0 0.0 0.0 1.0 4.0 0.0 0.0 0.0 0.0 0.0 28.0 80.0 27.0 0.0 0.0 1.0 0.0 1.0 11.0 65.0 6.0 0.0 5.0 77.0 0.0 0.0 1.0 7.0 0.0 0.0 2.0 13.0 0.0 0.0 10.0 102.0 0.0 0.0 0.0 5.0 0.0 0.0 9.0 63.0 2.0 0.0 4.0 12.0 0.0 0.0 1.0 1.0 3.0 
25_2_006_123
0.0 0.0 0.0 2.0 0.0 0.0 0.0 0.0 0.0 0.0 3.0 6.0 0.0 0.0 0.0 7.0 0.0 0.0 13.0 56.0 0.0 0.0 4.0 28.0 0.0 0.0 0.0 0.0 0.0 0.0 8.0 40.0 0.0 0.0 0.0 0.0 0.0 0.0 0.0 3.0 0.0 0.0 42.0 25.0 0.0 0.0 0.0 1.0 0.0 2.0 12.0 10.0 1.0 0.0 31.0 51.0 0.0 0.0 1.0 1.0 2.0 0.0 3.0 51.0 0.0 0.0 0.0 0.0 0.0 1.0 1.0 0.0 0.0 0.0 0.0 33.0 42.0 0.0 0.0 0.0 0.0 0.0 1.0 20.0 10.0 0.0 -20.0 102.0 0.0 0.0 0.0 6.0 0.0 0.0 7.0 35.0 0.0 0.0 0.0 1.0 0.0 0.0 0.0 1.0 0.0 0.0 4.0 38.0 0.0 0.0 1.0 2.0 0.0 0.0 4.0 30.0 0.0 0.0 9.0 63.0 0.0 0.0 0.0 8.0 2.0 0.0 9.0 25.0 
25_2_006_124
0.0 0.0 0.0 0.0 13.0 13.0 10.0 0.0 6.0 0.0 0.0 0.0 0.0 23.0 28.0 13.0 9.0 9.0 0.0 0.0 1.0 5.0 8.0 45.0 0.0 3.0 11.0 6.0 16.0 41.0 2.0 0.0 0.0 0.0 0.0 0.0 0.0 21.0 18.0 55.0 3.0 0.0 0.0 0.0 10.0 84.0 22.0 0.0 14.0 0.0 3.0 9.0 24.0 17.0 -7.0 62.0 54.0 0.0 0.0 0.0 0.0 40.0 0.0 38.0 6.0 0.0 0.0 0.0 0.0 1.0 34.0 86.0 0.0 0.0 4.0 16.0 5.0 15.0 61.0 20.0 6.0 0.0 21.0 88.0 19.0 1.0 10.0 1.0 0.0 0.0 0.0 0.0 0.0 0.0 33.0 102.0 0.0 0.0 0.0 0.0 0.0 5.0 61.0 57.0 1.0 4.0 11.0 57.0 11.0 0.0 23.0 10.0 0.0 0.0 0.0 2.0 64.0 54.0 33.0 8.0 0.0 0.0 0.0 0.0 0.0 14.0 18.0 36.0 
25_2_006_125
0.0 0.0 0.0 5.0 71.0 28.0 0.0 0.0 0.0 0.0 0.0 0.0 1.0 43.0 58.0 15.0 0.0 0.0 1.0 45.0 59.0 16.0 0.0 0.0 0.0 0.0 5.0 8.0 4.0 1.0 13.0 7.0 0.0 43.0 20.0 7.0 49.0 82.0 11.0 0.0 0.0 0.0 4.0 5.0 56.0 70.0 13.0 1.0 0.0 0.0 1.0 100.0 54.0 0.0 0.0 0.0 1.0 0.0 0.0 0.0 21.0 45.0 25.0 6.0 4.0 15.0 17.0 45.0 34.0 40.0 0.0 0.0 5.0 100.0 65.0 24.0 0.0 1.0 1.0 1.0 2.0 21.0 22.0 11.0 6.0 32.0 35.0 22.0 5.0 0.0 4.0 31.0 22.0 14.0 7.0 6.0 0.0 1.0 42.0 69.0 22.0 6.0 0.0 0.0 0.0 0.0 0.0 7.0 53.0 102.0 2.0 0.0 0.0 0.0 0.0 0.0 0.0 28.0 89.0 35.0 0.0 0.0 4.0 60.0 83.0 0.0 0.0 0.0 
25_2_006_126
0.0 0.0 0.0 0.0 0.0 0.0 7.0 45.0 0.0 0.0 0.0 25.0 17.0 1.0 4.0 13.0 37.0 1.0 3.0 11.0 4.0 0.0 -2.0 -3.0 64.0 0.0 0.0 0.0 0.0 0.0 -2.0 -16.0 11.0 0.0 0.0 0.0 0.0 0.0 -6.0 87.0 33.0 0.0 0.0 7.0 9.0 0.0 -8.0 13.0 2.0 0.0 0.0 38.0 45.0 0.0 0.0 -1.0 9.0 0.0 0.0 0.0 1.0 3.0 2.0 24.0 27.0 7.0 2.0 4.0 0.0 0.0 14.0 0.0 8.0 2.0 0.0 0.0 0.0 0.0 -26.0 102.0 -2.0 5.0 9.0 41.0 34.0 3.0 0.0 1.0 2.0 4.0 0.0 0.0 4.0 0.0 -3.0 27.0 25.0 20.0 0.0 0.0 0.0 0.0 -10.0 19.0 13.0 0.0 0.0 0.0 0.0 0.0 -28.0 72.0 50.0 1.0 0.0 6.0 13.0 0.0 -12.0 15.0 5.0 3.0 1.0 1.0 15.0 18.0 3.0 -2.0 
25_2_006_127
0.0 5.0 18.0 10.0 1.0 0.0 0.0 0.0 43.0 9.0 1.0 0.0 0.0 1.0 3.0 38.0 0.0 0.0 1.0 24.0 58.0 2.0 0.0 0.0 0.0 1.0 9.0 55.0 7.0 0.0 0.0 0.0 4.0 5.0 16.0 20.0 8.0 0.0 0.0 0.0 11.0 0.0 0.0 0.0 1.0 6.0 43.0 56.0 2.0 0.0 19.0 74.0 0.0 2.0 4.0 3.0 0.0 0.0 3.0 28.0 35.0 13.0 6.0 1.0 2.0 0.0 0.0 18.0 25.0 7.0 0.0 1.0 16.0 0.0 0.0 0.0 0.0 0.0 4.0 102.0 0.0 0.0 1.0 38.0 51.0 3.0 0.0 0.0 0.0 1.0 61.0 20.0 3.0 2.0 5.0 2.0 1.0 1.0 10.0 10.0 35.0 0.0 0.0 0.0 2.0 0.0 0.0 0.0 1.0 5.0 15.0 56.0 0.0 0.0 53.0 22.0 0.0 0.0 0.0 0.0 0.0 0.0 29.0 70.0 6.0 0.0 0.0 0.0 
25_2_006_128
0.0 0.0 0.0 6.0 37.0 3.0 0.0 0.0 1.0 0.0 0.0 0.0 0.0 5.0 -2.0 22.0 9.0 0.0 0.0 0.0 0.0 1.0 9.0 21.0 0.0 0.0 0.0 0.0 1.0 2.0 2.0 24.0 0.0 0.0 1.0 37.0 36.0 2.0 2.0 0.0 0.0 0.0 0.0 5.0 12.0 4.0 19.0 13.0 15.0 0.0 0.0 10.0 8.0 4.0 -9.0 15.0 1.0 0.0 0.0 0.0 0.0 0.0 -27.0 102.0 0.0 0.0 4.0 20.0 21.0 3.0 0.0 0.0 0.0 0.0 0.0 17.0 22.0 4.0 0.0 14.0 0.0 0.0 5.0 20.0 12.0 6.0 0.0 0.0 5.0 0.0 0.0 0.0 0.0 0.0 -12.0 71.0 0.0 0.0 0.0 14.0 17.0 3.0 2.0 4.0 0.0 0.0 1.0 20.0 19.0 0.0 2.0 6.0 0.0 0.0 1.0 13.0 24.0 5.0 0.0 10.0 0.0 0.0 0.0 1.0 0.0 0.0 -9.0 27.0 
25_2_006_129
0.0 0.0 0.0 17.0 5.0 0.0 0.0 0.0 5.0 2.0 1.0 5.0 0.0 0.0 0.0 2.0 48.0 34.0 1.0 1.0 0.0 0.0 0.0 0.0 102.0 64.0 0.0 0.0 0.0 0.0 0.0 0.0 0.0 0.0 0.0 12.0 39.0 9.0 0.0 0.0 0.0 0.0 0.0 3.0 19.0 15.0 10.0 0.0 0.0 0.0 0.0 5.0 22.0 5.0 0.0 0.0 8.0 6.0 0.0 2.0 2.0 0.0 0.0 0.0 12.0 11.0 2.0 5.0 3.0 0.0 0.0 0.0 0.0 0.0 3.0 10.0 14.0 2.0 1.0 0.0 0.0 0.0 11.0 34.0 0.0 0.0 0.0 0.0 0.0 1.0 4.0 1.0 0.0 3.0 1.0 0.0 5.0 8.0 7.0 2.0 6.0 1.0 0.0 0.0 8.0 6.0 8.0 2.0 2.0 3.0 3.0 0.0 0.0 0.0 4.0 5.0 12.0 4.0 0.0 0.0 0.0 0.0 0.0 0.0 1.0 11.0 7.0 2.0 
25_2_006_130
0.0 0.0 2.0 11.0 3.0 0.0 2.0 0.0 0.0 0.0 0.0 0.0 0.0 3.0 19.0 6.0 2.0 10.0 1.0 0.0 0.0 2.0 12.0 3.0 0.0 4.0 17.0 1.0 1.0 0.0 0.0 0.0 5.0 4.0 6.0 0.0 0.0 0.0 0.0 2.0 13.0 6.0 2.0 0.0 0.0 0.0 0.0 3.0 0.0 19.0 13.0 11.0 0.0 0.0 0.0 0.0 5.0 19.0 1.0 0.0 0.0 0.0 0.0 0.0 2.0 7.0 3.0 1.0 2.0 0.0 0.0 0.0 20.0 9.0 0.0 0.0 0.0 0.0 0.0 2.0 0.0 7.0 11.0 5.0 0.0 0.0 0.0 0.0 1.0 0.0 0.0 0.0 1.0 4.0 19.0 0.0 0.0 0.0 4.0 6.0 0.0 0.0 0.0 0.0 1.0 2.0 0.0 0.0 0.0 0.0 2.0 1.0 0.0 1.0 0.0 0.0 0.0 10.0 46.0 0.0 0.0 0.0 0.0 0.0 0.0 25.0 102.0 0.0 
25_2_006_131
0.0 0.0 0.0 4.0 15.0 0.0 0.0 0.0 0.0 0.0 0.0 6.0 26.0 0.0 -21.0 52.0 0.0 0.0 0.0 0.0 0.0 0.0 -32.0 81.0 1.0 0.0 0.0 3.0 7.0 0.0 -3.0 6.0 1.0 0.0 0.0 0.0 0.0 0.0 0.0 1.0 0.0 0.0 6.0 41.0 12.0 0.0 1.0 0.0 18.0 0.0 0.0 0.0 0.0 0.0 -29.0 77.0 3.0 0.0 0.0 0.0 1.0 0.0 -21.0 48.0 0.0 0.0 0.0 0.0 0.0 1.0 0.0 0.0 0.0 0.0 0.0 8.0 27.0 5.0 0.0 0.0 8.0 0.0 0.0 3.0 22.0 28.0 1.0 -2.0 0.0 0.0 0.0 0.0 2.0 0.0 -45.0 102.0 2.0 0.0 0.0 0.0 0.0 0.0 0.0 0.0 1.0 0.0 0.0 0.0 0.0 0.0 0.0 0.0 0.0 0.0 0.0 2.0 10.0 0.0 0.0 3.0 0.0 0.0 0.0 4.0 25.0 0.0 -8.0 20.0 
25_2_006_132
0.0 0.0 3.0 60.0 4.0 0.0 0.0 1.0 6.0 0.0 1.0 72.0 4.0 0.0 0.0 83.0 4.0 0.0 1.0 6.0 0.0 0.0 0.0 15.0 2.0 0.0 0.0 0.0 0.0 0.0 0.0 2.0 1.0 0.0 2.0 67.0 7.0 0.0 2.0 1.0 26.0 10.0 2.0 89.0 35.0 0.0 0.0 23.0 77.0 7.0 0.0 0.0 0.0 0.0 0.0 43.0 0.0 0.0 0.0 1.0 3.0 2.0 1.0 1.0 0.0 0.0 3.0 69.0 6.0 0.0 2.0 10.0 2.0 0.0 30.0 102.0 3.0 6.0 17.0 18.0 0.0 0.0 0.0 0.0 0.0 0.0 71.0 56.0 2.0 2.0 0.0 1.0 0.0 0.0 0.0 1.0 4.0 0.0 7.0 47.0 4.0 0.0 0.0 0.0 5.0 0.0 3.0 97.0 1.0 0.0 0.0 74.0 1.0 0.0 0.0 0.0 0.0 0.0 2.0 44.0 0.0 0.0 0.0 3.0 0.0 0.0 0.0 1.0 
25_2_006_133
0.0 0.0 0.0 1.0 0.0 0.0 0.0 2.0 0.0 0.0 1.0 29.0 2.0 0.0 0.0 1.0 0.0 0.0 0.0 41.0 4.0 0.0 0.0 65.0 0.0 0.0 0.0 1.0 2.0 0.0 1.0 32.0 0.0 0.0 0.0 0.0 1.0 1.0 0.0 1.0 0.0 0.0 42.0 37.0 0.0 0.0 0.0 0.0 4.0 2.0 10.0 11.0 1.0 0.0 13.0 66.0 0.0 0.0 1.0 6.0 0.0 0.0 -3.0 52.0 1.0 1.0 1.0 0.0 0.0 0.0 -1.0 3.0 0.0 0.0 0.0 27.0 46.0 5.0 0.0 1.0 0.0 0.0 0.0 13.0 16.0 6.0 -21.0 102.0 0.0 0.0 1.0 1.0 0.0 0.0 -4.0 52.0 0.0 0.0 0.0 1.0 1.0 0.0 0.0 0.0 0.0 0.0 0.0 7.0 2.0 0.0 0.0 5.0 0.0 0.0 0.0 53.0 6.0 0.0 -1.0 37.0 0.0 0.0 0.0 0.0 0.0 0.0 -2.0 53.0 
25_2_006_134
0.0 0.0 0.0 2.0 4.0 0.0 0.0 1.0 0.0 0.0 0.0 16.0 30.0 0.0 -7.0 21.0 0.0 0.0 0.0 0.0 0.0 0.0 -31.0 89.0 1.0 0.0 0.0 3.0 5.0 0.0 -2.0 8.0 1.0 0.0 0.0 0.0 0.0 0.0 0.0 0.0 0.0 0.0 10.0 38.0 7.0 0.0 0.0 0.0 0.0 0.0 0.0 0.0 0.0 0.0 -34.0 102.0 0.0 0.0 0.0 1.0 1.0 0.0 -17.0 45.0 0.0 0.0 0.0 0.0 0.0 0.0 0.0 1.0 0.0 0.0 0.0 10.0 24.0 5.0 0.0 0.0 11.0 0.0 0.0 5.0 20.0 18.0 0.0 7.0 0.0 0.0 0.0 0.0 0.0 0.0 -37.0 96.0 1.0 0.0 0.0 0.0 0.0 0.0 0.0 0.0 0.0 0.0 0.0 0.0 0.0 0.0 -1.0 3.0 0.0 0.0 0.0 8.0 18.0 0.0 0.0 1.0 0.0 0.0 0.0 4.0 11.0 0.0 -14.0 42.0 
25_2_006_135
0.0 0.0 0.0 3.0 1.0 0.0 0.0 0.0 0.0 0.0 11.0 81.0 42.0 0.0 0.0 0.0 0.0 1.0 3.0 8.0 9.0 0.0 0.0 0.0 0.0 3.0 4.0 1.0 2.0 0.0 0.0 0.0 0.0 0.0 0.0 0.0 0.0 0.0 0.0 0.0 0.0 0.0 9.0 92.0 35.0 0.0 0.0 0.0 0.0 0.0 2.0 30.0 28.0 2.0 0.0 0.0 0.0 0.0 0.0 8.0 7.0 1.0 0.0 0.0 0.0 0.0 0.0 0.0 0.0 0.0 0.0 0.0 0.0 0.0 0.0 19.0 59.0 2.0 0.0 0.0 0.0 0.0 7.0 63.0 56.0 10.0 0.0 0.0 1.0 1.0 2.0 8.0 3.0 0.0 1.0 1.0 0.0 0.0 0.0 0.0 0.0 0.0 0.0 0.0 0.0 0.0 0.0 9.0 2.0 0.0 0.0 0.0 0.0 0.0 6.0 102.0 25.0 0.0 0.0 0.0 0.0 0.0 2.0 11.0 6.0 0.0 0.0 0.0 
25_2_006_136
0.0 0.0 0.0 0.0 0.0 0.0 0.0 0.0 0.0 0.0 1.0 0.0 0.0 0.0 0.0 0.0 0.0 4.0 69.0 26.0 0.0 0.0 0.0 0.0 0.0 53.0 47.0 0.0 0.0 0.0 0.0 0.0 0.0 0.0 0.0 0.0 0.0 0.0 0.0 0.0 0.0 9.0 56.0 21.0 0.0 0.0 0.0 0.0 0.0 16.0 102.0 42.0 0.0 0.0 0.0 0.0 3.0 2.0 11.0 6.0 0.0 0.0 0.0 0.0 0.0 1.0 13.0 0.0 0.0 0.0 0.0 0.0 0.0 21.0 77.0 77.0 3.0 0.0 0.0 0.0 0.0 0.0 33.0 26.0 0.0 0.0 0.0 0.0 1.0 1.0 7.0 7.0 1.0 0.0 0.0 0.0 0.0 0.0 72.0 27.0 0.0 0.0 0.0 0.0 0.0 14.0 59.0 7.0 0.0 0.0 0.0 0.0 0.0 5.0 13.0 1.0 0.0 0.0 0.0 0.0 0.0 2.0 4.0 2.0 1.0 3.0 0.0 0.0 
25_2_006_137
0.0 0.0 0.0 0.0 0.0 0.0 9.0 73.0 13.0 0.0 22.0 77.0 13.0 3.0 6.0 -4.0 44.0 6.0 3.0 1.0 0.0 2.0 5.0 -4.0 14.0 0.0 0.0 0.0 0.0 0.0 7.0 47.0 0.0 0.0 0.0 0.0 0.0 0.0 -5.0 95.0 17.0 0.0 31.0 102.0 9.0 4.0 4.0 -5.0 32.0 0.0 1.0 0.0 0.0 4.0 6.0 10.0 0.0 0.0 0.0 0.0 0.0 0.0 -2.0 101.0 0.0 0.0 0.0 0.0 0.0 0.0 5.0 83.0 8.0 3.0 23.0 98.0 7.0 4.0 0.0 -3.0 28.0 0.0 0.0 0.0 0.0 13.0 18.0 6.0 0.0 0.0 0.0 0.0 0.0 0.0 4.0 81.0 5.0 0.0 0.0 0.0 0.0 0.0 11.0 48.0 0.0 7.0 21.0 59.0 18.0 5.0 1.0 0.0 3.0 1.0 0.0 0.0 0.0 3.0 14.0 26.0 0.0 0.0 0.0 0.0 0.0 0.0 0.0 67.0 
25_2_006_138
4.0 11.0 20.0 21.0 21.0 17.0 7.0 6.0 8.0 13.0 7.0 0.0 0.0 5.0 22.0 66.0 11.0 8.0 2.0 17.0 7.0 17.0 0.0 32.0 15.0 25.0 41.0 41.0 11.0 8.0 15.0 11.0 10.0 11.0 10.0 3.0 12.0 10.0 28.0 38.0 7.0 24.0 7.0 14.0 11.0 24.0 19.0 11.0 0.0 22.0 50.0 59.0 6.0 7.0 22.0 7.0 8.0 8.0 3.0 0.0 1.0 19.0 25.0 58.0 8.0 25.0 14.0 14.0 20.0 16.0 0.0 12.0 4.0 16.0 37.0 18.0 5.0 11.0 30.0 26.0 14.0 42.0 11.0 12.0 17.0 15.0 8.0 37.0 0.0 1.0 19.0 25.0 2.0 4.0 35.0 4.0 9.0 7.0 10.0 0.0 0.0 5.0 22.0 71.0 2.0 34.0 19.0 38.0 12.0 6.0 -10.0 24.0 0.0 0.0 8.0 5.0 0.0 5.0 62.0 19.0 1.0 3.0 102.0 16.0 0.0 0.0 4.0 2.0 
25_2_006_139
15.0 7.0 5.0 39.0 41.0 31.0 -4.0 7.0 38.0 30.0 17.0 19.0 6.0 7.0 -2.0 48.0 9.0 5.0 1.0 3.0 12.0 18.0 -36.0 79.0 22.0 0.0 0.0 10.0 102.0 9.0 0.0 0.0 -7.0 31.0 15.0 10.0 2.0 15.0 6.0 24.0 10.0 0.0 5.0 25.0 49.0 51.0 -16.0 45.0 41.0 12.0 12.0 27.0 15.0 22.0 4.0 13.0 55.0 0.0 0.0 2.0 20.0 2.0 -31.0 57.0 0.0 47.0 0.0 0.0 21.0 1.0 -21.0 84.0 20.0 13.0 0.0 26.0 13.0 20.0 -8.0 36.0 26.0 9.0 4.0 21.0 40.0 20.0 -14.0 37.0 3.0 20.0 8.0 25.0 3.0 36.0 8.0 22.0 0.0 24.0 7.0 13.0 19.0 20.0 7.0 3.0 83.0 0.0 3.0 2.0 9.0 5.0 13.0 -8.0 -9.0 35.0 16.0 23.0 8.0 16.0 8.0 32.0 60.0 20.0 1.0 8.0 22.0 3.0 -6.0 -1.0 
25_2_006_140
21.0 2.0 0.0 12.0 30.0 42.0 8.0 21.0 15.0 2.0 2.0 22.0 20.0 12.0 37.0 20.0 0.0 0.0 71.0 52.0 13.0 10.0 0.0 0.0 28.0 6.0 4.0 4.0 0.0 0.0 0.0 25.0 43.0 81.0 15.0 0.0 3.0 12.0 0.0 4.0 40.0 1.0 41.0 102.0 1.0 0.0 10.0 54.0 0.0 0.0 14.0 37.0 71.0 15.0 19.0 10.0 9.0 6.0 0.0 11.0 51.0 13.0 2.0 0.0 0.0 0.0 0.0 6.0 78.0 78.0 10.0 9.0 29.0 0.0 11.0 30.0 12.0 7.0 10.0 63.0 0.0 11.0 48.0 47.0 11.0 15.0 38.0 3.0 0.0 14.0 85.0 28.0 27.0 0.0 0.0 0.0 0.0 11.0 20.0 9.0 18.0 5.0 2.0 3.0 0.0 1.0 10.0 11.0 14.0 18.0 14.0 0.0 0.0 2.0 44.0 52.0 6.0 0.0 0.0 0.0 4.0 2.0 0.0 22.0 25.0 20.0 38.0 17.0 
25_2_006_141
13.0 17.0 0.0 0.0 0.0 28.0 102.0 20.0 30.0 1.0 30.0 32.0 61.0 16.0 50.0 52.0 0.0 6.0 31.0 50.0 26.0 16.0 2.0 3.0 17.0 3.0 19.0 16.0 13.0 18.0 33.0 6.0 49.0 15.0 3.0 5.0 0.0 4.0 13.0 47.0 36.0 5.0 32.0 81.0 48.0 20.0 38.0 53.0 6.0 72.0 84.0 101.0 0.0 1.0 0.0 0.0 63.0 27.0 57.0 18.0 6.0 0.0 8.0 13.0 23.0 7.0 3.0 4.0 0.0 14.0 31.0 55.0 60.0 23.0 62.0 73.0 41.0 10.0 37.0 46.0 0.0 0.0 5.0 97.0 59.0 65.0 14.0 0.0 0.0 3.0 24.0 47.0 42.0 20.0 66.0 8.0 24.0 5.0 4.0 2.0 0.0 0.0 13.0 63.0 55.0 13.0 58.0 79.0 18.0 3.0 21.0 48.0 7.0 45.0 39.0 19.0 2.0 4.0 3.0 1.0 16.0 16.0 21.0 62.0 20.0 4.0 0.0 0.0 
25_2_006_142
1.0 0.0 12.0 14.0 20.0 11.0 2.0 3.0 0.0 0.0 11.0 9.0 10.0 12.0 18.0 1.0 0.0 2.0 44.0 39.0 4.0 0.0 0.0 0.0 22.0 6.0 16.0 0.0 4.0 8.0 16.0 39.0 17.0 15.0 28.0 27.0 2.0 0.0 0.0 7.0 18.0 14.0 29.0 38.0 5.0 0.0 4.0 4.0 5.0 1.0 36.0 86.0 0.0 0.0 0.0 4.0 1.0 0.0 2.0 1.0 1.0 6.0 77.0 53.0 0.0 1.0 25.0 29.0 3.0 0.0 0.0 0.0 3.0 35.0 7.0 3.0 6.0 29.0 9.0 1.0 0.0 1.0 18.0 51.0 41.0 4.0 14.0 0.0 7.0 8.0 12.0 6.0 2.0 0.0 27.0 102.0 0.0 5.0 21.0 5.0 0.0 0.0 0.0 0.0 40.0 13.0 5.0 1.0 5.0 0.0 1.0 26.0 0.0 0.0 0.0 34.0 57.0 1.0 2.0 1.0 14.0 26.0 13.0 9.0 3.0 0.0 0.0 4.0 
25_2_006_143
3.0 1.0 6.0 3.0 4.0 11.0 19.0 13.0 0.0 0.0 21.0 26.0 17.0 30.0 6.0 6.0 1.0 15.0 8.0 0.0 0.0 0.0 -29.0 69.0 0.0 0.0 0.0 25.0 45.0 3.0 -1.0 4.0 0.0 0.0 1.0 16.0 40.0 14.0 61.0 38.0 17.0 9.0 3.0 34.0 55.0 6.0 0.0 9.0 18.0 5.0 12.0 19.0 30.0 15.0 -6.0 40.0 5.0 2.0 9.0 27.0 5.0 0.0 -12.0 32.0 -6.0 46.0 102.0 24.0 17.0 23.0 34.0 0.0 51.0 17.0 55.0 41.0 8.0 0.0 -3.0 -13.0 10.0 0.0 9.0 38.0 24.0 19.0 -2.0 31.0 8.0 13.0 4.0 0.0 5.0 8.0 13.0 15.0 29.0 26.0 58.0 11.0 12.0 13.0 4.0 -9.0 9.0 5.0 0.0 9.0 11.0 27.0 4.0 28.0 1.0 20.0 17.0 18.0 3.0 3.0 19.0 10.0 17.0 18.0 21.0 18.0 19.0 2.0 -8.0 39.0 
25_2_006_144
3.0 0.0 0.0 1.0 70.0 72.0 3.0 0.0 0.0 9.0 14.0 18.0 14.0 31.0 31.0 0.0 15.0 5.0 6.0 8.0 16.0 12.0 5.0 1.0 0.0 2.0 1.0 10.0 11.0 5.0 2.0 13.0 55.0 102.0 7.0 2.0 0.0 0.0 -4.0 10.0 2.0 28.0 52.0 38.0 1.0 5.0 0.0 12.0 1.0 15.0 31.0 38.0 8.0 4.0 2.0 10.0 3.0 7.0 3.0 0.0 0.0 0.0 5.0 37.0 0.0 0.0 8.0 13.0 16.0 15.0 14.0 18.0 8.0 14.0 6.0 5.0 5.0 17.0 4.0 43.0 9.0 10.0 27.0 11.0 11.0 12.0 15.0 12.0 2.0 6.0 13.0 10.0 2.0 1.0 7.0 8.0 11.0 8.0 4.0 4.0 2.0 1.0 1.0 5.0 9.0 36.0 24.0 4.0 5.0 10.0 -2.0 7.0 9.0 1.0 0.0 4.0 11.0 12.0 0.0 24.0 0.0 2.0 23.0 26.0 6.0 0.0 0.0 0.0 
25_2_006_145
50.0 67.0 4.0 1.0 0.0 0.0 0.0 13.0 52.0 42.0 32.0 24.0 2.0 0.0 0.0 0.0 66.0 10.0 15.0 8.0 5.0 0.0 6.0 21.0 11.0 32.0 24.0 14.0 3.0 0.0 0.0 0.0 0.0 0.0 0.0 0.0 1.0 63.0 97.0 10.0 2.0 1.0 29.0 72.0 44.0 21.0 2.0 1.0 20.0 56.0 63.0 11.0 0.0 0.0 0.0 0.0 60.0 82.0 4.0 0.0 0.0 0.0 0.0 3.0 13.0 36.0 58.0 7.0 0.0 0.0 6.0 3.0 7.0 62.0 40.0 44.0 10.0 0.0 0.0 0.0 0.0 0.0 21.0 58.0 45.0 11.0 0.0 0.0 19.0 8.0 3.0 0.0 0.0 1.0 0.0 9.0 5.0 17.0 29.0 6.0 0.0 0.0 2.0 2.0 3.0 9.0 11.0 21.0 3.0 4.0 3.0 0.0 0.0 3.0 46.0 22.0 0.0 0.0 0.0 2.0 2.0 0.0 0.0 1.0 2.0 2.0 102.0 18.0 
25_2_006_146
0.0 0.0 0.0 14.0 36.0 47.0 4.0 0.0 0.0 1.0 19.0 34.0 8.0 14.0 3.0 0.0 1.0 34.0 60.0 6.0 6.0 1.0 0.0 2.0 59.0 21.0 1.0 8.0 0.0 1.0 2.0 26.0 18.0 20.0 52.0 11.0 0.0 1.0 10.0 34.0 0.0 0.0 16.0 102.0 66.0 12.0 0.0 0.0 0.0 0.0 5.0 13.0 9.0 50.0 92.0 19.0 6.0 1.0 0.0 3.0 44.0 63.0 5.0 7.0 35.0 5.0 7.0 5.0 0.0 0.0 9.0 46.0 0.0 0.0 45.0 52.0 2.0 18.0 18.0 30.0 0.0 6.0 9.0 14.0 31.0 39.0 35.0 11.0 6.0 11.0 31.0 18.0 0.0 0.0 2.0 8.0 36.0 12.0 2.0 14.0 6.0 3.0 5.0 2.0 0.0 5.0 14.0 1.0 0.0 0.0 39.0 58.0 3.0 0.0 31.0 40.0 0.0 1.0 0.0 5.0 8.0 2.0 17.0 38.0 1.0 0.0 0.0 1.0 
25_2_006_147
0.0 -2.0 9.0 7.0 12.0 6.0 4.0 0.0 0.0 0.0 2.0 7.0 22.0 18.0 11.0 0.0 0.0 3.0 2.0 0.0 0.0 19.0 8.0 0.0 0.0 2.0 2.0 0.0 10.0 4.0 0.0 0.0 -1.0 -1.0 9.0 40.0 22.0 0.0 1.0 32.0 0.0 -20.0 53.0 68.0 11.0 9.0 9.0 48.0 0.0 0.0 0.0 0.0 2.0 21.0 72.0 55.0 0.0 0.0 3.0 62.0 53.0 8.0 0.0 0.0 -6.0 -7.0 76.0 5.0 0.0 0.0 0.0 54.0 10.0 -36.0 102.0 30.0 0.0 0.0 0.0 48.0 33.0 -2.0 7.0 1.0 3.0 1.0 17.0 70.0 1.0 -9.0 26.0 86.0 11.0 0.0 0.0 0.0 28.0 7.0 0.0 0.0 0.0 0.0 -5.0 7.0 28.0 12.0 18.0 0.0 0.0 0.0 -6.0 1.0 79.0 23.0 0.0 0.0 0.0 0.0 -24.0 28.0 1.0 46.0 11.0 4.0 1.0 2.0 0.0 -2.0 
25_2_006_148
0.0 0.0 0.0 0.0 2.0 38.0 33.0 0.0 0.0 0.0 0.0 0.0 38.0 43.0 0.0 0.0 0.0 0.0 0.0 4.0 27.0 24.0 28.0 14.0 0.0 0.0 0.0 0.0 5.0 9.0 40.0 6.0 27.0 1.0 0.0 5.0 7.0 3.0 20.0 55.0 3.0 2.0 10.0 76.0 41.0 19.0 4.0 5.0 9.0 0.0 0.0 50.0 10.0 0.0 6.0 90.0 24.0 0.0 0.0 34.0 5.0 0.0 7.0 58.0 62.0 0.0 0.0 0.0 0.0 0.0 0.0 76.0 4.0 17.0 37.0 102.0 7.0 0.0 0.0 0.0 44.0 14.0 11.0 20.0 10.0 0.0 0.0 79.0 23.0 0.0 15.0 36.0 12.0 0.0 2.0 16.0 24.0 6.0 0.0 0.0 0.0 0.0 1.0 2.0 7.0 41.0 30.0 3.0 0.0 0.0 0.0 1.0 12.0 12.0 0.0 0.0 0.0 0.0 2.0 5.0 5.0 6.0 6.0 0.0 0.0 0.0 0.0 0.0 
25_2_006_149
24.0 0.0 0.0 0.0 0.0 0.0 11.0 31.0 0.0 0.0 7.0 54.0 8.0 0.0 0.0 0.0 0.0 0.0 5.0 10.0 26.0 30.0 6.0 3.0 0.0 2.0 25.0 8.0 10.0 18.0 0.0 0.0 29.0 0.0 0.0 0.0 0.0 0.0 4.0 57.0 0.0 0.0 0.0 21.0 54.0 14.0 0.0 0.0 0.0 0.0 53.0 63.0 8.0 1.0 2.0 2.0 8.0 15.0 41.0 8.0 0.0 0.0 0.0 2.0 10.0 0.0 0.0 0.0 6.0 5.0 4.0 57.0 2.0 0.0 29.0 34.0 0.0 0.0 0.0 11.0 0.0 0.0 22.0 102.0 15.0 0.0 0.0 0.0 2.0 0.0 0.0 25.0 15.0 1.0 1.0 8.0 10.0 2.0 1.0 2.0 3.0 0.0 0.0 11.0 11.0 9.0 40.0 12.0 0.0 0.0 0.0 2.0 0.0 0.0 18.0 57.0 1.0 0.0 0.0 0.0 0.0 0.0 3.0 28.0 4.0 0.0 0.0 0.0 
25_2_006_150
1.0 1.0 0.0 0.0 12.0 19.0 8.0 0.0 12.0 19.0 3.0 0.0 6.0 7.0 -11.0 45.0 15.0 3.0 0.0 19.0 27.0 42.0 6.0 22.0 2.0 9.0 18.0 23.0 16.0 8.0 8.0 8.0 28.0 31.0 7.0 1.0 1.0 4.0 1.0 67.0 10.0 22.0 6.0 13.0 13.0 20.0 6.0 8.0 1.0 54.0 58.0 42.0 7.0 4.0 1.0 23.0 14.0 14.0 1.0 1.0 5.0 10.0 -12.0 102.0 1.0 2.0 8.0 18.0 5.0 23.0 14.0 3.0 3.0 10.0 23.0 27.0 0.0 7.0 24.0 34.0 7.0 26.0 26.0 20.0 19.0 24.0 1.0 62.0 0.0 6.0 15.0 17.0 4.0 3.0 27.0 7.0 4.0 9.0 9.0 3.0 4.0 2.0 9.0 30.0 4.0 26.0 23.0 40.0 9.0 0.0 -2.0 18.0 0.0 0.0 0.0 1.0 5.0 16.0 47.0 14.0 2.0 10.0 55.0 27.0 0.0 0.0 1.0 1.0 
25_2_006_151
7.0 22.0 17.0 1.0 0.0 0.0 1.0 4.0 0.0 0.0 10.0 11.0 11.0 16.0 5.0 8.0 11.0 16.0 14.0 0.0 0.0 2.0 10.0 7.0 55.0 6.0 0.0 5.0 0.0 1.0 0.0 22.0 0.0 1.0 13.0 17.0 8.0 15.0 10.0 2.0 13.0 16.0 7.0 9.0 6.0 3.0 4.0 18.0 1.0 1.0 13.0 5.0 18.0 17.0 3.0 6.0 47.0 27.0 5.0 0.0 0.0 0.0 0.0 8.0 0.0 4.0 3.0 9.0 27.0 1.0 1.0 0.0 10.0 10.0 0.0 7.0 6.0 4.0 9.0 9.0 1.0 0.0 12.0 44.0 17.0 0.0 0.0 6.0 2.0 19.0 24.0 18.0 0.0 0.0 0.0 0.0 5.0 10.0 14.0 10.0 3.0 0.0 0.0 2.0 3.0 26.0 36.0 2.0 3.0 5.0 1.0 3.0 0.0 59.0 102.0 0.0 0.0 0.0 0.0 0.0 0.0 25.0 64.0 0.0 0.0 0.0 0.0 0.0 
25_2_006_152
1.0 0.0 0.0 0.0 8.0 5.0 -3.0 12.0 8.0 2.0 3.0 8.0 1.0 4.0 3.0 -1.0 9.0 0.0 0.0 0.0 4.0 0.0 -12.0 25.0 0.0 1.0 0.0 7.0 26.0 1.0 -1.0 3.0 13.0 0.0 3.0 5.0 2.0 3.0 0.0 -3.0 7.0 0.0 1.0 3.0 13.0 4.0 -1.0 10.0 7.0 2.0 5.0 9.0 1.0 8.0 2.0 3.0 1.0 1.0 0.0 0.0 6.0 1.0 -6.0 19.0 10.0 0.0 0.0 0.0 2.0 2.0 6.0 5.0 -1.0 22.0 5.0 7.0 0.0 5.0 1.0 3.0 26.0 0.0 1.0 7.0 10.0 3.0 1.0 -3.0 -2.0 10.0 0.0 0.0 0.0 4.0 10.0 11.0 -14.0 37.0 26.0 3.0 0.0 0.0 2.0 0.0 58.0 35.0 3.0 4.0 0.0 0.0 0.0 -29.0 46.0 31.0 0.0 0.0 0.0 0.0 -9.0 7.0 -15.0 102.0 0.0 0.0 0.0 0.0 0.0 -6.0 
25_2_006_153
23.0 19.0 25.0 18.0 14.0 4.0 0.0 14.0 13.0 11.0 14.0 1.0 25.0 21.0 14.0 51.0 40.0 26.0 3.0 17.0 10.0 26.0 9.0 6.0 54.0 33.0 0.0 0.0 2.0 31.0 78.0 44.0 0.0 2.0 17.0 11.0 20.0 35.0 41.0 39.0 5.0 22.0 9.0 27.0 24.0 19.0 14.0 9.0 19.0 41.0 71.0 54.0 5.0 21.0 3.0 10.0 102.0 66.0 16.0 0.0 0.0 0.0 30.0 44.0 10.0 7.0 4.0 22.0 17.0 4.0 0.0 12.0 2.0 65.0 78.0 40.0 0.0 0.0 18.0 8.0 34.0 21.0 13.0 27.0 47.0 52.0 18.0 44.0 3.0 25.0 59.0 39.0 1.0 16.0 26.0 3.0 2.0 31.0 46.0 26.0 13.0 1.0 4.0 1.0 18.0 5.0 7.0 28.0 37.0 37.0 32.0 35.0 27.0 35.0 35.0 30.0 9.0 0.0 23.0 15.0 3.0 0.0 4.0 22.0 31.0 38.0 4.0 22.0 
25_2_006_154
67.0 0.0 3.0 3.0 9.0 7.0 10.0 40.0 5.0 52.0 94.0 83.0 1.0 0.0 0.0 0.0 46.0 18.0 16.0 28.0 23.0 0.0 0.0 21.0 7.0 11.0 3.0 3.0 20.0 4.0 24.0 30.0 11.0 41.0 28.0 20.0 3.0 4.0 4.0 10.0 4.0 19.0 27.0 26.0 44.0 24.0 24.0 7.0 13.0 26.0 3.0 7.0 37.0 35.0 34.0 59.0 16.0 28.0 36.0 28.0 19.0 17.0 10.0 4.0 23.0 33.0 4.0 0.0 1.0 23.0 32.0 12.0 19.0 11.0 10.0 16.0 13.0 17.0 13.0 5.0 23.0 4.0 24.0 102.0 55.0 33.0 0.0 0.0 24.0 4.0 0.0 9.0 26.0 42.0 28.0 23.0 15.0 8.0 13.0 32.0 16.0 18.0 12.0 11.0 11.0 7.0 2.0 3.0 19.0 22.0 17.0 29.0 3.0 5.0 14.0 34.0 11.0 16.0 8.0 3.0 27.0 23.0 27.0 18.0 13.0 12.0 15.0 14.0 
25_2_006_155
0.0 0.0 0.0 0.0 0.0 0.0 0.0 0.0 0.0 0.0 0.0 14.0 1.0 0.0 0.0 0.0 1.0 0.0 0.0 75.0 5.0 0.0 0.0 8.0 6.0 0.0 0.0 1.0 0.0 0.0 2.0 6.0 0.0 0.0 0.0 0.0 0.0 0.0 0.0 0.0 0.0 0.0 0.0 15.0 0.0 0.0 0.0 0.0 0.0 0.0 1.0 102.0 5.0 0.0 1.0 8.0 1.0 0.0 0.0 0.0 1.0 1.0 9.0 13.0 0.0 0.0 0.0 0.0 0.0 0.0 0.0 0.0 0.0 0.0 4.0 26.0 1.0 0.0 0.0 0.0 0.0 0.0 14.0 79.0 0.0 0.0 0.0 10.0 8.0 1.0 0.0 0.0 0.0 0.0 3.0 12.0 0.0 0.0 0.0 0.0 0.0 0.0 0.0 0.0 0.0 0.0 18.0 34.0 0.0 0.0 0.0 0.0 0.0 0.0 11.0 36.0 0.0 0.0 0.0 8.0 1.0 0.0 0.0 0.0 0.0 1.0 4.0 14.0 
25_2_006_156
0.0 3.0 29.0 102.0 2.0 0.0 0.0 0.0 1.0 11.0 20.0 17.0 0.0 0.0 0.0 0.0 1.0 0.0 4.0 30.0 7.0 0.0 3.0 1.0 4.0 0.0 3.0 10.0 0.0 0.0 6.0 16.0 0.0 0.0 6.0 85.0 8.0 1.0 1.0 0.0 0.0 0.0 6.0 58.0 14.0 1.0 7.0 2.0 3.0 2.0 1.0 1.0 0.0 0.0 12.0 20.0 0.0 0.0 18.0 19.0 0.0 0.0 0.0 1.0 0.0 0.0 0.0 65.0 60.0 5.0 0.0 0.0 0.0 0.0 19.0 67.0 9.0 0.0 0.0 0.0 16.0 1.0 4.0 7.0 0.0 0.0 8.0 13.0 0.0 0.0 16.0 13.0 20.0 3.0 0.0 0.0 2.0 0.0 9.0 66.0 19.0 11.0 0.0 0.0 0.0 0.0 18.0 62.0 10.0 1.0 0.0 0.0 18.0 1.0 1.0 1.0 3.0 4.0 1.0 3.0 0.0 10.0 27.0 11.0 0.0 0.0 0.0 0.0 
25_2_006_157
26.0 1.0 20.0 13.0 0.0 1.0 0.0 1.0 0.0 2.0 28.0 11.0 21.0 6.0 11.0 4.0 3.0 5.0 1.0 7.0 17.0 1.0 5.0 26.0 0.0 0.0 0.0 0.0 0.0 0.0 31.0 76.0 0.0 19.0 15.0 0.0 0.0 0.0 24.0 40.0 0.0 0.0 14.0 42.0 6.0 10.0 37.0 10.0 0.0 0.0 10.0 14.0 12.0 0.0 34.0 12.0 22.0 0.0 0.0 0.0 0.0 0.0 4.0 102.0 5.0 0.0 0.0 0.0 0.0 2.0 7.0 73.0 0.0 3.0 16.0 20.0 9.0 24.0 14.0 35.0 0.0 0.0 3.0 9.0 15.0 39.0 18.0 10.0 7.0 2.0 0.0 0.0 0.0 3.0 24.0 20.0 27.0 3.0 0.0 0.0 0.0 0.0 1.0 8.0 69.0 0.0 0.0 0.0 0.0 0.0 -17.0 46.0 5.0 6.0 20.0 19.0 5.0 1.0 0.0 2.0 0.0 0.0 0.0 0.0 0.0 0.0 12.0 73.0 
25_2_006_158
1.0 0.0 0.0 5.0 21.0 0.0 0.0 1.0 0.0 0.0 0.0 5.0 14.0 10.0 0.0 0.0 40.0 3.0 0.0 0.0 0.0 3.0 21.0 51.0 26.0 81.0 85.0 0.0 2.0 6.0 26.0 16.0 6.0 1.0 2.0 5.0 4.0 0.0 0.0 5.0 0.0 0.0 7.0 35.0 7.0 0.0 0.0 0.0 24.0 0.0 0.0 0.0 0.0 0.0 13.0 36.0 18.0 0.0 0.0 0.0 0.0 54.0 102.0 100.0 5.0 3.0 1.0 0.0 0.0 0.0 0.0 0.0 0.0 0.0 1.0 30.0 16.0 0.0 0.0 0.0 17.0 2.0 0.0 1.0 0.0 1.0 2.0 21.0 79.0 92.0 4.0 0.0 0.0 0.0 0.0 26.0 6.0 0.0 0.0 0.0 0.0 0.0 0.0 6.0 0.0 0.0 0.0 7.0 17.0 1.0 3.0 0.0 3.0 0.0 0.0 13.0 9.0 0.0 0.0 11.0 4.0 0.0 0.0 0.0 0.0 0.0 1.0 15.0 
25_2_006_159
0.0 2.0 0.0 11.0 9.0 1.0 -2.0 39.0 0.0 1.0 8.0 11.0 12.0 1.0 3.0 2.0 0.0 0.0 0.0 48.0 15.0 2.0 10.0 7.0 0.0 0.0 0.0 57.0 3.0 0.0 0.0 0.0 49.0 0.0 0.0 0.0 1.0 1.0 -2.0 -6.0 35.0 0.0 2.0 5.0 13.0 1.0 16.0 13.0 0.0 0.0 3.0 102.0 3.0 1.0 8.0 2.0 0.0 0.0 0.0 74.0 4.0 0.0 0.0 0.0 0.0 0.0 0.0 1.0 4.0 0.0 0.0 0.0 17.0 0.0 0.0 0.0 2.0 3.0 -16.0 45.0 0.0 7.0 24.0 66.0 0.0 0.0 0.0 0.0 0.0 0.0 0.0 79.0 6.0 0.0 0.0 0.0 0.0 0.0 0.0 1.0 0.0 0.0 0.0 0.0 0.0 0.0 0.0 0.0 0.0 0.0 0.0 0.0 0.0 0.0 0.0 26.0 3.0 0.0 0.0 0.0 0.0 0.0 0.0 63.0 6.0 0.0 0.0 0.0 
25_2_006_160
0.0 0.0 79.0 39.0 0.0 0.0 11.0 2.0 0.0 0.0 0.0 2.0 1.0 6.0 32.0 6.0 1.0 5.0 30.0 14.0 0.0 0.0 8.0 1.0 2.0 7.0 13.0 1.0 0.0 0.0 9.0 15.0 0.0 0.0 4.0 5.0 11.0 54.0 20.0 2.0 0.0 0.0 57.0 50.0 5.0 4.0 15.0 1.0 24.0 70.0 38.0 2.0 0.0 0.0 3.0 3.0 37.0 44.0 52.0 0.0 0.0 0.0 0.0 8.0 1.0 33.0 73.0 41.0 18.0 2.0 0.0 0.0 18.0 20.0 12.0 102.0 33.0 0.0 0.0 0.0 0.0 14.0 29.0 40.0 64.0 0.0 0.0 0.0 21.0 20.0 1.0 0.0 0.0 3.0 8.0 2.0 2.0 1.0 52.0 22.0 0.0 0.0 1.0 0.0 16.0 44.0 17.0 0.0 0.0 0.0 0.0 0.0 21.0 35.0 2.0 3.0 68.0 10.0 0.0 0.0 2.0 1.0 0.0 0.0 49.0 20.0 1.0 1.0 
25_2_006_161
0.0 0.0 0.0 17.0 8.0 3.0 44.0 22.0 0.0 0.0 20.0 92.0 22.0 0.0 0.0 0.0 0.0 1.0 6.0 19.0 10.0 10.0 4.0 12.0 0.0 0.0 22.0 21.0 0.0 0.0 6.0 9.0 0.0 0.0 11.0 66.0 9.0 0.0 22.0 21.0 0.0 2.0 39.0 90.0 13.0 0.0 0.0 0.0 1.0 2.0 5.0 32.0 22.0 17.0 9.0 22.0 0.0 0.0 2.0 25.0 16.0 4.0 10.0 13.0 0.0 0.0 4.0 68.0 7.0 0.0 3.0 4.0 0.0 0.0 15.0 102.0 33.0 2.0 0.0 0.0 0.0 2.0 10.0 52.0 9.0 1.0 7.0 46.0 0.0 0.0 7.0 25.0 2.0 0.0 -1.0 14.0 0.0 0.0 17.0 61.0 8.0 0.0 0.0 0.0 0.0 3.0 33.0 51.0 23.0 1.0 0.0 0.0 5.0 3.0 27.0 37.0 0.0 0.0 -6.0 32.0 0.0 0.0 2.0 9.0 0.0 0.0 1.0 19.0 
25_2_006_162
2.0 0.0 0.0 0.0 0.0 0.0 32.0 49.0 0.0 0.0 12.0 58.0 5.0 0.0 0.0 0.0 0.0 0.0 16.0 14.0 2.0 5.0 5.0 1.0 0.0 2.0 6.0 1.0 0.0 0.0 -3.0 28.0 0.0 0.0 0.0 0.0 0.0 1.0 20.0 33.0 0.0 6.0 46.0 102.0 11.0 0.0 -2.0 5.0 1.0 23.0 19.0 3.0 0.0 7.0 4.0 30.0 4.0 0.0 0.0 0.0 2.0 12.0 8.0 18.0 0.0 10.0 5.0 6.0 9.0 3.0 -20.0 50.0 0.0 3.0 41.0 59.0 32.0 4.0 0.0 0.0 0.0 0.0 1.0 0.0 3.0 24.0 32.0 23.0 0.0 0.0 0.0 0.0 0.0 8.0 23.0 8.0 0.0 0.0 0.0 21.0 22.0 3.0 0.0 0.0 1.0 0.0 14.0 24.0 12.0 5.0 0.0 0.0 3.0 0.0 0.0 0.0 0.0 3.0 28.0 14.0 0.0 0.0 0.0 0.0 0.0 8.0 40.0 9.0 
25_2_006_163
11.0 40.0 1.0 0.0 0.0 0.0 0.0 9.0 0.0 3.0 14.0 35.0 7.0 0.0 4.0 1.0 0.0 0.0 8.0 28.0 8.0 4.0 0.0 0.0 0.0 0.0 7.0 45.0 4.0 0.0 2.0 0.0 21.0 0.0 7.0 6.0 5.0 4.0 0.0 57.0 10.0 0.0 17.0 94.0 4.0 0.0 5.0 10.0 19.0 7.0 4.0 43.0 6.0 1.0 3.0 3.0 0.0 0.0 9.0 37.0 9.0 1.0 3.0 11.0 6.0 0.0 9.0 18.0 1.0 1.0 10.0 46.0 7.0 0.0 18.0 102.0 4.0 0.0 1.0 20.0 6.0 8.0 14.0 16.0 7.0 1.0 0.0 0.0 2.0 4.0 22.0 17.0 5.0 0.0 4.0 12.0 23.0 5.0 7.0 8.0 0.0 0.0 0.0 6.0 14.0 23.0 28.0 14.0 1.0 0.0 0.0 2.0 0.0 2.0 3.0 29.0 10.0 2.0 9.0 3.0 4.0 0.0 1.0 28.0 2.0 0.0 5.0 21.0 
25_2_006_164
0.0 0.0 0.0 0.0 1.0 67.0 72.0 0.0 2.0 8.0 17.0 2.0 7.0 94.0 20.0 0.0 14.0 3.0 0.0 0.0 0.0 28.0 37.0 51.0 0.0 5.0 0.0 50.0 75.0 10.0 0.0 0.0 0.0 0.0 6.0 5.0 11.0 37.0 34.0 1.0 1.0 7.0 33.0 93.0 50.0 31.0 0.0 0.0 69.0 69.0 33.0 0.0 0.0 0.0 -11.0 73.0 6.0 44.0 53.0 7.0 7.0 8.0 9.0 7.0 1.0 102.0 63.0 0.0 1.0 11.0 7.0 6.0 2.0 37.0 98.0 79.0 13.0 14.0 2.0 1.0 0.0 3.0 0.0 0.0 5.0 98.0 72.0 34.0 5.0 10.0 25.0 7.0 1.0 14.0 87.0 3.0 2.0 6.0 14.0 4.0 12.0 15.0 19.0 3.0 6.0 29.0 7.0 0.0 0.0 28.0 47.0 28.0 0.0 37.0 69.0 8.0 1.0 11.0 16.0 4.0 0.0 50.0 20.0 0.0 14.0 16.0 11.0 0.0 
25_2_006_165
0.0 0.0 4.0 27.0 25.0 11.0 22.0 18.0 10.0 2.0 0.0 7.0 11.0 2.0 0.0 3.0 2.0 1.0 2.0 2.0 0.0 0.0 0.0 0.0 0.0 0.0 4.0 65.0 0.0 0.0 0.0 0.0 19.0 2.0 48.0 17.0 0.0 0.0 0.0 28.0 36.0 5.0 0.0 0.0 49.0 49.0 6.0 12.0 4.0 5.0 2.0 21.0 48.0 2.0 0.0 0.0 0.0 0.0 6.0 83.0 0.0 0.0 0.0 0.0 6.0 3.0 13.0 7.0 1.0 6.0 17.0 4.0 28.0 4.0 0.0 0.0 0.0 1.0 12.0 51.0 1.0 0.0 29.0 102.0 0.0 0.0 0.0 8.0 0.0 0.0 8.0 61.0 6.0 0.0 0.0 0.0 3.0 4.0 7.0 0.0 0.0 0.0 2.0 10.0 0.0 0.0 0.0 19.0 2.0 3.0 12.0 39.0 4.0 2.0 31.0 45.0 0.0 0.0 0.0 12.0 1.0 0.0 9.0 69.0 0.0 0.0 0.0 0.0 
25_2_006_166
10.0 0.0 0.0 0.0 0.0 0.0 -9.0 46.0 0.0 0.0 3.0 46.0 9.0 0.0 4.0 32.0 0.0 0.0 3.0 39.0 18.0 0.0 -9.0 50.0 0.0 0.0 0.0 0.0 0.0 7.0 0.0 53.0 0.0 0.0 0.0 0.0 0.0 16.0 50.0 21.0 0.0 0.0 37.0 72.0 4.0 2.0 23.0 10.0 2.0 0.0 21.0 20.0 3.0 0.0 27.0 13.0 0.0 0.0 0.0 0.0 0.0 0.0 7.0 72.0 0.0 0.0 0.0 0.0 0.0 0.0 -6.0 102.0 0.0 0.0 0.0 64.0 70.0 1.0 -8.0 27.0 25.0 9.0 17.0 18.0 9.0 10.0 1.0 16.0 9.0 0.0 0.0 0.0 0.0 0.0 -8.0 67.0 37.0 0.0 0.0 0.0 0.0 0.0 -24.0 63.0 10.0 41.0 68.0 30.0 0.0 0.0 -11.0 22.0 7.0 0.0 36.0 31.0 0.0 0.0 14.0 25.0 25.0 0.0 0.0 0.0 0.0 0.0 1.0 57.0 
25_2_006_167
3.0 1.0 0.0 0.0 0.0 1.0 -9.0 24.0 0.0 0.0 1.0 10.0 14.0 3.0 -1.0 3.0 0.0 0.0 7.0 67.0 5.0 0.0 0.0 0.0 0.0 0.0 1.0 17.0 10.0 6.0 0.0 0.0 0.0 0.0 0.0 0.0 2.0 1.0 -4.0 11.0 6.0 4.0 12.0 8.0 0.0 0.0 -3.0 7.0 0.0 0.0 33.0 56.0 4.0 0.0 0.0 0.0 19.0 18.0 10.0 0.0 7.0 12.0 0.0 -7.0 0.0 0.0 0.0 0.0 4.0 6.0 2.0 1.0 0.0 0.0 1.0 16.0 4.0 2.0 0.0 0.0 0.0 0.0 9.0 102.0 4.0 0.0 0.0 0.0 3.0 1.0 1.0 5.0 3.0 0.0 0.0 0.0 1.0 0.0 0.0 0.0 0.0 7.0 -1.0 9.0 0.0 0.0 6.0 26.0 3.0 0.0 1.0 0.0 0.0 0.0 18.0 63.0 0.0 0.0 0.0 0.0 0.0 0.0 0.0 3.0 3.0 2.0 0.0 0.0 
25_2_006_168
4.0 2.0 5.0 5.0 8.0 5.0 1.0 4.0 0.0 0.0 1.0 12.0 7.0 3.0 2.0 0.0 9.0 1.0 2.0 1.0 0.0 0.0 3.0 6.0 0.0 0.0 12.0 12.0 0.0 0.0 0.0 0.0 0.0 0.0 2.0 37.0 61.0 5.0 0.0 0.0 0.0 0.0 0.0 3.0 3.0 3.0 7.0 3.0 0.0 0.0 9.0 16.0 3.0 4.0 0.0 0.0 0.0 0.0 8.0 3.0 1.0 0.0 0.0 0.0 0.0 0.0 0.0 69.0 102.0 6.0 0.0 0.0 6.0 0.0 0.0 4.0 42.0 29.0 1.0 1.0 0.0 0.0 2.0 30.0 7.0 1.0 0.0 0.0 0.0 0.0 5.0 5.0 4.0 0.0 0.0 0.0 0.0 0.0 0.0 2.0 25.0 18.0 0.0 0.0 0.0 0.0 0.0 91.0 75.0 8.0 0.0 0.0 0.0 0.0 3.0 31.0 7.0 0.0 0.0 0.0 0.0 0.0 1.0 5.0 9.0 0.0 0.0 0.0 
25_2_006_169
5.0 13.0 2.0 0.0 0.0 0.0 0.0 0.0 0.0 4.0 25.0 11.0 0.0 0.0 0.0 0.0 0.0 0.0 8.0 45.0 0.0 0.0 0.0 0.0 0.0 0.0 1.0 14.0 0.0 0.0 0.0 0.0 0.0 0.0 0.0 0.0 4.0 9.0 11.0 2.0 0.0 0.0 0.0 9.0 21.0 18.0 0.0 0.0 0.0 0.0 3.0 73.0 16.0 0.0 0.0 0.0 0.0 0.0 0.0 15.0 5.0 0.0 0.0 0.0 12.0 5.0 6.0 0.0 0.0 0.0 0.0 2.0 2.0 5.0 9.0 1.0 2.0 0.0 1.0 2.0 0.0 0.0 9.0 102.0 0.0 0.0 0.0 0.0 0.0 0.0 4.0 11.0 0.0 0.0 0.0 0.0 0.0 0.0 1.0 2.0 3.0 13.0 3.0 0.0 1.0 7.0 5.0 2.0 2.0 4.0 3.0 0.0 0.0 0.0 6.0 78.0 0.0 0.0 0.0 0.0 0.0 0.0 0.0 6.0 3.0 0.0 0.0 0.0 
25_2_006_170
0.0 0.0 36.0 102.0 3.0 0.0 0.0 0.0 2.0 12.0 9.0 3.0 0.0 0.0 0.0 0.0 5.0 0.0 0.0 7.0 5.0 0.0 1.0 17.0 1.0 0.0 2.0 14.0 1.0 0.0 1.0 0.0 0.0 5.0 37.0 18.0 2.0 0.0 0.0 0.0 0.0 0.0 6.0 10.0 6.0 10.0 0.0 0.0 27.0 2.0 0.0 3.0 0.0 0.0 0.0 23.0 2.0 0.0 1.0 35.0 6.0 0.0 0.0 0.0 0.0 8.0 6.0 1.0 10.0 1.0 0.0 0.0 1.0 1.0 4.0 21.0 2.0 0.0 0.0 0.0 18.0 3.0 0.0 0.0 0.0 1.0 2.0 18.0 0.0 4.0 8.0 20.0 7.0 0.0 0.0 0.0 0.0 0.0 5.0 16.0 5.0 0.0 0.0 0.0 0.0 1.0 3.0 14.0 2.0 0.0 2.0 0.0 9.0 4.0 3.0 5.0 0.0 0.0 0.0 2.0 2.0 2.0 6.0 5.0 0.0 0.0 0.0 1.0 
