25_3_018_0
0.0 0.0 0.0 0.0 0.0 0.0 0.0 9.0 0.0 0.0 14.0 73.0 5.0 0.0 0.0 2.0 0.0 0.0 7.0 10.0 4.0 0.0 15.0 33.0 1.0 0.0 0.0 0.0 0.0 3.0 17.0 12.0 2.0 0.0 0.0 0.0 0.0 0.0 0.0 15.0 0.0 0.0 14.0 102.0 1.0 0.0 0.0 3.0 17.0 14.0 7.0 4.0 0.0 0.0 0.0 8.0 51.0 22.0 0.0 0.0 0.0 0.0 0.0 4.0 3.0 0.0 0.0 0.0 0.0 0.0 0.0 15.0 1.0 0.0 0.0 55.0 32.0 0.0 0.0 2.0 2.0 0.0 0.0 12.0 23.0 14.0 10.0 7.0 0.0 0.0 0.0 0.0 7.0 16.0 4.0 12.0 7.0 0.0 0.0 0.0 0.0 0.0 0.0 5.0 5.0 10.0 6.0 7.0 6.0 0.0 0.0 0.0 4.0 12.0 22.0 29.0 23.0 0.0 0.0 3.0 11.0 9.0 2.0 0.0 2.0 0.0 0.0 2.0 
25_3_018_1
0.0 2.0 10.0 1.0 0.0 0.0 1.0 4.0 2.0 3.0 0.0 0.0 0.0 2.0 7.0 5.0 0.0 4.0 8.0 4.0 0.0 1.0 0.0 0.0 3.0 9.0 6.0 0.0 0.0 0.0 0.0 0.0 0.0 0.0 0.0 0.0 18.0 36.0 2.0 1.0 1.0 4.0 0.0 0.0 6.0 46.0 1.0 0.0 0.0 18.0 28.0 28.0 7.0 0.0 0.0 0.0 0.0 31.0 24.0 0.0 0.0 0.0 0.0 0.0 1.0 5.0 0.0 0.0 0.0 0.0 0.0 0.0 0.0 2.0 6.0 15.0 2.0 2.0 0.0 0.0 0.0 0.0 17.0 102.0 0.0 0.0 0.0 0.0 0.0 1.0 0.0 0.0 0.0 0.0 1.0 1.0 1.0 5.0 0.0 0.0 0.0 0.0 0.0 0.0 0.0 4.0 7.0 13.0 0.0 0.0 0.0 0.0 0.0 0.0 3.0 78.0 2.0 0.0 0.0 0.0 0.0 0.0 0.0 0.0 0.0 0.0 0.0 0.0 
25_3_018_2
0.0 0.0 0.0 0.0 0.0 0.0 2.0 2.0 0.0 0.0 10.0 7.0 0.0 0.0 0.0 0.0 0.0 6.0 14.0 3.0 0.0 0.0 0.0 0.0 1.0 0.0 0.0 0.0 0.0 0.0 0.0 16.0 0.0 0.0 0.0 0.0 0.0 0.0 0.0 5.0 0.0 0.0 5.0 27.0 0.0 0.0 0.0 0.0 0.0 0.0 0.0 3.0 3.0 6.0 2.0 1.0 0.0 0.0 0.0 0.0 3.0 1.0 -6.0 22.0 102.0 0.0 0.0 0.0 0.0 0.0 0.0 -46.0 55.0 12.0 3.0 9.0 0.0 0.0 0.0 -24.0 0.0 1.0 0.0 1.0 0.0 0.0 -1.0 11.0 0.0 0.0 0.0 2.0 0.0 0.0 3.0 2.0 6.0 1.0 0.0 0.0 0.0 0.0 0.0 -3.0 6.0 0.0 0.0 0.0 0.0 0.0 -9.0 34.0 4.0 0.0 0.0 0.0 0.0 0.0 -2.0 13.0 2.0 0.0 0.0 0.0 0.0 0.0 0.0 4.0 
25_3_018_3
0.0 8.0 62.0 5.0 1.0 3.0 2.0 0.0 37.0 14.0 4.0 4.0 2.0 0.0 1.0 5.0 10.0 9.0 6.0 2.0 0.0 2.0 3.0 1.0 0.0 1.0 5.0 13.0 4.0 1.0 0.0 0.0 0.0 2.0 0.0 0.0 1.0 7.0 46.0 18.0 1.0 0.0 0.0 2.0 53.0 69.0 7.0 4.0 8.0 8.0 24.0 10.0 9.0 9.0 8.0 7.0 2.0 4.0 10.0 1.0 1.0 2.0 5.0 10.0 13.0 0.0 0.0 0.0 0.0 0.0 6.0 35.0 6.0 6.0 13.0 6.0 3.0 1.0 1.0 1.0 7.0 1.0 17.0 102.0 9.0 0.0 0.0 0.0 30.0 8.0 9.0 0.0 0.0 0.0 0.0 9.0 12.0 10.0 1.0 5.0 28.0 0.0 0.0 0.0 3.0 62.0 19.0 0.0 0.0 0.0 0.0 0.0 0.0 10.0 27.0 17.0 6.0 3.0 5.0 0.0 3.0 0.0 0.0 0.0 2.0 25.0 56.0 8.0 
25_3_018_4
0.0 65.0 55.0 7.0 10.0 25.0 0.0 0.0 78.0 83.0 0.0 0.0 5.0 31.0 0.0 3.0 93.0 67.0 0.0 0.0 0.0 0.0 0.0 0.0 30.0 0.0 0.0 0.0 0.0 0.0 3.0 6.0 0.0 0.0 0.0 0.0 3.0 51.0 31.0 1.0 0.0 0.0 30.0 62.0 42.0 26.0 0.0 0.0 36.0 7.0 8.0 1.0 2.0 2.0 18.0 39.0 101.0 0.0 0.0 0.0 0.0 0.0 1.0 50.0 23.0 18.0 2.0 0.0 0.0 0.0 4.0 14.0 0.0 12.0 29.0 102.0 38.0 4.0 0.0 0.0 8.0 0.0 0.0 0.0 0.0 11.0 61.0 38.0 36.0 6.0 1.0 12.0 13.0 1.0 0.0 10.0 15.0 56.0 45.0 1.0 0.0 0.0 0.0 0.0 26.0 52.0 11.0 0.0 0.0 5.0 24.0 6.0 22.0 15.0 1.0 0.0 0.0 3.0 1.0 4.0 2.0 12.0 18.0 7.0 0.0 0.0 1.0 1.0 
25_3_018_5
1.0 1.0 2.0 0.0 2.0 5.0 3.0 4.0 0.0 1.0 7.0 5.0 6.0 17.0 4.0 0.0 0.0 0.0 0.0 0.0 0.0 11.0 57.0 2.0 0.0 0.0 0.0 2.0 25.0 12.0 0.0 0.0 0.0 0.0 0.0 0.0 0.0 7.0 5.0 8.0 8.0 4.0 9.0 20.0 6.0 0.0 -1.0 1.0 16.0 0.0 0.0 0.0 0.0 0.0 -36.0 102.0 0.0 4.0 14.0 10.0 1.0 0.0 0.0 0.0 5.0 2.0 0.0 0.0 31.0 11.0 0.0 0.0 0.0 1.0 5.0 27.0 15.0 2.0 0.0 0.0 6.0 14.0 4.0 0.0 0.0 0.0 0.0 33.0 0.0 27.0 20.0 0.0 0.0 0.0 5.0 0.0 0.0 0.0 0.0 2.0 25.0 4.0 0.0 0.0 0.0 0.0 0.0 0.0 28.0 41.0 0.0 0.0 0.0 0.0 0.0 0.0 2.0 72.0 5.0 0.0 0.0 0.0 0.0 0.0 2.0 56.0 30.0 1.0 
25_3_018_6
8.0 18.0 9.0 15.0 3.0 0.0 0.0 0.0 0.0 32.0 86.0 28.0 24.0 0.0 0.0 0.0 0.0 2.0 17.0 2.0 1.0 0.0 0.0 0.0 2.0 1.0 0.0 0.0 0.0 0.0 0.0 0.0 0.0 3.0 5.0 6.0 5.0 0.0 2.0 1.0 0.0 0.0 2.0 102.0 50.0 0.0 0.0 0.0 0.0 0.0 0.0 12.0 2.0 0.0 2.0 0.0 0.0 0.0 0.0 1.0 3.0 0.0 0.0 0.0 10.0 30.0 15.0 0.0 0.0 0.0 0.0 1.0 0.0 11.0 59.0 77.0 0.0 0.0 0.0 0.0 0.0 0.0 3.0 10.0 0.0 0.0 0.0 1.0 0.0 0.0 3.0 1.0 0.0 0.0 0.0 0.0 0.0 48.0 20.0 0.0 0.0 0.0 0.0 0.0 0.0 17.0 24.0 0.0 0.0 0.0 0.0 0.0 0.0 0.0 0.0 0.0 0.0 0.0 0.0 0.0 0.0 0.0 7.0 0.0 0.0 0.0 0.0 0.0 
25_3_018_7
0.0 0.0 5.0 30.0 0.0 0.0 18.0 56.0 0.0 0.0 0.0 0.0 0.0 0.0 32.0 72.0 0.0 0.0 7.0 75.0 8.0 0.0 11.0 8.0 0.0 0.0 0.0 0.0 0.0 0.0 5.0 6.0 0.0 0.0 2.0 22.0 0.0 0.0 24.0 75.0 0.0 0.0 0.0 0.0 0.0 0.0 36.0 99.0 0.0 0.0 10.0 102.0 3.0 0.0 0.0 0.0 0.0 0.0 0.0 0.0 0.0 0.0 3.0 7.0 1.0 1.0 0.0 0.0 0.0 0.0 14.0 69.0 3.0 0.0 0.0 0.0 0.0 0.0 18.0 91.0 0.0 0.0 24.0 87.0 0.0 0.0 0.0 0.0 0.0 0.0 0.0 0.0 0.0 0.0 4.0 4.0 10.0 2.0 0.0 0.0 0.0 2.0 2.0 17.0 15.0 15.0 1.0 0.0 0.0 0.0 3.0 32.0 0.0 11.0 27.0 30.0 0.0 0.0 0.0 0.0 0.0 24.0 8.0 0.0 0.0 0.0 0.0 0.0 
25_3_018_8
0.0 0.0 0.0 0.0 0.0 19.0 17.0 0.0 0.0 0.0 0.0 0.0 0.0 10.0 24.0 25.0 0.0 0.0 2.0 21.0 15.0 1.0 0.0 0.0 0.0 0.0 0.0 22.0 11.0 4.0 4.0 1.0 0.0 0.0 2.0 3.0 0.0 0.0 0.0 0.0 0.0 0.0 0.0 0.0 0.0 0.0 1.0 83.0 0.0 0.0 3.0 78.0 9.0 0.0 0.0 0.0 0.0 0.0 1.0 60.0 6.0 0.0 2.0 8.0 0.0 0.0 0.0 7.0 0.0 0.0 0.0 0.0 0.0 0.0 0.0 0.0 0.0 0.0 -13.0 102.0 0.0 0.0 6.0 94.0 0.0 0.0 0.0 0.0 0.0 0.0 3.0 71.0 0.0 0.0 -2.0 16.0 0.0 0.0 1.0 9.0 0.0 0.0 0.0 0.0 0.0 0.0 0.0 0.0 0.0 0.0 -11.0 78.0 0.0 1.0 11.0 63.0 0.0 0.0 0.0 0.0 3.0 0.0 8.0 54.0 0.0 0.0 -1.0 4.0 
25_3_018_9
0.0 0.0 0.0 0.0 6.0 28.0 0.0 0.0 0.0 0.0 0.0 2.0 3.0 37.0 1.0 0.0 0.0 5.0 23.0 48.0 6.0 1.0 0.0 0.0 0.0 23.0 7.0 0.0 0.0 0.0 0.0 0.0 0.0 6.0 0.0 0.0 0.0 0.0 0.0 0.0 0.0 2.0 7.0 10.0 0.0 0.0 0.0 0.0 0.0 0.0 13.0 102.0 0.0 0.0 0.0 0.0 0.0 0.0 0.0 0.0 0.0 0.0 1.0 0.0 1.0 6.0 0.0 0.0 0.0 0.0 0.0 0.0 0.0 3.0 8.0 12.0 0.0 0.0 0.0 0.0 0.0 0.0 6.0 95.0 2.0 0.0 0.0 0.0 0.0 0.0 0.0 0.0 1.0 1.0 0.0 0.0 0.0 5.0 0.0 0.0 0.0 0.0 0.0 0.0 0.0 3.0 5.0 10.0 0.0 0.0 0.0 0.0 0.0 0.0 1.0 69.0 0.0 0.0 0.0 0.0 0.0 0.0 0.0 0.0 0.0 0.0 0.0 0.0 
25_3_018_10
0.0 0.0 9.0 67.0 76.0 56.0 43.0 0.0 4.0 2.0 0.0 1.0 0.0 29.0 69.0 1.0 2.0 4.0 0.0 9.0 37.0 33.0 2.0 0.0 0.0 0.0 1.0 94.0 75.0 0.0 0.0 0.0 0.0 0.0 14.0 4.0 3.0 19.0 23.0 0.0 3.0 2.0 6.0 22.0 31.0 16.0 5.0 1.0 1.0 19.0 25.0 31.0 5.0 4.0 0.0 0.0 0.0 0.0 6.0 102.0 25.0 0.0 0.0 0.0 5.0 24.0 15.0 7.0 0.0 0.0 3.0 1.0 1.0 8.0 21.0 18.0 8.0 1.0 0.0 0.0 3.0 0.0 5.0 18.0 34.0 25.0 5.0 13.0 0.0 0.0 0.0 83.0 39.0 10.0 0.0 0.0 22.0 7.0 0.0 0.0 4.0 20.0 27.0 15.0 8.0 3.0 50.0 21.0 0.0 0.0 0.0 7.0 8.0 3.0 14.0 18.0 0.0 0.0 1.0 29.0 0.0 0.0 6.0 20.0 0.0 8.0 28.0 47.0 
25_3_018_11
2.0 3.0 1.0 7.0 17.0 6.0 2.0 0.0 2.0 10.0 15.0 14.0 3.0 3.0 3.0 0.0 0.0 1.0 8.0 39.0 24.0 0.0 0.0 0.0 0.0 0.0 0.0 85.0 28.0 0.0 0.0 0.0 0.0 1.0 8.0 15.0 5.0 5.0 0.0 0.0 3.0 4.0 9.0 19.0 12.0 17.0 4.0 2.0 0.0 0.0 0.0 29.0 39.0 19.0 1.0 0.0 0.0 0.0 0.0 52.0 83.0 82.0 1.0 0.0 6.0 0.0 21.0 18.0 0.0 0.0 0.0 4.0 12.0 1.0 3.0 7.0 0.0 0.0 0.0 39.0 0.0 0.0 11.0 60.0 2.0 0.0 0.0 1.0 4.0 0.0 0.0 0.0 2.0 40.0 38.0 91.0 0.0 0.0 9.0 46.0 34.0 7.0 4.0 0.0 39.0 27.0 1.0 2.0 0.0 0.0 0.0 3.0 5.0 23.0 14.0 9.0 0.0 0.0 0.0 5.0 0.0 0.0 0.0 0.0 0.0 0.0 23.0 102.0 
25_3_018_12
41.0 9.0 1.0 1.0 4.0 0.0 1.0 4.0 11.0 14.0 2.0 0.0 0.0 0.0 0.0 9.0 1.0 2.0 13.0 10.0 4.0 1.0 0.0 0.0 3.0 5.0 4.0 4.0 3.0 4.0 3.0 4.0 0.0 0.0 0.0 0.0 28.0 62.0 10.0 1.0 0.0 0.0 25.0 16.0 7.0 17.0 19.0 4.0 3.0 12.0 25.0 1.0 0.0 0.0 4.0 9.0 0.0 0.0 7.0 3.0 0.0 0.0 12.0 16.0 2.0 1.0 0.0 3.0 3.0 1.0 0.0 0.0 0.0 0.0 9.0 102.0 18.0 0.0 0.0 0.0 38.0 5.0 1.0 2.0 0.0 0.0 0.0 12.0 11.0 8.0 15.0 4.0 0.0 0.0 0.0 2.0 1.0 14.0 7.0 2.0 0.0 0.0 0.0 0.0 0.0 0.0 31.0 23.0 10.0 0.0 0.0 0.0 5.0 0.0 1.0 12.0 29.0 6.0 0.0 1.0 11.0 8.0 2.0 1.0 0.0 0.0 3.0 7.0 
25_3_018_13
2.0 2.0 3.0 3.0 8.0 1.0 0.0 -1.0 0.0 0.0 3.0 24.0 8.0 0.0 0.0 0.0 0.0 1.0 1.0 55.0 6.0 0.0 -1.0 38.0 2.0 0.0 0.0 0.0 0.0 0.0 -3.0 102.0 25.0 73.0 1.0 1.0 0.0 0.0 0.0 -20.0 32.0 14.0 10.0 13.0 0.0 0.0 0.0 -17.0 0.0 0.0 2.0 49.0 5.0 0.0 28.0 58.0 1.0 0.0 0.0 1.0 0.0 0.0 16.0 51.0 1.0 28.0 1.0 5.0 14.0 32.0 0.0 -6.0 42.0 0.0 0.0 0.0 2.0 18.0 1.0 18.0 0.0 -2.0 16.0 6.0 0.0 9.0 22.0 65.0 0.0 0.0 0.0 0.0 0.0 0.0 -1.0 34.0 0.0 0.0 1.0 3.0 3.0 9.0 8.0 0.0 0.0 0.0 1.0 4.0 11.0 11.0 2.0 0.0 0.0 0.0 0.0 0.0 0.0 4.0 47.0 22.0 0.0 0.0 0.0 0.0 1.0 1.0 7.0 4.0 
25_3_018_14
1.0 1.0 0.0 2.0 11.0 3.0 1.0 1.0 0.0 0.0 0.0 37.0 61.0 1.0 0.0 0.0 0.0 0.0 0.0 26.0 25.0 0.0 0.0 0.0 1.0 0.0 0.0 0.0 0.0 0.0 0.0 1.0 6.0 1.0 2.0 2.0 2.0 0.0 2.0 12.0 0.0 0.0 6.0 43.0 11.0 4.0 0.0 0.0 0.0 0.0 1.0 102.0 40.0 0.0 0.0 0.0 1.0 0.0 0.0 0.0 0.0 0.0 0.0 1.0 11.0 14.0 14.0 0.0 0.0 0.0 0.0 2.0 4.0 25.0 71.0 6.0 0.0 0.0 0.0 0.0 0.0 0.0 70.0 51.0 0.0 0.0 0.0 0.0 0.0 0.0 0.0 0.0 0.0 0.0 0.0 1.0 0.0 19.0 45.0 0.0 0.0 0.0 0.0 0.0 0.0 5.0 80.0 0.0 0.0 0.0 0.0 0.0 0.0 0.0 8.0 0.0 0.0 0.0 0.0 0.0 0.0 0.0 0.0 0.0 0.0 0.0 2.0 0.0 
25_3_018_15
23.0 71.0 0.0 0.0 0.0 0.0 0.0 0.0 1.0 81.0 56.0 4.0 0.0 0.0 0.0 0.0 0.0 0.0 22.0 93.0 46.0 58.0 1.0 0.0 0.0 0.0 0.0 0.0 1.0 102.0 27.0 0.0 0.0 6.0 2.0 0.0 0.0 18.0 10.0 0.0 0.0 2.0 0.0 0.0 3.0 39.0 8.0 0.0 0.0 0.0 7.0 14.0 18.0 23.0 0.0 0.0 2.0 3.0 3.0 0.0 7.0 10.0 2.0 4.0 11.0 13.0 0.0 0.0 0.0 2.0 7.0 1.0 1.0 21.0 18.0 1.0 0.0 0.0 0.0 0.0 0.0 7.0 15.0 36.0 12.0 2.0 0.0 0.0 8.0 2.0 2.0 2.0 4.0 12.0 3.0 6.0 24.0 4.0 0.0 0.0 0.0 1.0 7.0 12.0 1.0 2.0 3.0 7.0 8.0 1.0 0.0 2.0 9.0 11.0 6.0 3.0 1.0 1.0 0.0 3.0 0.0 1.0 28.0 12.0 2.0 0.0 0.0 0.0 
25_3_018_16
0.0 0.0 0.0 0.0 0.0 11.0 37.0 15.0 0.0 0.0 0.0 4.0 15.0 3.0 7.0 10.0 5.0 0.0 0.0 14.0 10.0 0.0 0.0 24.0 1.0 0.0 0.0 0.0 0.0 0.0 13.0 80.0 3.0 4.0 7.0 1.0 1.0 5.0 4.0 3.0 22.0 2.0 0.0 2.0 0.0 1.0 0.0 17.0 4.0 1.0 3.0 43.0 14.0 0.0 0.0 6.0 84.0 57.0 0.0 0.0 0.0 0.0 0.0 52.0 6.0 10.0 4.0 0.0 0.0 1.0 10.0 11.0 13.0 41.0 12.0 2.0 0.0 0.0 0.0 9.0 9.0 20.0 18.0 24.0 0.0 0.0 0.0 0.0 0.0 70.0 41.0 102.0 18.0 0.0 0.0 0.0 24.0 16.0 6.0 0.0 0.0 0.0 1.0 3.0 0.0 7.0 7.0 19.0 6.0 1.0 6.0 0.0 5.0 0.0 3.0 6.0 4.0 5.0 10.0 3.0 0.0 0.0 2.0 85.0 30.0 0.0 0.0 0.0 
25_3_018_17
1.0 1.0 0.0 0.0 0.0 0.0 0.0 0.0 0.0 0.0 0.0 80.0 17.0 0.0 0.0 0.0 0.0 0.0 0.0 7.0 3.0 0.0 0.0 0.0 0.0 0.0 0.0 0.0 0.0 0.0 0.0 0.0 1.0 0.0 0.0 0.0 0.0 0.0 0.0 0.0 0.0 0.0 10.0 102.0 3.0 0.0 0.0 0.0 0.0 0.0 0.0 15.0 2.0 6.0 2.0 0.0 0.0 0.0 0.0 0.0 2.0 18.0 1.0 0.0 3.0 28.0 5.0 0.0 0.0 0.0 0.0 0.0 0.0 6.0 21.0 32.0 12.0 3.0 0.0 0.0 0.0 0.0 0.0 0.0 3.0 49.0 15.0 0.0 0.0 0.0 0.0 0.0 6.0 25.0 4.0 0.0 0.0 0.0 0.0 0.0 0.0 6.0 2.0 0.0 0.0 0.0 0.0 2.0 2.0 10.0 1.0 0.0 0.0 1.0 3.0 2.0 1.0 1.0 0.0 0.0 1.0 0.0 0.0 0.0 0.0 4.0 1.0 2.0 
25_3_018_18
0.0 0.0 0.0 9.0 9.0 0.0 0.0 0.0 0.0 0.0 0.0 43.0 60.0 0.0 0.0 0.0 0.0 0.0 0.0 6.0 2.0 0.0 0.0 0.0 0.0 0.0 0.0 0.0 0.0 0.0 1.0 0.0 0.0 0.0 9.0 17.0 6.0 3.0 0.0 0.0 0.0 0.0 14.0 101.0 1.0 0.0 0.0 0.0 0.0 0.0 2.0 16.0 0.0 0.0 0.0 0.0 0.0 0.0 0.0 0.0 0.0 0.0 1.0 1.0 0.0 2.0 29.0 6.0 1.0 2.0 4.0 1.0 0.0 0.0 17.0 102.0 1.0 1.0 2.0 0.0 0.0 0.0 2.0 11.0 0.0 0.0 0.0 1.0 0.0 0.0 0.0 0.0 0.0 0.0 0.0 1.0 11.0 28.0 14.0 0.0 0.0 0.0 0.0 4.0 0.0 2.0 75.0 20.0 0.0 0.0 0.0 0.0 0.0 0.0 1.0 0.0 0.0 0.0 1.0 1.0 0.0 0.0 0.0 0.0 0.0 0.0 0.0 0.0 
25_3_018_19
3.0 2.0 9.0 11.0 0.0 0.0 0.0 0.0 5.0 3.0 0.0 0.0 0.0 0.0 0.0 0.0 0.0 0.0 73.0 28.0 0.0 0.0 0.0 0.0 0.0 0.0 17.0 2.0 0.0 0.0 10.0 7.0 7.0 1.0 0.0 0.0 0.0 0.0 0.0 1.0 8.0 2.0 5.0 3.0 0.0 0.0 0.0 0.0 0.0 0.0 40.0 92.0 0.0 0.0 0.0 1.0 0.0 0.0 0.0 0.0 0.0 0.0 6.0 30.0 7.0 0.0 0.0 0.0 0.0 0.0 0.0 2.0 2.0 0.0 3.0 11.0 0.0 0.0 0.0 4.0 1.0 0.0 16.0 102.0 0.0 0.0 0.0 1.0 19.0 0.0 0.0 0.0 0.0 0.0 0.0 17.0 1.0 0.0 0.0 0.0 0.0 0.0 0.0 4.0 2.0 0.0 2.0 14.0 1.0 0.0 0.0 3.0 11.0 3.0 15.0 89.0 9.0 0.0 0.0 0.0 26.0 0.0 0.0 0.0 0.0 0.0 0.0 5.0 
25_3_018_20
17.0 15.0 2.0 0.0 0.0 0.0 0.0 2.0 8.0 25.0 6.0 0.0 0.0 0.0 0.0 0.0 5.0 5.0 8.0 5.0 0.0 0.0 0.0 2.0 1.0 0.0 0.0 0.0 0.0 0.0 7.0 72.0 0.0 9.0 4.0 0.0 32.0 29.0 0.0 0.0 9.0 18.0 0.0 0.0 2.0 24.0 11.0 2.0 6.0 9.0 4.0 10.0 4.0 1.0 2.0 11.0 6.0 0.0 0.0 0.0 0.0 0.0 15.0 102.0 0.0 0.0 5.0 26.0 13.0 0.0 0.0 0.0 0.0 0.0 3.0 14.0 9.0 5.0 0.0 0.0 0.0 0.0 3.0 23.0 1.0 0.0 69.0 36.0 0.0 0.0 0.0 0.0 0.0 0.0 57.0 20.0 0.0 0.0 15.0 17.0 0.0 0.0 0.0 0.0 1.0 1.0 23.0 10.0 0.0 0.0 0.0 0.0 0.0 0.0 0.0 0.0 0.0 0.0 68.0 70.0 0.0 0.0 1.0 4.0 0.0 0.0 1.0 0.0 
25_3_018_21
3.0 18.0 13.0 21.0 11.0 4.0 0.0 0.0 12.0 5.0 4.0 1.0 4.0 25.0 16.0 30.0 0.0 0.0 0.0 49.0 32.0 26.0 0.0 0.0 0.0 0.0 1.0 41.0 15.0 4.0 4.0 0.0 1.0 2.0 46.0 29.0 4.0 0.0 0.0 0.0 22.0 0.0 0.0 0.0 0.0 0.0 10.0 86.0 0.0 0.0 29.0 102.0 0.0 0.0 0.0 0.0 1.0 0.0 6.0 18.0 0.0 0.0 19.0 70.0 34.0 6.0 26.0 7.0 0.0 0.0 4.0 22.0 32.0 22.0 1.0 0.0 0.0 0.0 16.0 18.0 0.0 6.0 28.0 72.0 0.0 0.0 0.0 0.0 2.0 0.0 1.0 10.0 2.0 0.0 19.0 73.0 5.0 17.0 6.0 23.0 32.0 1.0 0.0 2.0 65.0 59.0 2.0 0.0 0.0 0.0 0.0 0.0 10.0 44.0 20.0 6.0 0.0 0.0 0.0 0.0 7.0 3.0 0.0 0.0 0.0 0.0 28.0 77.0 
25_3_018_22
3.0 5.0 10.0 13.0 1.0 2.0 9.0 1.0 0.0 34.0 38.0 21.0 1.0 0.0 0.0 0.0 10.0 0.0 1.0 2.0 22.0 39.0 13.0 6.0 0.0 1.0 36.0 54.0 10.0 5.0 3.0 0.0 15.0 37.0 22.0 4.0 0.0 0.0 0.0 2.0 2.0 0.0 2.0 19.0 25.0 34.0 3.0 7.0 22.0 52.0 26.0 45.0 9.0 0.0 0.0 8.0 0.0 5.0 10.0 21.0 28.0 50.0 9.0 14.0 28.0 12.0 0.0 0.0 0.0 3.0 42.0 57.0 0.0 21.0 102.0 16.0 0.0 0.0 4.0 3.0 1.0 5.0 38.0 38.0 2.0 4.0 15.0 31.0 6.0 1.0 15.0 8.0 5.0 4.0 12.0 87.0 0.0 0.0 14.0 44.0 23.0 43.0 38.0 1.0 13.0 23.0 93.0 53.0 2.0 0.0 0.0 18.0 18.0 0.0 0.0 0.0 0.0 2.0 30.0 48.0 8.0 7.0 23.0 21.0 0.0 0.0 4.0 20.0 
25_3_018_23
2.0 0.0 0.0 5.0 20.0 42.0 19.0 8.0 4.0 2.0 8.0 12.0 19.0 3.0 16.0 17.0 6.0 0.0 5.0 9.0 25.0 22.0 39.0 19.0 0.0 0.0 0.0 12.0 49.0 18.0 15.0 4.0 0.0 0.0 19.0 36.0 26.0 2.0 0.0 0.0 1.0 17.0 22.0 12.0 21.0 27.0 19.0 0.0 50.0 17.0 14.0 14.0 55.0 4.0 1.0 7.0 69.0 12.0 1.0 5.0 6.0 0.0 0.0 12.0 0.0 3.0 26.0 10.0 27.0 6.0 0.0 0.0 12.0 10.0 5.0 9.0 2.0 4.0 6.0 10.0 0.0 4.0 16.0 102.0 19.0 0.0 0.0 0.0 44.0 22.0 1.0 0.0 0.0 0.0 0.0 23.0 0.0 26.0 59.0 23.0 1.0 0.0 0.0 0.0 58.0 25.0 9.0 0.0 0.0 0.0 0.0 35.0 1.0 0.0 7.0 86.0 94.0 3.0 0.0 13.0 14.0 28.0 16.0 0.0 19.0 4.0 1.0 0.0 
25_3_018_24
1.0 0.0 0.0 0.0 0.0 0.0 0.0 0.0 0.0 0.0 0.0 6.0 0.0 0.0 0.0 0.0 1.0 0.0 3.0 66.0 0.0 0.0 0.0 10.0 0.0 0.0 0.0 0.0 0.0 1.0 3.0 14.0 0.0 0.0 0.0 0.0 0.0 0.0 0.0 1.0 0.0 0.0 0.0 8.0 0.0 0.0 0.0 1.0 5.0 1.0 12.0 90.0 0.0 0.0 0.0 16.0 5.0 0.0 0.0 0.0 0.0 0.0 0.0 25.0 0.0 0.0 0.0 0.0 21.0 19.0 0.0 0.0 0.0 0.0 0.0 11.0 2.0 0.0 0.0 0.0 3.0 0.0 3.0 102.0 8.0 0.0 0.0 16.0 7.0 0.0 0.0 0.0 0.0 0.0 0.0 37.0 1.0 4.0 15.0 12.0 12.0 0.0 0.0 0.0 0.0 0.0 1.0 6.0 2.0 0.0 0.0 0.0 0.0 0.0 0.0 52.0 46.0 0.0 0.0 4.0 18.0 0.0 0.0 0.0 0.0 0.0 0.0 23.0 
25_3_018_25
0.0 0.0 1.0 6.0 6.0 6.0 5.0 0.0 0.0 4.0 3.0 1.0 0.0 1.0 0.0 12.0 4.0 19.0 1.0 0.0 5.0 9.0 0.0 1.0 6.0 6.0 0.0 0.0 18.0 32.0 3.0 1.0 0.0 0.0 0.0 2.0 4.0 11.0 2.0 1.0 0.0 0.0 5.0 20.0 9.0 6.0 0.0 0.0 0.0 11.0 16.0 27.0 4.0 0.0 0.0 0.0 15.0 5.0 0.0 0.0 0.0 0.0 -39.0 102.0 12.0 6.0 2.0 0.0 0.0 0.0 -4.0 9.0 7.0 0.0 6.0 22.0 6.0 5.0 1.0 3.0 4.0 7.0 36.0 62.0 0.0 0.0 0.0 0.0 8.0 16.0 3.0 0.0 0.0 0.0 6.0 61.0 7.0 4.0 0.0 0.0 3.0 2.0 -2.0 4.0 3.0 10.0 23.0 13.0 0.0 0.0 0.0 0.0 0.0 0.0 24.0 26.0 10.0 22.0 1.0 0.0 0.0 0.0 0.0 0.0 0.0 3.0 45.0 45.0 
25_3_018_26
0.0 0.0 0.0 0.0 0.0 0.0 2.0 25.0 2.0 0.0 0.0 0.0 0.0 1.0 -3.0 74.0 0.0 0.0 20.0 88.0 0.0 0.0 0.0 0.0 0.0 0.0 0.0 0.0 0.0 0.0 0.0 0.0 0.0 0.0 0.0 0.0 0.0 0.0 5.0 43.0 7.0 0.0 0.0 0.0 0.0 1.0 2.0 53.0 0.0 0.0 24.0 96.0 0.0 0.0 0.0 0.0 0.0 1.0 1.0 0.0 0.0 0.0 0.0 0.0 0.0 0.0 0.0 0.0 0.0 0.0 12.0 57.0 0.0 0.0 1.0 11.0 1.0 0.0 13.0 33.0 0.0 0.0 20.0 102.0 0.0 0.0 0.0 0.0 0.0 1.0 0.0 0.0 0.0 0.0 0.0 0.0 0.0 0.0 0.0 0.0 0.0 0.0 6.0 60.0 1.0 0.0 5.0 20.0 0.0 0.0 4.0 15.0 0.0 0.0 15.0 66.0 0.0 0.0 0.0 0.0 0.0 2.0 0.0 0.0 0.0 0.0 0.0 0.0 
25_3_018_27
0.0 0.0 0.0 0.0 13.0 6.0 1.0 0.0 5.0 1.0 0.0 6.0 20.0 0.0 0.0 0.0 0.0 0.0 0.0 56.0 79.0 0.0 0.0 0.0 0.0 0.0 0.0 2.0 3.0 0.0 0.0 0.0 1.0 0.0 0.0 0.0 2.0 4.0 7.0 8.0 0.0 0.0 11.0 47.0 13.0 0.0 0.0 0.0 4.0 1.0 0.0 31.0 64.0 0.0 0.0 6.0 0.0 0.0 0.0 39.0 36.0 0.0 0.0 0.0 10.0 0.0 3.0 2.0 0.0 0.0 0.0 21.0 0.0 2.0 10.0 50.0 7.0 0.0 0.0 0.0 7.0 0.0 6.0 37.0 7.0 3.0 21.0 14.0 0.0 0.0 6.0 102.0 9.0 0.0 0.0 0.0 9.0 10.0 5.0 0.0 0.0 0.0 0.0 6.0 0.0 2.0 38.0 25.0 0.0 0.0 0.0 0.0 27.0 17.0 46.0 10.0 0.0 0.0 0.0 0.0 0.0 0.0 32.0 33.0 0.0 0.0 0.0 0.0 
25_3_018_28
1.0 13.0 32.0 14.0 2.0 0.0 0.0 1.0 15.0 10.0 6.0 4.0 0.0 0.0 0.0 2.0 3.0 4.0 24.0 10.0 0.0 0.0 0.0 0.0 0.0 0.0 16.0 44.0 0.0 0.0 0.0 0.0 0.0 0.0 3.0 17.0 30.0 14.0 0.0 0.0 4.0 0.0 0.0 0.0 5.0 21.0 14.0 5.0 0.0 0.0 15.0 41.0 3.0 0.0 0.0 0.0 0.0 0.0 47.0 55.0 1.0 0.0 0.0 0.0 0.0 0.0 16.0 24.0 21.0 7.0 0.0 0.0 0.0 6.0 15.0 12.0 2.0 0.0 0.0 0.0 0.0 0.0 52.0 58.0 0.0 0.0 0.0 0.0 0.0 0.0 102.0 26.0 0.0 0.0 0.0 0.0 0.0 2.0 38.0 5.0 0.0 0.0 0.0 0.0 0.0 0.0 14.0 8.0 0.0 1.0 0.0 0.0 0.0 0.0 55.0 83.0 25.0 3.0 0.0 0.0 0.0 0.0 15.0 8.0 4.0 1.0 0.0 0.0 
25_3_018_29
2.0 1.0 1.0 30.0 14.0 0.0 0.0 1.0 9.0 1.0 0.0 4.0 14.0 1.0 0.0 1.0 1.0 14.0 20.0 10.0 0.0 0.0 0.0 0.0 0.0 1.0 35.0 19.0 12.0 5.0 0.0 0.0 0.0 1.0 0.0 23.0 90.0 0.0 0.0 0.0 6.0 7.0 2.0 4.0 18.0 12.0 5.0 0.0 1.0 3.0 15.0 25.0 6.0 0.0 0.0 0.0 0.0 0.0 0.0 0.0 4.0 26.0 10.0 13.0 0.0 0.0 0.0 5.0 21.0 0.0 0.0 0.0 0.0 1.0 2.0 26.0 89.0 0.0 0.0 0.0 1.0 4.0 7.0 48.0 42.0 8.0 0.0 0.0 39.0 8.0 0.0 0.0 2.0 0.0 -17.0 47.0 0.0 0.0 2.0 0.0 0.0 0.0 0.0 0.0 0.0 0.0 0.0 3.0 34.0 5.0 0.0 0.0 0.0 0.0 0.0 0.0 36.0 66.0 4.0 0.0 1.0 3.0 0.0 0.0 102.0 41.0 0.0 0.0 
25_3_018_30
0.0 11.0 12.0 10.0 2.0 0.0 0.0 0.0 14.0 4.0 0.0 0.0 0.0 0.0 1.0 9.0 1.0 5.0 25.0 28.0 2.0 0.0 0.0 0.0 3.0 1.0 5.0 9.0 1.0 0.0 3.0 2.0 20.0 52.0 9.0 0.0 0.0 0.0 0.0 6.0 25.0 5.0 0.0 0.0 0.0 0.0 10.0 61.0 0.0 0.0 37.0 87.0 9.0 0.0 0.0 0.0 33.0 9.0 4.0 0.0 0.0 0.0 6.0 9.0 8.0 0.0 0.0 0.0 0.0 16.0 53.0 34.0 0.0 0.0 0.0 0.0 1.0 25.0 102.0 22.0 0.0 0.0 8.0 85.0 98.0 4.0 0.0 0.0 15.0 10.0 1.0 6.0 12.0 0.0 3.0 8.0 3.0 3.0 0.0 0.0 0.0 66.0 29.0 1.0 1.0 8.0 1.0 0.0 0.0 13.0 13.0 0.0 0.0 2.0 0.0 23.0 69.0 3.0 0.0 0.0 1.0 8.0 0.0 17.0 86.0 35.0 0.0 0.0 
25_3_018_31
0.0 0.0 0.0 0.0 0.0 0.0 0.0 3.0 0.0 0.0 0.0 84.0 16.0 0.0 0.0 0.0 0.0 0.0 0.0 0.0 0.0 1.0 3.0 19.0 2.0 0.0 0.0 0.0 0.0 0.0 0.0 7.0 2.0 0.0 0.0 0.0 0.0 0.0 0.0 2.0 0.0 0.0 15.0 102.0 0.0 0.0 0.0 0.0 6.0 0.0 3.0 6.0 0.0 0.0 0.0 21.0 5.0 3.0 1.0 0.0 0.0 0.0 0.0 1.0 0.0 0.0 0.0 0.0 0.0 0.0 0.0 3.0 0.0 0.0 17.0 97.0 2.0 0.0 0.0 0.0 15.0 0.0 0.0 10.0 3.0 0.0 0.0 12.0 0.0 5.0 15.0 5.0 1.0 0.0 0.0 0.0 0.0 0.0 0.0 0.0 0.0 0.0 0.0 2.0 0.0 0.0 0.0 52.0 33.0 0.0 0.0 0.0 0.0 0.0 0.0 4.0 19.0 1.0 3.0 4.0 0.0 0.0 0.0 0.0 0.0 7.0 8.0 1.0 
25_3_018_32
0.0 0.0 0.0 0.0 1.0 14.0 1.0 0.0 0.0 0.0 4.0 24.0 11.0 2.0 0.0 0.0 3.0 22.0 35.0 10.0 0.0 0.0 0.0 2.0 8.0 1.0 0.0 0.0 0.0 0.0 12.0 26.0 0.0 0.0 0.0 1.0 9.0 6.0 5.0 0.0 0.0 0.0 14.0 102.0 5.0 5.0 0.0 0.0 0.0 0.0 7.0 26.0 2.0 10.0 12.0 4.0 12.0 0.0 0.0 0.0 0.0 0.0 15.0 57.0 1.0 0.0 1.0 7.0 0.0 0.0 3.0 6.0 0.0 0.0 0.0 66.0 51.0 1.0 0.0 0.0 0.0 0.0 0.0 0.0 31.0 22.0 5.0 0.0 7.0 0.0 0.0 0.0 0.0 0.0 10.0 29.0 0.0 0.0 1.0 0.0 0.0 0.0 1.0 6.0 0.0 0.0 3.0 14.0 13.0 0.0 0.0 1.0 0.0 0.0 1.0 7.0 34.0 18.0 0.0 0.0 0.0 0.0 0.0 0.0 1.0 19.0 9.0 2.0 
25_3_018_33
1.0 0.0 1.0 27.0 9.0 1.0 1.0 2.0 2.0 2.0 1.0 33.0 17.0 6.0 7.0 15.0 0.0 0.0 0.0 76.0 78.0 3.0 11.0 7.0 0.0 0.0 0.0 55.0 25.0 0.0 0.0 0.0 18.0 2.0 9.0 17.0 1.0 0.0 0.0 8.0 9.0 7.0 27.0 71.0 3.0 0.0 0.0 2.0 42.0 37.0 48.0 79.0 1.0 0.0 0.0 2.0 0.0 0.0 25.0 102.0 3.0 0.0 0.0 0.0 15.0 17.0 21.0 0.0 0.0 0.0 0.0 3.0 0.0 0.0 46.0 69.0 1.0 0.0 0.0 0.0 1.0 13.0 96.0 56.0 0.0 0.0 0.0 0.0 0.0 0.0 25.0 19.0 0.0 0.0 0.0 0.0 0.0 1.0 32.0 2.0 0.0 0.0 0.0 0.0 0.0 0.0 53.0 23.0 0.0 0.0 0.0 0.0 0.0 0.0 80.0 53.0 0.0 0.0 0.0 0.0 0.0 0.0 2.0 1.0 0.0 0.0 0.0 1.0 
25_3_018_34
0.0 0.0 0.0 0.0 0.0 0.0 6.0 50.0 0.0 0.0 1.0 17.0 1.0 2.0 7.0 11.0 2.0 0.0 7.0 60.0 1.0 1.0 0.0 0.0 1.0 0.0 0.0 0.0 0.0 0.0 0.0 0.0 0.0 0.0 0.0 0.0 0.0 0.0 7.0 70.0 3.0 0.0 5.0 14.0 3.0 10.0 7.0 15.0 2.0 1.0 12.0 75.0 3.0 0.0 0.0 0.0 0.0 0.0 0.0 0.0 0.0 0.0 0.0 0.0 0.0 0.0 0.0 0.0 0.0 0.0 2.0 81.0 7.0 0.0 0.0 6.0 5.0 8.0 13.0 0.0 0.0 0.0 13.0 102.0 0.0 0.0 0.0 0.0 1.0 0.0 0.0 0.0 0.0 0.0 0.0 0.0 0.0 0.0 0.0 0.0 0.0 0.0 0.0 55.0 12.0 0.0 4.0 12.0 0.0 0.0 -5.0 14.0 0.0 0.0 11.0 72.0 0.0 0.0 0.0 0.0 0.0 1.0 0.0 0.0 0.0 0.0 0.0 0.0 
25_3_018_35
0.0 0.0 0.0 1.0 5.0 0.0 0.0 0.0 0.0 0.0 0.0 18.0 7.0 0.0 0.0 0.0 14.0 0.0 0.0 6.0 1.0 0.0 -5.0 102.0 1.0 0.0 0.0 1.0 0.0 0.0 0.0 3.0 0.0 0.0 0.0 9.0 5.0 0.0 0.0 0.0 0.0 0.0 0.0 19.0 3.0 0.0 0.0 0.0 48.0 0.0 2.0 30.0 0.0 0.0 0.0 74.0 13.0 0.0 0.0 0.0 0.0 0.0 0.0 24.0 0.0 0.0 0.0 17.0 3.0 0.0 0.0 0.0 0.0 0.0 4.0 24.0 0.0 0.0 0.0 0.0 18.0 0.0 7.0 49.0 0.0 0.0 -4.0 66.0 9.0 0.0 0.0 1.0 0.0 0.0 -7.0 90.0 0.0 0.0 2.0 14.0 0.0 0.0 0.0 0.0 0.0 0.0 5.0 23.0 0.0 0.0 0.0 0.0 0.0 0.0 9.0 38.0 0.0 0.0 4.0 45.0 0.0 0.0 0.0 0.0 0.0 0.0 4.0 83.0 
25_3_018_36
0.0 0.0 0.0 0.0 0.0 0.0 0.0 1.0 0.0 0.0 0.0 73.0 25.0 0.0 0.0 0.0 0.0 0.0 0.0 0.0 0.0 0.0 3.0 24.0 1.0 0.0 0.0 0.0 0.0 0.0 0.0 3.0 1.0 0.0 0.0 0.0 0.0 0.0 0.0 2.0 0.0 0.0 3.0 102.0 6.0 0.0 0.0 0.0 4.0 0.0 0.0 2.0 0.0 0.0 0.0 23.0 2.0 0.0 0.0 0.0 0.0 0.0 0.0 1.0 1.0 0.0 0.0 0.0 0.0 0.0 0.0 2.0 0.0 0.0 10.0 98.0 4.0 0.0 0.0 0.0 12.0 0.0 0.0 0.0 2.0 0.0 0.0 16.0 2.0 0.0 4.0 2.0 0.0 0.0 0.0 1.0 0.0 0.0 0.0 0.0 0.0 0.0 0.0 1.0 0.0 0.0 15.0 56.0 3.0 0.0 0.0 0.0 6.0 0.0 0.0 11.0 8.0 0.0 0.0 3.0 5.0 1.0 3.0 2.0 0.0 0.0 0.0 2.0 
25_3_018_37
0.0 0.0 0.0 0.0 0.0 0.0 1.0 55.0 0.0 0.0 0.0 3.0 3.0 8.0 14.0 0.0 0.0 0.0 1.0 79.0 1.0 0.0 0.0 0.0 1.0 0.0 0.0 0.0 0.0 0.0 0.0 0.0 0.0 0.0 0.0 0.0 0.0 0.0 -9.0 77.0 12.0 0.0 3.0 2.0 0.0 0.0 -8.0 21.0 0.0 0.0 2.0 102.0 0.0 0.0 0.0 0.0 0.0 1.0 0.0 0.0 0.0 0.0 0.0 0.0 0.0 0.0 0.0 0.0 0.0 0.0 -4.0 64.0 21.0 2.0 0.0 0.0 0.0 3.0 6.0 -2.0 0.0 0.0 4.0 86.0 4.0 0.0 0.0 0.0 0.0 0.0 0.0 0.0 0.0 0.0 0.0 0.0 0.0 0.0 0.0 0.0 0.0 0.0 0.0 46.0 1.0 0.0 0.0 0.0 1.0 0.0 1.0 20.0 0.0 0.0 1.0 82.0 0.0 0.0 0.0 0.0 0.0 0.0 0.0 0.0 0.0 0.0 0.0 0.0 
25_3_018_38
1.0 1.0 0.0 0.0 0.0 1.0 3.0 1.0 0.0 0.0 5.0 13.0 5.0 0.0 0.0 0.0 0.0 0.0 0.0 18.0 27.0 0.0 0.0 3.0 0.0 0.0 0.0 50.0 29.0 0.0 0.0 0.0 0.0 0.0 0.0 0.0 3.0 9.0 5.0 0.0 0.0 0.0 2.0 38.0 7.0 0.0 0.0 0.0 1.0 0.0 6.0 20.0 0.0 0.0 1.0 14.0 0.0 0.0 15.0 102.0 0.0 0.0 0.0 0.0 0.0 6.0 16.0 1.0 1.0 1.0 0.0 0.0 0.0 6.0 32.0 23.0 0.0 0.0 0.0 0.0 2.0 0.0 35.0 35.0 0.0 0.0 0.0 8.0 0.0 0.0 29.0 50.0 0.0 0.0 0.0 0.0 0.0 3.0 33.0 4.0 0.0 0.0 0.0 0.0 1.0 6.0 10.0 0.0 1.0 7.0 8.0 8.0 0.0 0.0 40.0 67.0 0.0 0.0 0.0 0.0 0.0 0.0 8.0 11.0 0.0 0.0 0.0 0.0 
25_3_018_39
7.0 23.0 0.0 0.0 0.0 0.0 0.0 0.0 2.0 11.0 13.0 1.0 0.0 0.0 0.0 0.0 8.0 6.0 4.0 0.0 0.0 0.0 2.0 7.0 0.0 0.0 0.0 0.0 0.0 0.0 25.0 54.0 5.0 6.0 0.0 0.0 0.0 13.0 20.0 4.0 3.0 0.0 17.0 15.0 3.0 4.0 1.0 0.0 16.0 5.0 0.0 0.0 0.0 0.0 0.0 29.0 2.0 0.0 0.0 0.0 0.0 0.0 7.0 97.0 0.0 0.0 0.0 2.0 1.0 8.0 4.0 0.0 0.0 0.0 8.0 42.0 2.0 0.0 0.0 0.0 0.0 0.0 0.0 0.0 0.0 9.0 82.0 30.0 0.0 0.0 0.0 0.0 0.0 0.0 45.0 46.0 0.0 0.0 8.0 7.0 0.0 0.0 0.0 0.0 0.0 0.0 11.0 14.0 0.0 0.0 44.0 4.0 0.0 0.0 0.0 0.0 0.0 1.0 102.0 28.0 0.0 0.0 1.0 1.0 0.0 0.0 5.0 0.0 
25_3_018_40
0.0 0.0 5.0 17.0 2.0 3.0 1.0 0.0 0.0 0.0 6.0 20.0 3.0 5.0 0.0 0.0 5.0 9.0 11.0 4.0 0.0 0.0 -8.0 21.0 3.0 1.0 0.0 0.0 0.0 0.0 -26.0 87.0 0.0 0.0 0.0 9.0 5.0 11.0 5.0 0.0 0.0 5.0 47.0 57.0 1.0 0.0 0.0 0.0 9.0 23.0 12.0 5.0 1.0 0.0 -9.0 20.0 13.0 13.0 6.0 0.0 0.0 0.0 -18.0 102.0 6.0 14.0 25.0 10.0 1.0 0.0 -5.0 18.0 0.0 0.0 57.0 64.0 11.0 0.0 0.0 0.0 0.0 14.0 25.0 0.0 3.0 0.0 5.0 15.0 0.0 1.0 2.0 0.0 0.0 0.0 79.0 71.0 0.0 1.0 8.0 19.0 0.0 0.0 0.0 0.0 0.0 0.0 2.0 32.0 16.0 20.0 1.0 0.0 0.0 0.0 1.0 1.0 2.0 38.0 54.0 11.0 1.0 0.0 0.0 0.0 0.0 0.0 9.0 46.0 
25_3_018_41
0.0 0.0 10.0 13.0 3.0 4.0 0.0 0.0 0.0 0.0 5.0 13.0 8.0 12.0 0.0 0.0 5.0 10.0 25.0 7.0 0.0 0.0 -1.0 4.0 31.0 6.0 0.0 0.0 0.0 0.0 -3.0 35.0 0.0 0.0 1.0 14.0 4.0 7.0 1.0 15.0 0.0 7.0 76.0 44.0 0.0 0.0 0.0 0.0 13.0 25.0 9.0 10.0 0.0 0.0 -4.0 15.0 14.0 8.0 1.0 0.0 0.0 0.0 -21.0 90.0 6.0 25.0 42.0 5.0 0.0 0.0 -2.0 5.0 0.0 11.0 73.0 49.0 0.0 0.0 0.0 0.0 0.0 30.0 15.0 0.0 0.0 1.0 12.0 13.0 4.0 4.0 1.0 0.0 0.0 0.0 100.0 58.0 0.0 0.0 10.0 21.0 0.0 0.0 0.0 0.0 0.0 0.0 3.0 20.0 31.0 40.0 2.0 0.0 0.0 0.0 0.0 0.0 0.0 24.0 102.0 11.0 3.0 2.0 0.0 0.0 0.0 0.0 32.0 24.0 
25_3_018_42
0.0 1.0 8.0 3.0 1.0 0.0 0.0 0.0 8.0 4.0 6.0 8.0 0.0 0.0 0.0 -2.0 39.0 7.0 3.0 0.0 0.0 0.0 -1.0 -8.0 21.0 0.0 0.0 0.0 0.0 0.0 -23.0 56.0 0.0 0.0 0.0 2.0 6.0 3.0 6.0 0.0 0.0 0.0 12.0 24.0 16.0 0.0 0.0 0.0 14.0 2.0 16.0 9.0 0.0 0.0 -1.0 0.0 3.0 0.0 0.0 0.0 0.0 0.0 -21.0 102.0 0.0 0.0 0.0 1.0 4.0 3.0 5.0 3.0 0.0 0.0 1.0 28.0 43.0 0.0 0.0 0.0 0.0 0.0 13.0 22.0 7.0 3.0 0.0 0.0 0.0 0.0 0.0 0.0 0.0 0.0 -5.0 76.0 13.0 2.0 2.0 1.0 0.0 0.0 0.0 -3.0 0.0 1.0 12.0 23.0 3.0 0.0 0.0 0.0 0.0 0.0 0.0 3.0 14.0 11.0 12.0 1.0 0.0 0.0 0.0 0.0 0.0 2.0 19.0 7.0 
25_3_018_43
0.0 0.0 0.0 0.0 0.0 0.0 0.0 3.0 0.0 0.0 0.0 78.0 12.0 0.0 0.0 0.0 0.0 0.0 0.0 25.0 23.0 0.0 0.0 0.0 0.0 1.0 0.0 0.0 2.0 4.0 12.0 4.0 0.0 0.0 0.0 0.0 0.0 0.0 -1.0 5.0 0.0 0.0 19.0 96.0 0.0 0.0 0.0 0.0 0.0 0.0 2.0 29.0 9.0 9.0 1.0 0.0 0.0 0.0 0.0 0.0 0.0 1.0 12.0 7.0 1.0 0.0 0.0 0.0 0.0 0.0 0.0 2.0 0.0 0.0 4.0 102.0 4.0 0.0 0.0 0.0 0.0 1.0 7.0 23.0 3.0 0.0 1.0 1.0 1.0 0.0 0.0 0.0 0.0 0.0 -5.0 24.0 3.0 0.0 0.0 0.0 0.0 0.0 0.0 2.0 0.0 0.0 0.0 59.0 18.0 0.0 0.0 0.0 0.0 0.0 2.0 35.0 8.0 0.0 0.0 0.0 0.0 0.0 0.0 0.0 0.0 0.0 -2.0 17.0 
25_3_018_44
0.0 0.0 0.0 0.0 0.0 0.0 3.0 63.0 3.0 1.0 0.0 9.0 5.0 9.0 4.0 2.0 0.0 0.0 3.0 75.0 3.0 0.0 0.0 0.0 0.0 0.0 0.0 0.0 0.0 0.0 0.0 0.0 0.0 0.0 0.0 0.0 0.0 0.0 4.0 82.0 5.0 0.0 3.0 28.0 3.0 1.0 9.0 22.0 0.0 0.0 10.0 97.0 3.0 0.0 0.0 0.0 1.0 2.0 0.0 0.0 0.0 0.0 0.0 0.0 0.0 0.0 0.0 5.0 0.0 0.0 4.0 82.0 15.0 0.0 6.0 14.0 5.0 9.0 9.0 7.0 0.0 0.0 12.0 102.0 0.0 0.0 0.0 0.0 1.0 1.0 0.0 0.0 0.0 0.0 0.0 0.0 0.0 0.0 0.0 1.0 2.0 1.0 5.0 68.0 0.0 0.0 0.0 17.0 6.0 10.0 20.0 0.0 0.0 0.0 7.0 94.0 0.0 0.0 0.0 0.0 2.0 0.0 0.0 0.0 0.0 0.0 0.0 -1.0 
25_3_018_45
0.0 0.0 0.0 2.0 8.0 7.0 2.0 0.0 0.0 0.0 0.0 22.0 13.0 0.0 0.0 0.0 11.0 2.0 6.0 35.0 8.0 0.0 0.0 -3.0 4.0 0.0 0.0 0.0 0.0 0.0 -17.0 67.0 0.0 0.0 0.0 8.0 4.0 4.0 1.0 1.0 0.0 0.0 25.0 56.0 3.0 0.0 0.0 0.0 5.0 1.0 6.0 30.0 28.0 0.0 0.0 2.0 0.0 0.0 0.0 0.0 0.0 0.0 4.0 96.0 7.0 5.0 6.0 1.0 0.0 0.0 -10.0 21.0 0.0 1.0 18.0 44.0 21.0 1.0 0.0 0.0 2.0 0.0 6.0 35.0 7.0 6.0 9.0 5.0 0.0 0.0 0.0 9.0 4.0 0.0 21.0 102.0 13.0 6.0 3.0 2.0 5.0 0.0 0.0 -4.0 0.0 3.0 35.0 12.0 0.0 0.0 0.0 0.0 6.0 3.0 1.0 3.0 3.0 9.0 26.0 3.0 0.0 0.0 0.0 0.0 0.0 12.0 83.0 28.0 
25_3_018_46
0.0 0.0 0.0 1.0 7.0 2.0 0.0 0.0 0.0 1.0 1.0 7.0 22.0 0.0 0.0 0.0 5.0 2.0 0.0 1.0 5.0 0.0 -19.0 43.0 0.0 0.0 0.0 0.0 0.0 0.0 -5.0 37.0 0.0 0.0 0.0 0.0 7.0 5.0 0.0 0.0 0.0 0.0 3.0 27.0 9.0 0.0 0.0 0.0 1.0 0.0 0.0 2.0 26.0 4.0 -2.0 12.0 0.0 0.0 0.0 1.0 2.0 0.0 -32.0 102.0 3.0 0.0 0.0 2.0 3.0 0.0 0.0 0.0 0.0 0.0 0.0 19.0 22.0 2.0 0.0 0.0 0.0 3.0 4.0 4.0 6.0 6.0 2.0 4.0 0.0 0.0 0.0 5.0 8.0 2.0 8.0 35.0 9.0 0.0 5.0 5.0 0.0 0.0 0.0 -2.0 4.0 5.0 6.0 10.0 0.0 0.0 0.0 -2.0 3.0 0.0 5.0 10.0 0.0 0.0 1.0 0.0 0.0 0.0 0.0 0.0 0.0 0.0 18.0 28.0 
25_3_018_47
0.0 0.0 0.0 0.0 0.0 0.0 -2.0 54.0 2.0 0.0 0.0 0.0 0.0 2.0 1.0 9.0 0.0 0.0 1.0 77.0 0.0 0.0 0.0 0.0 0.0 0.0 1.0 0.0 0.0 0.0 0.0 0.0 0.0 0.0 0.0 0.0 0.0 0.0 -7.0 67.0 5.0 0.0 0.0 0.0 1.0 0.0 -4.0 27.0 0.0 0.0 2.0 102.0 0.0 0.0 0.0 0.0 0.0 0.0 1.0 0.0 0.0 0.0 0.0 0.0 0.0 0.0 0.0 0.0 0.0 0.0 -1.0 60.0 11.0 5.0 1.0 0.0 0.0 0.0 -2.0 10.0 0.0 0.0 12.0 82.0 0.0 0.0 0.0 0.0 0.0 0.0 1.0 0.0 0.0 0.0 0.0 0.0 30.0 1.0 0.0 0.0 0.0 0.0 -8.0 7.0 41.0 41.0 2.0 0.0 0.0 0.0 0.0 -20.0 0.0 9.0 21.0 4.0 0.0 0.0 0.0 0.0 0.0 0.0 0.0 0.0 0.0 0.0 0.0 0.0 
25_3_018_48
3.0 7.0 10.0 0.0 0.0 8.0 24.0 5.0 0.0 0.0 41.0 101.0 39.0 36.0 2.0 0.0 11.0 0.0 0.0 0.0 0.0 28.0 38.0 57.0 15.0 1.0 0.0 1.0 0.0 2.0 9.0 38.0 12.0 0.0 0.0 0.0 0.0 1.0 12.0 22.0 10.0 0.0 1.0 55.0 15.0 20.0 48.0 21.0 1.0 5.0 9.0 94.0 45.0 19.0 0.0 2.0 27.0 11.0 23.0 7.0 0.0 0.0 0.0 64.0 79.0 24.0 0.0 0.0 1.0 3.0 0.0 3.0 46.0 84.0 102.0 43.0 0.0 0.0 0.0 0.0 33.0 75.0 58.0 24.0 0.0 0.0 0.0 0.0 26.0 0.0 13.0 16.0 0.0 0.0 0.0 55.0 0.0 3.0 0.0 21.0 74.0 6.0 0.0 0.0 1.0 3.0 16.0 72.0 55.0 0.0 0.0 0.0 33.0 11.0 7.0 0.0 3.0 3.0 5.0 23.0 13.0 7.0 4.0 0.0 0.0 0.0 8.0 29.0 
25_3_018_49
0.0 24.0 47.0 2.0 3.0 0.0 0.0 0.0 0.0 41.0 64.0 0.0 8.0 15.0 1.0 0.0 0.0 17.0 23.0 3.0 25.0 13.0 0.0 0.0 18.0 12.0 3.0 2.0 4.0 0.0 0.0 0.0 12.0 32.0 6.0 0.0 1.0 2.0 0.0 10.0 0.0 0.0 1.0 2.0 10.0 74.0 60.0 0.0 0.0 0.0 25.0 102.0 59.0 28.0 0.0 0.0 4.0 9.0 30.0 2.0 0.0 8.0 40.0 5.0 26.0 27.0 20.0 2.0 21.0 63.0 32.0 22.0 29.0 26.0 2.0 0.0 0.0 24.0 34.0 59.0 0.0 0.0 24.0 57.0 57.0 72.0 1.0 0.0 0.0 0.0 2.0 11.0 13.0 54.0 41.0 1.0 6.0 0.0 0.0 0.0 15.0 31.0 10.0 7.0 19.0 20.0 3.0 0.0 0.0 6.0 9.0 0.0 0.0 3.0 51.0 32.0 0.0 0.0 0.0 0.0 25.0 8.0 11.0 6.0 0.0 0.0 20.0 20.0 
25_3_018_50
0.0 41.0 28.0 5.0 11.0 13.0 0.0 0.0 0.0 33.0 17.0 6.0 18.0 15.0 0.0 0.0 19.0 16.0 12.0 2.0 6.0 0.0 0.0 1.0 1.0 0.0 0.0 0.0 28.0 18.0 5.0 4.0 0.0 0.0 0.0 4.0 8.0 76.0 36.0 2.0 0.0 0.0 33.0 102.0 44.0 12.0 0.0 0.0 9.0 23.0 27.0 10.0 0.0 1.0 31.0 7.0 10.0 1.0 1.0 0.0 2.0 5.0 28.0 31.0 29.0 22.0 9.0 0.0 0.0 32.0 22.0 13.0 0.0 0.0 22.0 72.0 79.0 66.0 0.0 0.0 0.0 0.0 1.0 7.0 15.0 69.0 78.0 4.0 0.0 0.0 0.0 0.0 35.0 36.0 52.0 2.0 8.0 16.0 7.0 0.0 0.0 2.0 0.0 1.0 3.0 2.0 72.0 27.0 0.0 0.0 0.0 0.0 5.0 0.0 2.0 4.0 0.0 7.0 70.0 30.0 3.0 0.0 0.0 3.0 21.0 16.0 27.0 2.0 
25_3_018_51
0.0 0.0 0.0 29.0 3.0 0.0 0.0 0.0 0.0 0.0 0.0 72.0 14.0 0.0 0.0 0.0 0.0 0.0 0.0 14.0 2.0 0.0 0.0 0.0 1.0 0.0 0.0 0.0 0.0 0.0 0.0 0.0 0.0 0.0 3.0 26.0 3.0 0.0 0.0 0.0 0.0 0.0 6.0 102.0 6.0 2.0 0.0 0.0 0.0 0.0 1.0 22.0 4.0 0.0 0.0 0.0 0.0 0.0 1.0 1.0 1.0 1.0 0.0 0.0 0.0 0.0 0.0 22.0 10.0 0.0 0.0 0.0 0.0 0.0 39.0 89.0 0.0 0.0 0.0 0.0 0.0 0.0 7.0 10.0 0.0 0.0 0.0 0.0 0.0 0.0 6.0 2.0 0.0 0.0 0.0 0.0 0.0 0.0 1.0 32.0 3.0 0.0 0.0 0.0 0.0 0.0 30.0 68.0 0.0 0.0 0.0 0.0 0.0 0.0 7.0 2.0 0.0 0.0 0.0 0.0 0.0 0.0 0.0 0.0 0.0 1.0 1.0 0.0 
25_3_018_52
0.0 0.0 0.0 11.0 29.0 3.0 3.0 0.0 0.0 0.0 0.0 11.0 30.0 5.0 27.0 2.0 0.0 0.0 29.0 81.0 46.0 0.0 0.0 0.0 12.0 12.0 17.0 20.0 1.0 4.0 -3.0 6.0 3.0 0.0 2.0 19.0 17.0 1.0 1.0 -1.0 0.0 0.0 1.0 3.0 22.0 8.0 12.0 26.0 0.0 0.0 9.0 102.0 101.0 3.0 0.0 0.0 0.0 0.0 18.0 77.0 27.0 10.0 3.0 0.0 39.0 6.0 8.0 1.0 0.0 0.0 0.0 -14.0 72.0 10.0 14.0 9.0 0.0 0.0 0.0 -30.0 0.0 3.0 48.0 71.0 22.0 0.0 0.0 0.0 0.0 0.0 0.0 10.0 46.0 26.0 18.0 6.0 44.0 8.0 0.0 0.0 0.0 0.0 0.0 -17.0 0.0 25.0 7.0 0.0 0.0 2.0 0.0 0.0 0.0 7.0 6.0 7.0 11.0 1.0 0.0 0.0 0.0 0.0 1.0 10.0 26.0 3.0 1.0 0.0 
25_3_018_53
0.0 0.0 0.0 0.0 0.0 0.0 24.0 67.0 0.0 0.0 1.0 5.0 10.0 7.0 1.0 1.0 0.0 0.0 12.0 70.0 4.0 0.0 0.0 0.0 0.0 0.0 0.0 4.0 0.0 0.0 1.0 0.0 0.0 0.0 0.0 0.0 0.0 0.0 28.0 92.0 0.0 0.0 2.0 10.0 30.0 2.0 0.0 0.0 0.0 0.0 18.0 101.0 5.0 0.0 0.0 0.0 0.0 0.0 0.0 0.0 0.0 0.0 1.0 0.0 5.0 3.0 6.0 0.0 0.0 0.0 18.0 80.0 7.0 14.0 29.0 3.0 0.0 0.0 0.0 2.0 0.0 0.0 24.0 102.0 0.0 0.0 0.0 0.0 0.0 0.0 0.0 0.0 0.0 0.0 0.0 0.0 1.0 3.0 5.0 5.0 7.0 0.0 10.0 30.0 2.0 4.0 6.0 21.0 0.0 1.0 7.0 17.0 0.0 0.0 15.0 60.0 0.0 0.0 0.0 0.0 0.0 0.0 0.0 0.0 0.0 0.0 0.0 0.0 
25_3_018_54
0.0 0.0 2.0 17.0 9.0 2.0 2.0 0.0 3.0 2.0 4.0 10.0 34.0 38.0 1.0 4.0 32.0 7.0 0.0 2.0 0.0 0.0 0.0 20.0 9.0 29.0 3.0 0.0 0.0 0.0 0.0 0.0 2.0 0.0 0.0 4.0 3.0 3.0 5.0 8.0 22.0 10.0 5.0 23.0 37.0 16.0 15.0 11.0 8.0 28.0 30.0 102.0 35.0 0.0 0.0 0.0 32.0 48.0 4.0 0.0 0.0 0.0 9.0 22.0 0.0 0.0 30.0 10.0 6.0 2.0 0.0 0.0 9.0 67.0 51.0 3.0 0.0 0.0 0.0 0.0 0.0 4.0 54.0 51.0 21.0 6.0 0.0 0.0 19.0 0.0 0.0 0.0 0.0 6.0 27.0 59.0 0.0 18.0 73.0 4.0 0.0 0.0 0.0 0.0 1.0 35.0 15.0 2.0 1.0 0.0 0.0 0.0 15.0 3.0 0.0 0.0 4.0 11.0 3.0 5.0 0.0 0.0 0.0 0.0 0.0 18.0 30.0 13.0 
25_3_018_55
0.0 0.0 0.0 0.0 0.0 0.0 1.0 1.0 -2.0 5.0 1.0 0.0 0.0 0.0 1.0 0.0 -6.0 2.0 80.0 15.0 0.0 0.0 0.0 0.0 0.0 -3.0 35.0 4.0 0.0 0.0 5.0 6.0 0.0 0.0 0.0 0.0 0.0 0.0 1.0 2.0 -7.0 11.0 39.0 40.0 0.0 0.0 0.0 0.0 -28.0 71.0 30.0 9.0 0.0 0.0 0.0 0.0 0.0 -1.0 7.0 5.0 1.0 0.0 2.0 20.0 0.0 0.0 0.0 0.0 0.0 0.0 0.0 3.0 0.0 0.0 13.0 102.0 1.0 0.0 0.0 0.0 0.0 0.0 1.0 24.0 6.0 4.0 2.0 0.0 0.0 0.0 0.0 1.0 1.0 1.0 8.0 15.0 0.0 0.0 0.0 0.0 0.0 0.0 0.0 0.0 0.0 0.0 11.0 63.0 3.0 0.0 0.0 0.0 0.0 0.0 5.0 12.0 5.0 1.0 0.0 0.0 0.0 0.0 0.0 0.0 1.0 3.0 10.0 1.0 
25_3_018_56
0.0 0.0 0.0 0.0 0.0 0.0 0.0 4.0 0.0 0.0 5.0 10.0 0.0 0.0 28.0 91.0 12.0 5.0 11.0 19.0 4.0 8.0 13.0 16.0 0.0 2.0 22.0 72.0 2.0 2.0 9.0 1.0 0.0 0.0 0.0 0.0 0.0 0.0 7.0 27.0 0.0 0.0 4.0 38.0 0.0 0.0 30.0 96.0 0.0 0.0 12.0 8.0 15.0 29.0 35.0 39.0 0.0 2.0 30.0 96.0 2.0 0.0 0.0 0.0 0.0 0.0 0.0 0.0 0.0 0.0 17.0 68.0 14.0 0.0 0.0 2.0 14.0 15.0 19.0 65.0 0.0 0.0 10.0 36.0 0.0 7.0 28.0 5.0 0.0 0.0 36.0 102.0 0.0 0.0 0.0 0.0 0.0 0.0 0.0 0.0 0.0 0.0 17.0 66.0 31.0 0.0 0.0 2.0 2.0 6.0 -5.0 38.0 3.0 0.0 23.0 67.0 0.0 0.0 -8.0 26.0 0.0 0.0 17.0 51.0 0.0 0.0 0.0 0.0 
25_3_018_57
0.0 0.0 0.0 0.0 0.0 25.0 34.0 0.0 0.0 0.0 0.0 1.0 2.0 16.0 30.0 5.0 6.0 13.0 25.0 14.0 1.0 0.0 1.0 1.0 13.0 4.0 11.0 12.0 0.0 0.0 -8.0 17.0 2.0 0.0 0.0 0.0 0.0 2.0 7.0 36.0 0.0 2.0 57.0 36.0 2.0 6.0 0.0 0.0 25.0 23.0 36.0 3.0 0.0 0.0 0.0 -10.0 12.0 0.0 4.0 23.0 5.0 0.0 -6.0 8.0 102.0 0.0 0.0 0.0 0.0 0.0 0.0 -15.0 30.0 3.0 52.0 63.0 0.0 0.0 0.0 -13.0 32.0 6.0 11.0 5.0 1.0 0.0 -6.0 5.0 8.0 0.0 0.0 0.0 6.0 3.0 3.0 4.0 7.0 0.0 0.0 0.0 10.0 23.0 4.0 0.0 8.0 2.0 17.0 19.0 27.0 16.0 0.0 -4.0 0.0 1.0 6.0 0.0 9.0 10.0 54.0 44.0 0.0 0.0 0.0 0.0 18.0 44.0 15.0 1.0 
25_3_018_58
0.0 0.0 0.0 0.0 1.0 3.0 0.0 0.0 0.0 0.0 0.0 0.0 2.0 0.0 0.0 0.0 0.0 0.0 0.0 0.0 0.0 0.0 0.0 0.0 0.0 0.0 0.0 0.0 1.0 0.0 0.0 0.0 0.0 0.0 0.0 0.0 25.0 93.0 0.0 0.0 0.0 0.0 0.0 2.0 35.0 102.0 2.0 0.0 0.0 0.0 0.0 20.0 46.0 14.0 0.0 0.0 0.0 0.0 0.0 1.0 0.0 0.0 0.0 0.0 23.0 25.0 4.0 0.0 0.0 0.0 -1.0 -7.0 5.0 3.0 23.0 1.0 2.0 3.0 -7.0 19.0 0.0 -38.0 100.0 66.0 0.0 0.0 0.0 0.0 0.0 0.0 0.0 0.0 1.0 0.0 0.0 0.0 100.0 1.0 1.0 0.0 0.0 0.0 -1.0 -41.0 81.0 25.0 5.0 3.0 1.0 0.0 0.0 -33.0 -6.0 -4.0 53.0 28.0 0.0 0.0 0.0 0.0 0.0 0.0 0.0 0.0 2.0 0.0 0.0 0.0 
25_3_018_59
12.0 0.0 0.0 0.0 0.0 0.0 -4.0 26.0 2.0 0.0 0.0 12.0 1.0 0.0 -6.0 34.0 0.0 0.0 0.0 82.0 7.0 0.0 0.0 0.0 0.0 0.0 0.0 0.0 0.0 0.0 0.0 0.0 0.0 0.0 0.0 0.0 1.0 0.0 1.0 43.0 16.0 3.0 3.0 1.0 1.0 3.0 8.0 8.0 0.0 0.0 3.0 102.0 6.0 0.0 0.0 0.0 0.0 0.0 1.0 0.0 0.0 0.0 0.0 0.0 42.0 28.0 4.0 0.0 0.0 0.0 -9.0 13.0 17.0 85.0 11.0 0.0 0.0 0.0 0.0 -7.0 0.0 14.0 40.0 11.0 0.0 0.0 0.0 0.0 0.0 0.0 0.0 0.0 0.0 0.0 0.0 0.0 0.0 0.0 1.0 1.0 0.0 0.0 0.0 0.0 0.0 0.0 1.0 0.0 0.0 0.0 0.0 0.0 0.0 0.0 0.0 0.0 0.0 0.0 0.0 0.0 0.0 0.0 1.0 0.0 0.0 0.0 0.0 0.0 
25_3_018_60
0.0 2.0 1.0 2.0 1.0 37.0 8.0 0.0 4.0 19.0 4.0 0.0 0.0 2.0 14.0 5.0 1.0 64.0 10.0 0.0 0.0 0.0 0.0 0.0 32.0 25.0 0.0 0.0 0.0 0.0 2.0 16.0 1.0 1.0 5.0 2.0 0.0 18.0 24.0 7.0 0.0 4.0 34.0 41.0 30.0 17.0 0.0 0.0 25.0 23.0 12.0 4.0 0.0 6.0 10.0 17.0 12.0 10.0 1.0 0.0 0.0 12.0 41.0 23.0 39.0 36.0 19.0 0.0 0.0 0.0 7.0 48.0 3.0 20.0 102.0 62.0 3.0 1.0 6.0 1.0 8.0 0.0 0.0 0.0 0.0 32.0 32.0 19.0 9.0 32.0 9.0 0.0 2.0 23.0 0.0 0.0 21.0 82.0 17.0 11.0 7.0 1.0 6.0 2.0 18.0 6.0 2.0 0.0 0.0 0.0 19.0 87.0 1.0 0.0 0.0 0.0 0.0 11.0 22.0 11.0 0.0 0.0 34.0 22.0 0.0 15.0 5.0 0.0 
25_3_018_61
7.0 0.0 0.0 2.0 2.0 0.0 1.0 17.0 0.0 0.0 5.0 49.0 6.0 0.0 0.0 0.0 11.0 6.0 21.0 8.0 0.0 0.0 1.0 3.0 17.0 6.0 0.0 0.0 0.0 0.0 3.0 7.0 14.0 0.0 0.0 0.0 2.0 2.0 3.0 60.0 0.0 0.0 10.0 102.0 22.0 0.0 0.0 0.0 6.0 7.0 3.0 22.0 14.0 3.0 0.0 0.0 27.0 5.0 0.0 0.0 0.0 0.0 1.0 15.0 1.0 1.0 0.0 0.0 2.0 10.0 42.0 14.0 0.0 0.0 7.0 28.0 45.0 35.0 0.0 0.0 0.0 0.0 0.0 22.0 76.0 20.0 0.0 0.0 5.0 21.0 4.0 1.0 0.0 1.0 9.0 2.0 0.0 0.0 0.0 0.0 0.0 5.0 13.0 1.0 0.0 0.0 0.0 1.0 7.0 14.0 0.0 0.0 0.0 0.0 0.0 19.0 93.0 5.0 0.0 0.0 0.0 4.0 2.0 8.0 50.0 57.0 0.0 0.0 
25_3_018_62
0.0 0.0 0.0 0.0 0.0 22.0 35.0 3.0 0.0 0.0 1.0 20.0 30.0 12.0 0.0 0.0 0.0 0.0 9.0 21.0 1.0 10.0 15.0 0.0 0.0 0.0 0.0 25.0 14.0 10.0 4.0 0.0 0.0 0.0 0.0 0.0 0.0 0.0 15.0 26.0 0.0 0.0 17.0 102.0 9.0 0.0 0.0 0.0 0.0 0.0 2.0 4.0 0.0 1.0 22.0 23.0 0.0 0.0 0.0 0.0 21.0 30.0 31.0 13.0 0.0 2.0 4.0 0.0 1.0 4.0 9.0 6.0 0.0 0.0 4.0 82.0 10.0 4.0 1.0 0.0 0.0 0.0 1.0 8.0 7.0 4.0 31.0 3.0 0.0 3.0 13.0 3.0 0.0 1.0 5.0 81.0 2.0 13.0 5.0 0.0 0.0 0.0 0.0 0.0 0.0 4.0 13.0 30.0 5.0 0.0 0.0 0.0 7.0 3.0 11.0 21.0 0.0 0.0 -1.0 2.0 15.0 51.0 17.0 7.0 0.0 0.0 -8.0 34.0 
25_3_018_63
0.0 0.0 17.0 45.0 8.0 0.0 0.0 0.0 0.0 13.0 20.0 23.0 9.0 0.0 0.0 0.0 17.0 12.0 3.0 0.0 0.0 0.0 0.0 1.0 7.0 0.0 0.0 0.0 0.0 0.0 4.0 12.0 0.0 4.0 30.0 30.0 0.0 0.0 1.0 0.0 0.0 1.0 45.0 102.0 2.0 1.0 0.0 0.0 69.0 2.0 0.0 0.0 0.0 0.0 0.0 38.0 14.0 1.0 1.0 0.0 2.0 7.0 3.0 13.0 0.0 0.0 10.0 9.0 0.0 1.0 21.0 7.0 0.0 0.0 0.0 83.0 65.0 25.0 7.0 0.0 2.0 0.0 0.0 3.0 35.0 44.0 87.0 24.0 12.0 3.0 6.0 17.0 2.0 0.0 1.0 6.0 2.0 0.0 0.0 0.0 0.0 0.0 8.0 21.0 5.0 0.0 0.0 25.0 29.0 2.0 2.0 1.0 13.0 2.0 3.0 16.0 25.0 1.0 1.0 50.0 0.0 0.0 2.0 38.0 18.0 0.0 0.0 0.0 
25_3_018_64
2.0 0.0 2.0 9.0 29.0 33.0 2.0 4.0 32.0 10.0 0.0 2.0 0.0 0.0 0.0 20.0 11.0 38.0 5.0 0.0 0.0 0.0 0.0 0.0 0.0 35.0 10.0 25.0 18.0 0.0 0.0 0.0 13.0 10.0 4.0 20.0 35.0 13.0 10.0 6.0 9.0 30.0 33.0 102.0 36.0 0.0 0.0 0.0 43.0 69.0 5.0 0.0 0.0 0.0 9.0 25.0 0.0 15.0 3.0 0.0 8.0 41.0 10.0 0.0 11.0 62.0 45.0 0.0 0.0 0.0 0.0 0.0 0.0 2.0 60.0 61.0 24.0 7.0 0.0 0.0 21.0 0.0 0.0 0.0 0.0 10.0 37.0 84.0 16.0 0.0 0.0 0.0 3.0 29.0 20.0 35.0 0.0 25.0 12.0 3.0 0.0 0.0 0.0 0.0 7.0 5.0 0.0 0.0 7.0 12.0 4.0 3.0 0.0 0.0 0.0 0.0 1.0 28.0 36.0 13.0 6.0 4.0 3.0 0.0 0.0 0.0 12.0 63.0 
25_3_018_65
0.0 8.0 12.0 10.0 3.0 2.0 0.0 20.0 18.0 10.0 0.0 0.0 0.0 9.0 4.0 21.0 0.0 0.0 0.0 82.0 3.0 0.0 0.0 0.0 0.0 0.0 0.0 0.0 0.0 1.0 0.0 0.0 4.0 4.0 3.0 10.0 2.0 2.0 3.0 25.0 3.0 5.0 4.0 0.0 4.0 5.0 12.0 35.0 0.0 0.0 4.0 102.0 1.0 0.0 0.0 0.0 0.0 0.0 0.0 0.0 0.0 1.0 0.0 0.0 13.0 23.0 6.0 0.0 0.0 0.0 0.0 2.0 12.0 57.0 0.0 0.0 0.0 0.0 0.0 1.0 0.0 10.0 25.0 7.0 0.0 0.0 0.0 0.0 0.0 0.0 0.0 0.0 1.0 1.0 0.0 0.0 0.0 0.0 0.0 0.0 0.0 1.0 0.0 0.0 0.0 0.0 0.0 0.0 0.0 1.0 0.0 0.0 0.0 0.0 0.0 0.0 0.0 0.0 0.0 0.0 0.0 1.0 2.0 0.0 0.0 0.0 0.0 0.0 
25_3_018_66
0.0 0.0 1.0 25.0 8.0 0.0 3.0 44.0 12.0 8.0 1.0 2.0 15.0 20.0 8.0 13.0 0.0 0.0 8.0 62.0 1.0 0.0 0.0 8.0 0.0 0.0 0.0 0.0 0.0 0.0 0.0 0.0 0.0 0.0 5.0 22.0 3.0 0.0 4.0 49.0 12.0 1.0 2.0 0.0 0.0 4.0 3.0 13.0 0.0 0.0 6.0 101.0 2.0 0.0 0.0 0.0 0.0 0.0 0.0 0.0 0.0 0.0 0.0 0.0 0.0 0.0 2.0 28.0 1.0 0.0 3.0 38.0 8.0 0.0 2.0 17.0 0.0 1.0 6.0 44.0 0.0 0.0 14.0 102.0 0.0 0.0 0.0 0.0 1.0 1.0 0.0 0.0 0.0 0.0 0.0 0.0 0.0 0.0 8.0 15.0 2.0 0.0 1.0 19.0 18.0 5.0 6.0 3.0 4.0 3.0 11.0 14.0 0.0 0.0 10.0 83.0 0.0 0.0 0.0 0.0 2.0 0.0 0.0 0.0 0.0 0.0 0.0 0.0 
25_3_018_67
11.0 0.0 0.0 0.0 0.0 0.0 6.0 23.0 0.0 2.0 23.0 14.0 0.0 0.0 0.0 0.0 6.0 13.0 11.0 8.0 2.0 0.0 5.0 8.0 12.0 17.0 12.0 3.0 0.0 0.0 0.0 2.0 0.0 0.0 2.0 3.0 2.0 1.0 21.0 3.0 0.0 0.0 3.0 3.0 4.0 28.0 22.0 3.0 1.0 0.0 4.0 31.0 78.0 5.0 4.0 1.0 0.0 0.0 0.0 0.0 0.0 0.0 18.0 28.0 0.0 15.0 18.0 6.0 3.0 1.0 0.0 0.0 42.0 15.0 0.0 0.0 0.0 0.0 1.0 25.0 0.0 0.0 62.0 102.0 2.0 0.0 0.0 0.0 52.0 10.0 0.0 0.0 0.0 0.0 0.0 14.0 5.0 40.0 13.0 0.0 0.0 0.0 0.0 0.0 18.0 59.0 4.0 2.0 0.0 0.0 0.0 0.0 0.0 21.0 85.0 18.0 10.0 3.0 0.0 0.0 29.0 9.0 0.0 0.0 0.0 5.0 27.0 14.0 
25_3_018_68
0.0 0.0 0.0 2.0 21.0 43.0 3.0 0.0 0.0 5.0 4.0 1.0 1.0 27.0 16.0 0.0 1.0 25.0 15.0 0.0 0.0 0.0 3.0 3.0 0.0 50.0 13.0 1.0 0.0 0.0 1.0 0.0 30.0 33.0 8.0 2.0 0.0 0.0 0.0 0.0 0.0 0.0 2.0 4.0 3.0 31.0 31.0 13.0 0.0 4.0 31.0 58.0 36.0 7.0 0.0 0.0 31.0 11.0 1.0 2.0 0.0 6.0 9.0 21.0 65.0 12.0 1.0 0.0 0.0 0.0 0.0 27.0 43.0 46.0 43.0 0.0 0.0 0.0 6.0 45.0 0.0 13.0 102.0 45.0 8.0 0.0 10.0 6.0 1.0 0.0 0.0 0.0 0.0 22.0 39.0 7.0 7.0 6.0 7.0 9.0 3.0 0.0 0.0 0.0 24.0 99.0 37.0 9.0 7.0 1.0 3.0 3.0 25.0 7.0 3.0 0.0 0.0 0.0 10.0 90.0 2.0 0.0 0.0 0.0 0.0 3.0 14.0 12.0 
25_3_018_69
0.0 0.0 0.0 1.0 2.0 7.0 15.0 0.0 3.0 0.0 1.0 2.0 2.0 0.0 8.0 9.0 48.0 3.0 2.0 2.0 0.0 0.0 0.0 -8.0 0.0 0.0 0.0 5.0 1.0 0.0 25.0 49.0 0.0 -1.0 4.0 13.0 2.0 2.0 3.0 0.0 0.0 0.0 0.0 1.0 3.0 10.0 20.0 21.0 4.0 0.0 9.0 25.0 19.0 2.0 -6.0 29.0 0.0 0.0 0.0 0.0 0.0 0.0 15.0 102.0 0.0 -2.0 8.0 22.0 0.0 0.0 0.0 0.0 -1.0 3.0 6.0 0.0 0.0 0.0 5.0 59.0 0.0 -11.0 34.0 41.0 3.0 1.0 25.0 18.0 0.0 0.0 0.0 0.0 0.0 0.0 29.0 78.0 0.0 -10.0 29.0 2.0 0.0 0.0 0.0 0.0 0.0 -1.0 6.0 1.0 2.0 2.0 4.0 33.0 0.0 -2.0 6.0 0.0 0.0 18.0 38.0 7.0 0.0 0.0 0.0 0.0 0.0 0.0 29.0 32.0 
25_3_018_70
0.0 0.0 0.0 0.0 2.0 78.0 46.0 25.0 0.0 0.0 0.0 0.0 0.0 48.0 47.0 15.0 0.0 0.0 0.0 3.0 7.0 5.0 19.0 14.0 11.0 0.0 0.0 5.0 6.0 0.0 4.0 24.0 0.0 0.0 0.0 0.0 0.0 5.0 102.0 55.0 1.0 0.0 9.0 51.0 37.0 54.0 25.0 9.0 0.0 0.0 0.0 7.0 14.0 6.0 10.0 7.0 5.0 0.0 0.0 21.0 26.0 0.0 0.0 4.0 5.0 27.0 0.0 0.0 0.0 2.0 26.0 10.0 11.0 20.0 20.0 15.0 5.0 3.0 6.0 1.0 0.0 0.0 1.0 13.0 15.0 27.0 1.0 0.0 0.0 0.0 3.0 34.0 19.0 0.0 0.0 0.0 6.0 10.0 0.0 0.0 0.0 2.0 42.0 6.0 2.0 0.0 0.0 0.0 1.0 14.0 26.0 3.0 0.0 0.0 1.0 37.0 14.0 0.0 0.0 0.0 0.0 0.0 2.0 17.0 12.0 0.0 0.0 0.0 
25_3_018_71
0.0 0.0 0.0 0.0 0.0 4.0 10.0 0.0 1.0 2.0 9.0 2.0 0.0 0.0 3.0 5.0 0.0 0.0 45.0 102.0 12.0 0.0 0.0 0.0 0.0 0.0 2.0 8.0 12.0 27.0 12.0 0.0 0.0 1.0 0.0 0.0 0.0 0.0 5.0 1.0 0.0 0.0 9.0 22.0 1.0 0.0 0.0 0.0 0.0 0.0 18.0 96.0 13.0 0.0 0.0 0.0 0.0 0.0 2.0 27.0 14.0 1.0 0.0 0.0 10.0 35.0 16.0 0.0 0.0 0.0 0.0 0.0 3.0 44.0 34.0 0.0 0.0 0.0 0.0 2.0 0.0 0.0 5.0 43.0 62.0 7.0 1.0 2.0 0.0 0.0 6.0 8.0 31.0 7.0 2.0 0.0 26.0 62.0 8.0 0.0 0.0 0.0 0.0 0.0 70.0 32.0 14.0 0.0 0.0 0.0 0.0 16.0 30.0 20.0 1.0 3.0 3.0 0.0 0.0 3.0 0.0 2.0 0.0 2.0 39.0 11.0 0.0 0.0 
25_3_018_72
0.0 0.0 0.0 0.0 0.0 0.0 0.0 0.0 0.0 0.0 1.0 4.0 0.0 0.0 0.0 0.0 0.0 0.0 8.0 79.0 0.0 0.0 0.0 0.0 0.0 0.0 0.0 0.0 0.0 0.0 0.0 0.0 0.0 0.0 0.0 0.0 0.0 0.0 0.0 0.0 0.0 0.0 0.0 12.0 0.0 0.0 0.0 0.0 0.0 0.0 6.0 102.0 1.0 0.0 0.0 0.0 0.0 2.0 1.0 0.0 0.0 1.0 0.0 0.0 0.0 9.0 6.0 0.0 0.0 0.0 0.0 0.0 0.0 19.0 29.0 6.0 0.0 0.0 0.0 0.0 0.0 0.0 12.0 43.0 11.0 25.0 1.0 0.0 0.0 0.0 0.0 0.0 0.0 38.0 17.0 0.0 0.0 11.0 10.0 0.0 0.0 0.0 0.0 0.0 0.0 4.0 2.0 0.0 0.0 0.0 0.0 0.0 0.0 0.0 0.0 0.0 0.0 3.0 1.0 0.0 0.0 0.0 0.0 0.0 0.0 3.0 0.0 0.0 
25_3_018_73
0.0 7.0 12.0 6.0 3.0 0.0 2.0 20.0 7.0 2.0 0.0 3.0 26.0 7.0 0.0 0.0 0.0 0.0 3.0 76.0 9.0 0.0 0.0 0.0 0.0 0.0 0.0 0.0 0.0 0.0 1.0 0.0 0.0 1.0 10.0 11.0 23.0 2.0 2.0 11.0 15.0 16.0 5.0 0.0 6.0 25.0 3.0 0.0 0.0 0.0 13.0 102.0 9.0 0.0 0.0 0.0 0.0 0.0 0.0 0.0 0.0 0.0 1.0 0.0 0.0 0.0 5.0 31.0 6.0 0.0 0.0 8.0 18.0 11.0 12.0 4.0 1.0 0.0 0.0 5.0 0.0 0.0 25.0 93.0 0.0 0.0 0.0 0.0 0.0 0.0 0.0 0.0 0.0 0.0 0.0 1.0 0.0 0.0 12.0 21.0 3.0 0.0 0.0 1.0 3.0 6.0 8.0 7.0 1.0 12.0 12.0 3.0 0.0 0.0 9.0 73.0 3.0 0.0 0.0 0.0 0.0 0.0 0.0 0.0 0.0 0.0 1.0 0.0 
25_3_018_74
0.0 0.0 1.0 0.0 0.0 0.0 0.0 0.0 0.0 0.0 17.0 17.0 0.0 0.0 0.0 0.0 0.0 0.0 30.0 18.0 1.0 0.0 0.0 0.0 0.0 0.0 3.0 29.0 1.0 0.0 0.0 0.0 0.0 1.0 1.0 0.0 0.0 0.0 0.0 0.0 0.0 0.0 33.0 59.0 0.0 0.0 0.0 0.0 0.0 19.0 39.0 2.0 0.0 0.0 0.0 0.0 3.0 2.0 1.0 23.0 7.0 0.0 2.0 9.0 0.0 2.0 0.0 0.0 0.0 0.0 0.0 0.0 0.0 0.0 8.0 102.0 0.0 0.0 0.0 0.0 3.0 0.0 21.0 23.0 2.0 0.0 0.0 21.0 0.0 0.0 0.0 29.0 4.0 1.0 12.0 23.0 0.0 1.0 0.0 0.0 0.0 0.0 0.0 0.0 0.0 0.0 0.0 75.0 5.0 0.0 0.0 0.0 0.0 0.0 7.0 43.0 1.0 0.0 2.0 28.0 12.0 5.0 3.0 18.0 1.0 0.0 0.0 20.0 
25_3_018_75
0.0 0.0 9.0 10.0 0.0 1.0 9.0 0.0 16.0 15.0 8.0 1.0 23.0 9.0 0.0 0.0 4.0 2.0 0.0 0.0 91.0 38.0 0.0 0.0 0.0 0.0 0.0 0.0 38.0 15.0 0.0 0.0 13.0 5.0 0.0 7.0 13.0 0.0 0.0 0.0 3.0 8.0 14.0 43.0 24.0 1.0 0.0 0.0 42.0 19.0 0.0 0.0 0.0 0.0 1.0 22.0 16.0 10.0 0.0 0.0 52.0 21.0 0.0 0.0 102.0 40.0 0.0 0.0 0.0 0.0 0.0 0.0 43.0 23.0 3.0 29.0 26.0 13.0 1.0 2.0 0.0 1.0 10.0 35.0 17.0 17.0 42.0 7.0 39.0 19.0 0.0 0.0 4.0 0.0 0.0 1.0 2.0 0.0 0.0 0.0 0.0 0.0 0.0 0.0 63.0 23.0 0.0 0.0 0.0 0.0 0.0 0.0 81.0 39.0 0.0 9.0 7.0 0.0 0.0 0.0 11.0 2.0 0.0 1.0 17.0 31.0 4.0 1.0 
25_3_018_76
0.0 0.0 10.0 62.0 2.0 0.0 0.0 0.0 0.0 0.0 8.0 44.0 5.0 2.0 0.0 0.0 0.0 1.0 0.0 0.0 1.0 12.0 4.0 0.0 0.0 0.0 0.0 0.0 0.0 1.0 8.0 8.0 0.0 0.0 10.0 100.0 0.0 0.0 0.0 0.0 0.0 0.0 9.0 26.0 0.0 2.0 17.0 13.0 1.0 0.0 2.0 24.0 10.0 6.0 0.0 0.0 0.0 0.0 0.0 0.0 0.0 0.0 -3.0 25.0 0.0 0.0 2.0 102.0 2.0 0.0 0.0 0.0 4.0 0.0 0.0 16.0 7.0 1.0 1.0 18.0 1.0 -1.0 17.0 36.0 0.0 0.0 0.0 0.0 0.0 0.0 0.0 0.0 0.0 0.0 -7.0 30.0 0.0 0.0 0.0 62.0 11.0 0.0 0.0 0.0 0.0 0.0 0.0 18.0 12.0 1.0 0.0 0.0 0.0 -1.0 6.0 24.0 0.0 0.0 0.0 2.0 0.0 0.0 0.0 0.0 0.0 0.0 -3.0 20.0 
25_3_018_77
1.0 5.0 10.0 12.0 2.0 0.0 0.0 0.0 0.0 0.0 32.0 36.0 0.0 0.0 0.0 0.0 20.0 7.0 29.0 39.0 0.0 0.0 0.0 13.0 57.0 11.0 6.0 2.0 0.0 0.0 0.0 18.0 2.0 30.0 22.0 0.0 0.0 0.0 0.0 0.0 0.0 0.0 29.0 34.0 3.0 0.0 0.0 0.0 5.0 3.0 10.0 102.0 6.0 0.0 0.0 0.0 76.0 14.0 0.0 0.0 0.0 0.0 0.0 19.0 0.0 15.0 13.0 0.0 0.0 0.0 0.0 0.0 0.0 7.0 66.0 3.0 0.0 0.0 0.0 0.0 0.0 0.0 31.0 42.0 9.0 10.0 1.0 0.0 3.0 5.0 50.0 10.0 0.0 4.0 6.0 4.0 0.0 5.0 25.0 0.0 0.0 0.0 0.0 0.0 0.0 2.0 64.0 5.0 0.0 0.0 1.0 2.0 0.0 0.0 22.0 13.0 0.0 1.0 9.0 7.0 0.0 0.0 94.0 29.0 0.0 0.0 0.0 0.0 
25_3_018_78
0.0 0.0 0.0 0.0 0.0 0.0 14.0 46.0 1.0 21.0 12.0 2.0 1.0 2.0 10.0 26.0 12.0 7.0 18.0 3.0 3.0 7.0 6.0 8.0 0.0 0.0 15.0 61.0 0.0 0.0 5.0 19.0 0.0 0.0 0.0 0.0 0.0 0.0 23.0 83.0 0.0 7.0 20.0 60.0 11.0 20.0 19.0 6.0 44.0 15.0 0.0 8.0 24.0 24.0 13.0 63.0 0.0 0.0 21.0 93.0 0.0 0.0 2.0 5.0 12.0 5.0 0.0 0.0 0.0 0.0 15.0 79.0 22.0 17.0 23.0 47.0 2.0 1.0 18.0 0.0 0.0 11.0 17.0 3.0 4.0 17.0 35.0 63.0 0.0 0.0 28.0 102.0 0.0 0.0 0.0 0.0 15.0 15.0 0.0 0.0 0.0 0.0 0.0 0.0 26.0 35.0 6.0 0.0 0.0 0.0 0.0 0.0 33.0 65.0 0.0 0.0 0.0 0.0 0.0 0.0 0.0 14.0 32.0 17.0 0.0 0.0 0.0 0.0 
25_3_018_79
0.0 0.0 0.0 0.0 0.0 10.0 20.0 2.0 0.0 0.0 0.0 0.0 0.0 87.0 12.0 0.0 0.0 0.0 0.0 0.0 1.0 86.0 9.0 0.0 0.0 0.0 0.0 0.0 0.0 64.0 9.0 0.0 22.0 1.0 0.0 0.0 0.0 0.0 8.0 41.0 6.0 52.0 12.0 0.0 7.0 4.0 14.0 16.0 19.0 51.0 15.0 28.0 19.0 1.0 0.0 17.0 20.0 6.0 2.0 0.0 5.0 1.0 3.0 17.0 3.0 0.0 0.0 0.0 0.0 0.0 7.0 69.0 19.0 6.0 1.0 13.0 21.0 55.0 8.0 7.0 0.0 4.0 16.0 20.0 1.0 70.0 37.0 12.0 1.0 2.0 0.0 7.0 9.0 24.0 13.0 8.0 20.0 1.0 0.0 0.0 0.0 0.0 0.0 25.0 14.0 85.0 7.0 0.0 0.0 2.0 0.0 8.0 0.0 102.0 15.0 0.0 0.0 0.0 0.0 0.0 0.0 82.0 13.0 0.0 0.0 0.0 0.0 0.0 
25_3_018_80
0.0 0.0 0.0 0.0 0.0 60.0 42.0 0.0 0.0 1.0 0.0 0.0 0.0 102.0 64.0 0.0 0.0 11.0 12.0 29.0 48.0 68.0 22.0 0.0 0.0 0.0 0.0 20.0 11.0 0.0 0.0 0.0 8.0 30.0 26.0 14.0 0.0 28.0 20.0 1.0 10.0 67.0 79.0 11.0 0.0 8.0 15.0 18.0 40.0 49.0 13.0 19.0 26.0 8.0 0.0 9.0 0.0 0.0 4.0 69.0 16.0 0.0 0.0 0.0 2.0 11.0 4.0 18.0 19.0 21.0 0.0 7.0 40.0 0.0 0.0 35.0 39.0 36.0 30.0 41.0 0.0 15.0 26.0 22.0 6.0 55.0 38.0 5.0 0.0 6.0 31.0 45.0 34.0 14.0 3.0 0.0 4.0 45.0 35.0 0.0 6.0 6.0 0.0 1.0 0.0 84.0 46.0 0.0 1.0 7.0 5.0 0.0 0.0 83.0 50.0 0.0 0.0 0.0 0.0 0.0 0.0 16.0 15.0 0.0 0.0 0.0 0.0 1.0 
25_3_018_81
0.0 0.0 0.0 0.0 0.0 22.0 24.0 9.0 0.0 0.0 0.0 0.0 15.0 72.0 0.0 0.0 0.0 0.0 0.0 0.0 12.0 37.0 11.0 0.0 0.0 0.0 0.0 3.0 16.0 11.0 0.0 0.0 0.0 0.0 0.0 2.0 0.0 0.0 12.0 98.0 12.0 16.0 24.0 53.0 1.0 10.0 17.0 -5.0 2.0 0.0 9.0 3.0 19.0 18.0 2.0 67.0 0.0 0.0 5.0 92.0 6.0 0.0 0.0 0.0 0.0 0.0 0.0 0.0 0.0 0.0 3.0 102.0 40.0 2.0 3.0 73.0 31.0 13.0 -16.0 22.0 6.0 19.0 27.0 0.0 0.0 10.0 9.0 62.0 0.0 0.0 7.0 87.0 0.0 0.0 0.0 0.0 0.0 0.0 0.0 0.0 0.0 0.0 2.0 76.0 6.0 5.0 8.0 19.0 16.0 8.0 7.0 1.0 0.0 0.0 5.0 1.0 1.0 21.0 15.0 4.0 0.0 0.0 4.0 66.0 0.0 0.0 0.0 0.0 
25_3_018_82
0.0 0.0 0.0 0.0 0.0 0.0 4.0 6.0 0.0 1.0 0.0 0.0 9.0 27.0 8.0 6.0 0.0 0.0 0.0 0.0 18.0 32.0 0.0 0.0 0.0 0.0 0.0 0.0 6.0 10.0 0.0 0.0 0.0 0.0 0.0 0.0 0.0 0.0 16.0 15.0 32.0 4.0 0.0 3.0 7.0 0.0 7.0 5.0 63.0 -2.0 7.0 9.0 8.0 6.0 -1.0 -18.0 2.0 0.0 1.0 0.0 9.0 18.0 -3.0 15.0 0.0 0.0 0.0 0.0 0.0 2.0 14.0 32.0 3.0 0.0 6.0 2.0 21.0 25.0 -6.0 17.0 -8.0 12.0 23.0 1.0 7.0 28.0 20.0 8.0 5.0 1.0 0.0 4.0 2.0 0.0 0.0 16.0 37.0 0.0 0.0 0.0 0.0 0.0 -3.0 -3.0 102.0 0.0 0.0 0.0 0.0 0.0 0.0 -40.0 84.0 0.0 0.0 0.0 2.0 6.0 0.0 -34.0 36.0 0.0 0.0 0.0 6.0 11.0 0.0 -14.0 
25_3_018_83
0.0 0.0 0.0 0.0 6.0 6.0 10.0 15.0 4.0 9.0 7.0 0.0 0.0 0.0 -1.0 44.0 3.0 47.0 34.0 0.0 0.0 0.0 12.0 1.0 6.0 19.0 0.0 0.0 0.0 0.0 39.0 23.0 0.0 0.0 0.0 33.0 34.0 6.0 11.0 0.0 0.0 1.0 39.0 41.0 2.0 1.0 7.0 1.0 10.0 5.0 1.0 0.0 0.0 0.0 10.0 102.0 11.0 18.0 6.0 0.0 0.0 0.0 8.0 21.0 0.0 0.0 0.0 18.0 70.0 6.0 0.0 0.0 0.0 0.0 4.0 98.0 17.0 0.0 0.0 0.0 32.0 32.0 7.0 0.0 0.0 0.0 -9.0 54.0 16.0 98.0 25.0 0.0 0.0 0.0 0.0 0.0 0.0 0.0 0.0 15.0 70.0 0.0 0.0 0.0 0.0 0.0 1.0 75.0 88.0 0.0 0.0 0.0 14.0 51.0 24.0 35.0 22.0 0.0 3.0 2.0 20.0 29.0 23.0 3.0 5.0 2.0 0.0 7.0 
25_3_018_84
1.0 0.0 0.0 6.0 37.0 39.0 10.0 2.0 7.0 0.0 0.0 3.0 19.0 59.0 21.0 18.0 73.0 0.0 0.0 0.0 0.0 0.0 8.0 102.0 60.0 0.0 0.0 0.0 0.0 0.0 0.0 27.0 0.0 0.0 0.0 1.0 20.0 89.0 13.0 0.0 0.0 0.0 0.0 45.0 49.0 25.0 5.0 0.0 8.0 0.0 0.0 0.0 0.0 0.0 11.0 101.0 78.0 2.0 0.0 0.0 0.0 0.0 0.0 18.0 0.0 0.0 25.0 20.0 9.0 14.0 1.0 0.0 0.0 0.0 25.0 75.0 11.0 6.0 5.0 0.0 0.0 0.0 9.0 1.0 0.0 1.0 39.0 47.0 30.0 4.0 9.0 0.0 0.0 0.0 0.0 49.0 0.0 0.0 30.0 19.0 12.0 32.0 2.0 0.0 0.0 0.0 6.0 0.0 7.0 44.0 28.0 0.0 0.0 0.0 9.0 33.0 9.0 4.0 3.0 0.0 15.0 9.0 17.0 5.0 0.0 0.0 0.0 3.0 
25_3_018_85
0.0 0.0 10.0 8.0 0.0 0.0 0.0 0.0 -39.0 102.0 41.0 8.0 0.0 0.0 0.0 0.0 2.0 15.0 19.0 25.0 8.0 0.0 0.0 -4.0 0.0 0.0 0.0 0.0 0.0 0.0 6.0 15.0 0.0 0.0 15.0 61.0 0.0 0.0 0.0 0.0 -1.0 2.0 25.0 47.0 1.0 1.0 4.0 6.0 0.0 1.0 20.0 26.0 1.0 0.0 0.0 0.0 1.0 0.0 0.0 0.0 0.0 0.0 4.0 36.0 0.0 0.0 13.0 84.0 2.0 0.0 0.0 0.0 0.0 0.0 1.0 22.0 10.0 2.0 11.0 0.0 0.0 0.0 1.0 35.0 9.0 1.0 8.0 3.0 1.0 0.0 0.0 1.0 1.0 0.0 14.0 9.0 0.0 0.0 20.0 52.0 0.0 0.0 0.0 0.0 -5.0 13.0 5.0 14.0 1.0 0.0 0.0 0.0 0.0 0.0 0.0 6.0 3.0 4.0 8.0 1.0 0.0 0.0 0.0 0.0 4.0 2.0 6.0 1.0 
25_3_018_86
0.0 1.0 0.0 0.0 0.0 0.0 0.0 0.0 0.0 0.0 1.0 66.0 1.0 0.0 0.0 0.0 0.0 0.0 0.0 12.0 16.0 7.0 3.0 3.0 6.0 6.0 1.0 3.0 2.0 2.0 3.0 2.0 0.0 0.0 0.0 0.0 0.0 0.0 0.0 0.0 0.0 0.0 13.0 97.0 0.0 0.0 0.0 0.0 12.0 1.0 0.0 0.0 0.0 8.0 1.0 13.0 0.0 0.0 8.0 14.0 4.0 9.0 0.0 0.0 0.0 1.0 0.0 0.0 0.0 0.0 0.0 0.0 0.0 0.0 10.0 102.0 0.0 0.0 0.0 0.0 6.0 1.0 5.0 1.0 0.0 0.0 0.0 26.0 0.0 1.0 51.0 5.0 0.0 0.0 0.0 0.0 0.0 1.0 0.0 0.0 0.0 0.0 0.0 0.0 0.0 0.0 1.0 65.0 22.0 0.0 0.0 0.0 1.0 5.0 10.0 2.0 8.0 11.0 0.0 2.0 0.0 0.0 18.0 23.0 1.0 0.0 0.0 0.0 
25_3_018_87
0.0 0.0 0.0 0.0 0.0 4.0 34.0 35.0 -4.0 20.0 21.0 19.0 3.0 4.0 0.0 9.0 -24.0 102.0 0.0 0.0 0.0 0.0 0.0 -2.0 -8.0 16.0 14.0 21.0 4.0 0.0 0.0 0.0 0.0 0.0 0.0 0.0 0.0 0.0 -17.0 70.0 2.0 7.0 28.0 95.0 0.0 0.0 0.0 -2.0 10.0 26.0 5.0 1.0 0.0 0.0 -3.0 3.0 -13.0 36.0 5.0 1.0 0.0 1.0 0.0 0.0 0.0 0.0 0.0 0.0 0.0 0.0 2.0 25.0 0.0 1.0 14.0 71.0 9.0 0.0 0.0 0.0 0.0 0.0 0.0 4.0 23.0 21.0 5.0 1.0 0.0 0.0 0.0 1.0 5.0 16.0 19.0 3.0 4.0 3.0 1.0 0.0 0.0 0.0 1.0 2.0 0.0 0.0 2.0 28.0 15.0 0.0 0.0 0.0 1.0 0.0 0.0 0.0 8.0 3.0 1.0 10.0 0.0 0.0 0.0 0.0 0.0 27.0 8.0 3.0 
25_3_018_88
0.0 0.0 18.0 21.0 14.0 0.0 0.0 0.0 8.0 0.0 5.0 0.0 1.0 7.0 -9.0 34.0 0.0 2.0 3.0 30.0 3.0 0.0 -5.0 13.0 0.0 0.0 0.0 0.0 0.0 0.0 -36.0 102.0 0.0 0.0 0.0 2.0 36.0 12.0 0.0 0.0 0.0 0.0 7.0 28.0 23.0 32.0 0.0 0.0 0.0 0.0 7.0 25.0 7.0 2.0 3.0 0.0 0.0 0.0 0.0 0.0 0.0 0.0 23.0 45.0 2.0 0.0 1.0 21.0 22.0 6.0 0.0 -1.0 0.0 0.0 5.0 38.0 12.0 6.0 0.0 0.0 0.0 0.0 0.0 0.0 19.0 28.0 12.0 0.0 1.0 0.0 0.0 0.0 0.0 6.0 32.0 15.0 10.0 7.0 11.0 6.0 0.0 0.0 0.0 -4.0 0.0 0.0 0.0 8.0 9.0 5.0 0.0 0.0 0.0 0.0 0.0 3.0 14.0 2.0 0.0 2.0 12.0 0.0 0.0 0.0 0.0 0.0 -1.0 5.0 
25_3_018_89
0.0 1.0 0.0 0.0 0.0 0.0 1.0 0.0 0.0 0.0 0.0 0.0 0.0 19.0 40.0 0.0 0.0 0.0 0.0 0.0 2.0 53.0 102.0 3.0 9.0 1.0 0.0 13.0 9.0 18.0 19.0 4.0 0.0 0.0 0.0 0.0 0.0 39.0 83.0 0.0 0.0 0.0 0.0 0.0 2.0 36.0 67.0 30.0 7.0 0.0 6.0 17.0 11.0 1.0 -14.0 56.0 0.0 1.0 9.0 11.0 11.0 18.0 21.0 0.0 5.0 0.0 0.0 3.0 12.0 5.0 5.0 8.0 2.0 1.0 0.0 0.0 0.0 0.0 20.0 47.0 4.0 0.0 4.0 33.0 21.0 16.0 21.0 27.0 1.0 13.0 25.0 0.0 0.0 11.0 12.0 7.0 0.0 0.0 4.0 1.0 4.0 12.0 0.0 39.0 0.0 9.0 17.0 0.0 0.0 15.0 29.0 1.0 0.0 52.0 90.0 1.0 1.0 1.0 0.0 0.0 0.0 47.0 85.0 0.0 0.0 0.0 0.0 0.0 
25_3_018_90
0.0 0.0 0.0 0.0 0.0 30.0 91.0 0.0 0.0 0.0 1.0 0.0 0.0 31.0 101.0 1.0 0.0 15.0 34.0 4.0 0.0 2.0 8.0 0.0 5.0 6.0 3.0 21.0 6.0 2.0 4.0 4.0 0.0 2.0 6.0 10.0 0.0 15.0 44.0 0.0 20.0 26.0 22.0 18.0 6.0 0.0 1.0 30.0 1.0 0.0 16.0 42.0 14.0 0.0 0.0 0.0 12.0 6.0 20.0 5.0 4.0 1.0 0.0 1.0 8.0 18.0 28.0 3.0 0.0 0.0 4.0 6.0 13.0 0.0 0.0 15.0 32.0 1.0 3.0 23.0 4.0 34.0 78.0 21.0 3.0 0.0 0.0 0.0 0.0 21.0 83.0 0.0 0.0 0.0 0.0 0.0 8.0 11.0 9.0 1.0 10.0 4.0 2.0 10.0 2.0 39.0 102.0 7.0 0.0 0.0 0.0 3.0 0.0 13.0 58.0 0.0 0.0 0.0 0.0 0.0 0.0 0.0 0.0 0.0 0.0 1.0 0.0 0.0 
25_3_018_91
2.0 0.0 0.0 0.0 0.0 0.0 5.0 24.0 0.0 0.0 16.0 21.0 11.0 33.0 39.0 44.0 15.0 17.0 19.0 5.0 29.0 36.0 0.0 -5.0 0.0 0.0 0.0 8.0 16.0 35.0 7.0 18.0 0.0 0.0 0.0 0.0 0.0 0.0 20.0 69.0 0.0 0.0 23.0 95.0 0.0 0.0 14.0 48.0 41.0 16.0 12.0 8.0 25.0 14.0 16.0 11.0 0.0 0.0 15.0 51.0 0.0 0.0 16.0 46.0 0.0 0.0 0.0 0.0 0.0 0.0 25.0 102.0 0.0 4.0 11.0 59.0 26.0 3.0 4.0 20.0 25.0 11.0 0.0 9.0 36.0 57.0 16.0 7.0 0.0 0.0 21.0 66.0 0.0 0.0 9.0 39.0 0.0 0.0 0.0 0.0 0.0 0.0 24.0 85.0 8.0 2.0 12.0 39.0 6.0 0.0 4.0 4.0 0.0 2.0 8.0 3.0 5.0 4.0 18.0 17.0 0.0 0.0 17.0 63.0 0.0 1.0 1.0 0.0 
25_3_018_92
0.0 0.0 0.0 0.0 0.0 0.0 0.0 0.0 0.0 0.0 6.0 74.0 0.0 0.0 0.0 0.0 9.0 0.0 6.0 6.0 0.0 1.0 1.0 16.0 0.0 0.0 8.0 7.0 2.0 4.0 0.0 0.0 0.0 1.0 0.0 0.0 0.0 0.0 0.0 0.0 0.0 0.0 12.0 102.0 0.0 0.0 0.0 0.0 5.0 2.0 2.0 6.0 0.0 0.0 0.0 24.0 0.0 0.0 53.0 6.0 0.0 0.0 0.0 0.0 0.0 1.0 0.0 0.0 0.0 0.0 0.0 0.0 0.0 0.0 0.0 75.0 30.0 0.0 0.0 0.0 1.0 4.0 7.0 4.0 22.0 19.0 0.0 2.0 0.0 0.0 21.0 26.0 11.0 0.0 0.0 0.0 0.0 0.0 0.0 0.0 0.0 0.0 0.0 0.0 0.0 0.0 0.0 2.0 16.0 3.0 0.0 0.0 0.0 0.0 0.0 5.0 21.0 45.0 1.0 0.0 0.0 1.0 3.0 69.0 29.0 0.0 0.0 0.0 
25_3_018_93
0.0 0.0 0.0 0.0 0.0 0.0 0.0 0.0 3.0 0.0 0.0 0.0 0.0 0.0 0.0 0.0 2.0 1.0 1.0 0.0 0.0 0.0 0.0 0.0 4.0 0.0 0.0 0.0 0.0 0.0 0.0 0.0 0.0 6.0 12.0 3.0 24.0 61.0 0.0 0.0 0.0 0.0 5.0 1.0 20.0 49.0 14.0 2.0 0.0 0.0 0.0 13.0 34.0 15.0 0.0 0.0 0.0 0.0 0.0 0.0 0.0 0.0 0.0 2.0 7.0 5.0 18.0 31.0 5.0 10.0 9.0 9.0 5.0 1.0 5.0 8.0 13.0 9.0 12.0 54.0 0.0 0.0 18.0 102.0 2.0 0.0 0.0 0.0 3.0 1.0 0.0 0.0 0.0 0.0 0.0 -1.0 17.0 17.0 4.0 19.0 27.0 14.0 -9.0 12.0 0.0 15.0 14.0 8.0 0.0 7.0 15.0 50.0 0.0 0.0 17.0 70.0 0.0 0.0 0.0 0.0 1.0 0.0 0.0 0.0 0.0 0.0 0.0 0.0 
25_3_018_94
0.0 0.0 2.0 7.0 15.0 2.0 0.0 0.0 0.0 7.0 12.0 9.0 0.0 0.0 0.0 0.0 0.0 1.0 39.0 31.0 0.0 0.0 0.0 0.0 1.0 11.0 1.0 0.0 0.0 0.0 5.0 15.0 0.0 2.0 35.0 16.0 0.0 0.0 0.0 0.0 0.0 18.0 17.0 26.0 1.0 0.0 0.0 0.0 0.0 8.0 50.0 54.0 0.0 0.0 0.0 0.0 8.0 6.0 0.0 0.0 0.0 0.0 -32.0 102.0 3.0 64.0 43.0 5.0 0.0 0.0 0.0 0.0 3.0 25.0 35.0 11.0 2.0 1.0 2.0 1.0 0.0 1.0 75.0 36.0 0.0 0.0 1.0 4.0 2.0 0.0 0.0 0.0 0.0 0.0 30.0 70.0 2.0 3.0 6.0 9.0 20.0 6.0 32.0 15.0 0.0 0.0 24.0 53.0 6.0 6.0 25.0 6.0 0.0 0.0 12.0 27.0 0.0 0.0 24.0 13.0 0.0 0.0 0.0 0.0 0.0 2.0 71.0 33.0 
25_3_018_95
0.0 0.0 0.0 0.0 0.0 0.0 0.0 0.0 0.0 0.0 0.0 0.0 0.0 0.0 0.0 0.0 0.0 0.0 37.0 61.0 0.0 0.0 0.0 0.0 0.0 0.0 6.0 7.0 0.0 0.0 0.0 0.0 0.0 0.0 0.0 0.0 0.0 0.0 0.0 0.0 0.0 0.0 3.0 9.0 0.0 0.0 0.0 0.0 0.0 0.0 33.0 97.0 0.0 0.0 0.0 0.0 0.0 0.0 0.0 2.0 0.0 0.0 0.0 0.0 0.0 0.0 0.0 0.0 0.0 0.0 0.0 0.0 0.0 0.0 3.0 23.0 0.0 0.0 0.0 0.0 0.0 0.0 12.0 102.0 0.0 0.0 0.0 0.0 0.0 0.0 0.0 1.0 0.0 0.0 0.0 0.0 0.0 0.0 0.0 0.0 0.0 0.0 0.0 0.0 0.0 0.0 0.0 24.0 0.0 0.0 0.0 0.0 0.0 0.0 0.0 79.0 3.0 0.0 0.0 0.0 0.0 0.0 0.0 1.0 0.0 0.0 0.0 0.0 
25_3_018_96
30.0 0.0 0.0 0.0 8.0 32.0 1.0 -2.0 78.0 0.0 0.0 1.0 2.0 0.0 0.0 -28.0 64.0 0.0 0.0 3.0 3.0 0.0 0.0 -21.0 0.0 2.0 0.0 12.0 11.0 0.0 0.0 0.0 54.0 5.0 1.0 3.0 10.0 3.0 2.0 -9.0 5.0 6.0 3.0 7.0 52.0 18.0 0.0 -2.0 90.0 16.0 14.0 45.0 11.0 0.0 0.0 -27.0 54.0 3.0 0.0 5.0 0.0 0.0 -26.0 45.0 62.0 1.0 0.0 0.0 1.0 9.0 0.0 -22.0 36.0 64.0 0.0 0.0 5.0 6.0 0.0 -22.0 3.0 -1.0 26.0 43.0 22.0 32.0 0.0 0.0 0.0 0.0 0.0 0.0 2.0 15.0 -37.0 102.0 14.0 0.0 0.0 0.0 0.0 3.0 -4.0 16.0 1.0 4.0 2.0 1.0 6.0 13.0 0.0 0.0 0.0 8.0 0.0 0.0 8.0 12.0 0.0 -1.0 0.0 0.0 0.0 0.0 11.0 16.0 1.0 0.0 
25_3_018_97
0.0 0.0 0.0 0.0 0.0 0.0 0.0 0.0 0.0 0.0 0.0 0.0 0.0 0.0 0.0 1.0 0.0 0.0 23.0 70.0 0.0 0.0 0.0 0.0 0.0 0.0 1.0 2.0 0.0 0.0 0.0 0.0 0.0 0.0 0.0 0.0 0.0 0.0 0.0 0.0 0.0 0.0 1.0 5.0 0.0 0.0 0.0 1.0 0.0 0.0 19.0 99.0 0.0 0.0 0.0 0.0 0.0 0.0 0.0 1.0 0.0 0.0 0.0 0.0 0.0 0.0 0.0 0.0 0.0 0.0 0.0 0.0 0.0 0.0 1.0 13.0 0.0 0.0 0.0 0.0 0.0 0.0 4.0 102.0 1.0 0.0 0.0 0.0 0.0 0.0 0.0 0.0 0.0 0.0 0.0 0.0 0.0 0.0 0.0 0.0 0.0 0.0 0.0 0.0 0.0 0.0 0.0 8.0 0.0 0.0 0.0 0.0 0.0 0.0 0.0 75.0 8.0 0.0 0.0 0.0 0.0 0.0 0.0 0.0 0.0 0.0 0.0 0.0 
25_3_018_98
0.0 0.0 0.0 0.0 0.0 0.0 0.0 0.0 0.0 0.0 11.0 73.0 0.0 0.0 0.0 0.0 0.0 0.0 5.0 37.0 3.0 0.0 1.0 0.0 0.0 5.0 10.0 10.0 0.0 0.0 -3.0 11.0 1.0 0.0 0.0 0.0 0.0 0.0 0.0 0.0 0.0 0.0 19.0 102.0 0.0 0.0 0.0 0.0 0.0 1.0 4.0 22.0 10.0 1.0 0.0 0.0 0.0 0.0 11.0 24.0 1.0 0.0 0.0 0.0 2.0 0.0 0.0 0.0 0.0 0.0 -4.0 10.0 3.0 0.0 1.0 69.0 38.0 0.0 0.0 -1.0 0.0 0.0 2.0 26.0 28.0 0.0 0.0 0.0 0.0 0.0 17.0 24.0 0.0 0.0 0.0 0.0 3.0 0.0 0.0 0.0 0.0 0.0 0.0 0.0 0.0 1.0 0.0 7.0 9.0 0.0 0.0 0.0 0.0 0.0 3.0 73.0 43.0 0.0 0.0 0.0 0.0 0.0 4.0 14.0 0.0 1.0 0.0 0.0 
25_3_018_99
0.0 0.0 0.0 1.0 0.0 0.0 0.0 0.0 0.0 0.0 0.0 5.0 32.0 1.0 0.0 0.0 0.0 0.0 0.0 49.0 96.0 1.0 0.0 0.0 1.0 0.0 0.0 0.0 10.0 6.0 0.0 0.0 0.0 1.0 2.0 0.0 0.0 0.0 0.0 0.0 0.0 0.0 7.0 9.0 0.0 1.0 0.0 0.0 0.0 0.0 9.0 102.0 9.0 0.0 0.0 0.0 0.0 0.0 0.0 4.0 42.0 9.0 0.0 0.0 0.0 1.0 0.0 0.0 0.0 0.0 0.0 0.0 1.0 0.0 1.0 16.0 2.0 1.0 1.0 0.0 0.0 0.0 2.0 79.0 24.0 1.0 1.0 0.0 0.0 0.0 3.0 5.0 9.0 2.0 1.0 0.0 0.0 0.0 0.0 0.0 2.0 0.0 0.0 0.0 0.0 0.0 0.0 2.0 2.0 0.0 0.0 2.0 0.0 0.0 0.0 28.0 53.0 0.0 0.0 0.0 0.0 0.0 13.0 22.0 4.0 0.0 0.0 0.0 
25_3_018_100
5.0 5.0 1.0 0.0 0.0 0.0 0.0 -1.0 19.0 0.0 0.0 0.0 0.0 0.0 -3.0 4.0 4.0 9.0 18.0 2.0 0.0 0.0 0.0 -1.0 17.0 0.0 0.0 0.0 0.0 0.0 -34.0 90.0 0.0 1.0 1.0 7.0 16.0 12.0 0.0 0.0 7.0 0.0 0.0 5.0 1.0 0.0 -13.0 40.0 0.0 0.0 23.0 39.0 0.0 0.0 0.0 0.0 11.0 0.0 0.0 0.0 0.0 0.0 -25.0 102.0 0.0 20.0 44.0 7.0 0.0 0.0 0.0 0.0 6.0 6.0 12.0 0.0 0.0 0.0 -18.0 73.0 0.0 0.0 15.0 47.0 0.0 0.0 0.0 0.0 0.0 0.0 0.0 0.0 0.0 0.0 4.0 78.0 0.0 0.0 0.0 10.0 38.0 15.0 0.0 0.0 0.0 1.0 0.0 0.0 13.0 6.0 1.0 32.0 0.0 0.0 20.0 31.0 0.0 0.0 -2.0 9.0 0.0 0.0 0.0 0.0 0.0 0.0 5.0 59.0 
25_3_018_101
4.0 2.0 5.0 1.0 2.0 2.0 3.0 8.0 1.0 7.0 9.0 3.0 3.0 10.0 1.0 0.0 22.0 7.0 2.0 3.0 0.0 0.0 0.0 1.0 8.0 12.0 6.0 0.0 0.0 0.0 0.0 0.0 0.0 0.0 0.0 4.0 21.0 12.0 0.0 0.0 0.0 0.0 0.0 0.0 16.0 17.0 16.0 4.0 10.0 26.0 11.0 73.0 11.0 0.0 0.0 0.0 17.0 38.0 24.0 0.0 0.0 0.0 0.0 6.0 0.0 0.0 2.0 12.0 3.0 0.0 0.0 0.0 2.0 9.0 15.0 23.0 7.0 2.0 0.0 2.0 0.0 0.0 50.0 102.0 6.0 0.0 0.0 0.0 26.0 5.0 1.0 2.0 0.0 0.0 2.0 24.0 0.0 0.0 0.0 4.0 4.0 1.0 2.0 0.0 0.0 0.0 0.0 31.0 23.0 2.0 1.0 0.0 0.0 0.0 0.0 32.0 68.0 4.0 0.0 0.0 13.0 0.0 0.0 2.0 34.0 5.0 0.0 11.0 
25_3_018_102
0.0 0.0 0.0 10.0 10.0 0.0 0.0 0.0 0.0 0.0 5.0 38.0 9.0 0.0 0.0 0.0 15.0 2.0 23.0 16.0 0.0 0.0 0.0 6.0 11.0 15.0 0.0 0.0 0.0 0.0 0.0 1.0 0.0 0.0 0.0 0.0 22.0 5.0 0.0 0.0 0.0 0.0 10.0 102.0 16.0 0.0 0.0 0.0 2.0 0.0 3.0 18.0 4.0 5.0 7.0 6.0 7.0 9.0 3.0 4.0 1.0 0.0 0.0 2.0 0.0 9.0 17.0 4.0 1.0 0.0 0.0 0.0 0.0 0.0 20.0 90.0 13.0 7.0 0.0 0.0 0.0 0.0 0.0 3.0 16.0 24.0 12.0 0.0 0.0 0.0 0.0 3.0 12.0 5.0 7.0 0.0 0.0 0.0 0.0 1.0 13.0 18.0 0.0 0.0 0.0 0.0 0.0 0.0 26.0 44.0 0.0 0.0 0.0 0.0 0.0 14.0 55.0 17.0 0.0 0.0 2.0 2.0 2.0 15.0 10.0 0.0 0.0 0.0 
25_3_018_103
0.0 0.0 0.0 0.0 0.0 0.0 0.0 0.0 0.0 0.0 0.0 0.0 0.0 0.0 0.0 2.0 0.0 0.0 25.0 75.0 0.0 0.0 0.0 0.0 0.0 0.0 0.0 6.0 2.0 1.0 7.0 13.0 0.0 0.0 0.0 0.0 0.0 0.0 0.0 0.0 0.0 0.0 1.0 3.0 0.0 0.0 0.0 0.0 0.0 0.0 6.0 102.0 2.0 0.0 0.0 0.0 2.0 0.0 1.0 3.0 3.0 0.0 0.0 4.0 3.0 0.0 0.0 0.0 0.0 0.0 0.0 0.0 0.0 2.0 2.0 13.0 1.0 0.0 0.0 0.0 0.0 0.0 11.0 80.0 4.0 0.0 0.0 0.0 0.0 0.0 3.0 10.0 4.0 1.0 0.0 0.0 2.0 0.0 0.0 0.0 0.0 0.0 0.0 1.0 3.0 0.0 0.0 7.0 2.0 0.0 -1.0 2.0 0.0 0.0 0.0 39.0 42.0 0.0 0.0 0.0 0.0 0.0 5.0 16.0 2.0 0.0 0.0 0.0 
25_3_018_104
32.0 0.0 0.0 0.0 0.0 1.0 0.0 32.0 0.0 0.0 0.0 66.0 58.0 3.0 1.0 2.0 12.0 1.0 0.0 0.0 0.0 0.0 8.0 63.0 31.0 0.0 0.0 0.0 0.0 0.0 0.0 69.0 36.0 0.0 0.0 0.0 0.0 0.0 0.0 40.0 12.0 0.0 12.0 83.0 10.0 0.0 0.0 9.0 1.0 1.0 0.0 0.0 0.0 7.0 16.0 33.0 20.0 0.0 0.0 0.0 0.0 1.0 10.0 102.0 17.0 0.0 0.0 4.0 3.0 0.0 0.0 14.0 32.0 0.0 1.0 10.0 16.0 7.0 0.0 16.0 0.0 0.0 0.0 0.0 0.0 12.0 57.0 7.0 2.0 0.0 0.0 0.0 0.0 3.0 14.0 72.0 0.0 0.0 0.0 10.0 2.0 0.0 0.0 0.0 20.0 0.0 0.0 0.0 0.0 0.0 0.0 44.0 5.0 2.0 1.0 0.0 0.0 0.0 2.0 9.0 1.0 0.0 0.0 0.0 0.0 0.0 24.0 51.0 
25_3_018_105
0.0 0.0 80.0 26.0 0.0 0.0 0.0 1.0 0.0 0.0 2.0 6.0 0.0 4.0 100.0 10.0 12.0 3.0 31.0 25.0 4.0 8.0 13.0 9.0 56.0 0.0 0.0 0.0 0.0 12.0 32.0 33.0 0.0 0.0 8.0 12.0 1.0 8.0 51.0 9.0 0.0 0.0 17.0 65.0 1.0 2.0 69.0 24.0 19.0 10.0 26.0 33.0 10.0 50.0 3.0 0.0 37.0 1.0 0.0 0.0 0.0 5.0 28.0 102.0 0.0 0.0 0.0 0.0 0.0 22.0 59.0 5.0 0.0 0.0 9.0 58.0 9.0 0.0 4.0 6.0 14.0 5.0 0.0 0.0 5.0 90.0 34.0 31.0 0.0 1.0 0.0 0.0 1.0 39.0 43.0 19.0 0.0 0.0 0.0 3.0 19.0 18.0 2.0 0.0 0.0 0.0 0.0 20.0 17.0 0.0 0.0 0.0 28.0 5.0 0.0 0.0 1.0 1.0 2.0 15.0 9.0 2.0 0.0 0.0 0.0 0.0 4.0 41.0 
25_3_018_106
-11.0 32.0 5.0 0.0 0.0 0.0 0.0 0.0 16.0 14.0 2.0 0.0 0.0 0.0 0.0 -9.0 16.0 0.0 0.0 2.0 38.0 6.0 0.0 -5.0 1.0 0.0 0.0 1.0 53.0 6.0 0.0 0.0 -3.0 7.0 7.0 8.0 4.0 1.0 0.0 0.0 -3.0 14.0 0.0 1.0 1.0 20.0 16.0 0.0 59.0 19.0 4.0 21.0 24.0 7.0 0.0 -28.0 102.0 6.0 0.0 1.0 21.0 0.0 0.0 -31.0 0.0 0.0 0.0 1.0 20.0 26.0 0.0 0.0 0.0 1.0 1.0 4.0 2.0 13.0 23.0 7.0 0.0 0.0 14.0 91.0 24.0 4.0 0.0 0.0 6.0 0.0 0.0 2.0 0.0 26.0 30.0 6.0 0.0 0.0 0.0 0.0 1.0 12.0 7.0 5.0 0.0 0.0 0.0 0.0 23.0 26.0 0.0 0.0 0.0 0.0 0.0 0.0 29.0 53.0 0.0 0.0 0.0 0.0 0.0 0.0 1.0 40.0 24.0 0.0 
25_3_018_107
-4.0 17.0 0.0 0.0 0.0 0.0 0.0 0.0 12.0 21.0 0.0 0.0 0.0 0.0 0.0 -8.0 -37.0 102.0 0.0 0.0 0.0 0.0 0.0 0.0 -29.0 99.0 0.0 0.0 0.0 0.0 0.0 0.0 -9.0 40.0 34.0 0.0 0.0 0.0 0.0 0.0 70.0 18.0 0.0 0.0 0.0 0.0 -1.0 -28.0 0.0 3.0 30.0 25.0 1.0 0.0 0.0 0.0 0.0 0.0 0.0 0.0 0.0 3.0 10.0 0.0 0.0 1.0 5.0 0.0 0.0 2.0 3.0 6.0 2.0 13.0 3.0 3.0 0.0 0.0 -1.0 2.0 -4.0 14.0 11.0 5.0 0.0 0.0 3.0 1.0 0.0 0.0 0.0 0.0 0.0 0.0 13.0 3.0 0.0 0.0 7.0 4.0 0.0 1.0 1.0 0.0 0.0 0.0 15.0 3.0 0.0 1.0 2.0 0.0 0.0 0.0 0.0 0.0 0.0 0.0 16.0 6.0 0.0 0.0 0.0 0.0 0.0 0.0 7.0 1.0 
25_3_018_108
0.0 1.0 34.0 30.0 2.0 0.0 0.0 0.0 24.0 3.0 0.0 0.0 0.0 4.0 9.0 19.0 27.0 0.0 0.0 2.0 14.0 0.0 1.0 10.0 0.0 0.0 0.0 13.0 78.0 0.0 0.0 0.0 10.0 0.0 0.0 8.0 21.0 30.0 7.0 2.0 0.0 0.0 28.0 31.0 1.0 21.0 25.0 2.0 40.0 7.0 2.0 0.0 2.0 2.0 1.0 12.0 23.0 0.0 0.0 6.0 34.0 0.0 0.0 6.0 102.0 0.0 0.0 0.0 0.0 0.0 0.0 20.0 6.0 0.0 5.0 67.0 23.0 0.0 0.0 0.0 37.0 6.0 1.0 7.0 2.0 6.0 1.0 14.0 32.0 5.0 0.0 0.0 0.0 0.0 0.0 6.0 28.0 0.0 0.0 0.0 0.0 0.0 0.0 6.0 70.0 0.0 0.0 1.0 14.0 2.0 0.0 15.0 0.0 2.0 9.0 2.0 25.0 47.0 2.0 0.0 5.0 0.0 2.0 14.0 5.0 8.0 11.0 4.0 
25_3_018_109
0.0 0.0 0.0 0.0 0.0 54.0 16.0 0.0 0.0 0.0 0.0 0.0 0.0 100.0 32.0 0.0 0.0 0.0 0.0 0.0 0.0 102.0 29.0 0.0 0.0 0.0 0.0 0.0 0.0 79.0 27.0 2.0 5.0 36.0 22.0 0.0 1.0 29.0 10.0 0.0 42.0 23.0 2.0 3.0 0.0 16.0 6.0 1.0 6.0 34.0 48.0 54.0 0.0 0.0 0.0 0.0 74.0 14.0 0.0 0.0 0.0 0.0 0.0 16.0 3.0 8.0 18.0 3.0 3.0 28.0 19.0 0.0 43.0 19.0 0.0 0.0 8.0 39.0 11.0 18.0 2.0 2.0 5.0 31.0 40.0 19.0 0.0 6.0 5.0 2.0 0.0 0.0 0.0 18.0 27.0 9.0 1.0 0.0 0.0 0.0 0.0 23.0 13.0 2.0 0.0 3.0 3.0 0.0 0.0 30.0 13.0 0.0 0.0 18.0 5.0 0.0 4.0 33.0 8.0 0.0 0.0 37.0 11.0 0.0 0.0 21.0 12.0 0.0 
25_3_018_110
0.0 0.0 3.0 11.0 19.0 0.0 0.0 0.0 24.0 8.0 10.0 8.0 0.0 0.0 0.0 0.0 30.0 3.0 0.0 0.0 4.0 0.0 1.0 7.0 3.0 0.0 0.0 0.0 70.0 0.0 0.0 0.0 19.0 2.0 14.0 23.0 9.0 0.0 0.0 0.0 5.0 0.0 7.0 13.0 10.0 28.0 35.0 10.0 9.0 12.0 8.0 4.0 2.0 1.0 8.0 11.0 29.0 5.0 0.0 0.0 4.0 0.0 0.0 3.0 95.0 0.0 0.0 0.0 0.0 0.0 0.0 0.0 30.0 0.0 0.0 4.0 2.0 17.0 10.0 2.0 9.0 0.0 10.0 62.0 12.0 3.0 1.0 6.0 29.0 8.0 0.0 0.0 0.0 0.0 0.0 7.0 10.0 0.0 0.0 0.0 0.0 0.0 0.0 0.0 102.0 2.0 0.0 0.0 0.0 0.0 0.0 0.0 16.0 0.0 0.0 8.0 28.0 9.0 0.0 0.0 4.0 0.0 0.0 2.0 8.0 29.0 6.0 1.0 
25_3_018_111
0.0 0.0 1.0 5.0 8.0 4.0 1.0 0.0 0.0 0.0 8.0 4.0 13.0 34.0 0.0 0.0 0.0 0.0 4.0 12.0 47.0 11.0 0.0 0.0 4.0 0.0 0.0 0.0 23.0 15.0 -1.0 2.0 0.0 0.0 0.0 4.0 11.0 14.0 3.0 0.0 0.0 0.0 8.0 20.0 21.0 9.0 0.0 0.0 4.0 4.0 3.0 18.0 18.0 3.0 -5.0 20.0 0.0 0.0 0.0 0.0 40.0 24.0 -12.0 43.0 0.0 0.0 0.0 15.0 8.0 3.0 2.0 0.0 0.0 0.0 0.0 18.0 22.0 4.0 0.0 0.0 6.0 5.0 24.0 76.0 9.0 2.0 1.0 -2.0 29.0 0.0 0.0 0.0 0.0 0.0 -33.0 102.0 0.0 0.0 0.0 1.0 7.0 6.0 0.0 0.0 0.0 0.0 0.0 15.0 26.0 6.0 0.0 0.0 0.0 0.0 0.0 19.0 39.0 36.0 2.0 0.0 0.0 0.0 0.0 2.0 6.0 40.0 18.0 0.0 
25_3_018_112
3.0 33.0 0.0 0.0 0.0 31.0 22.0 5.0 8.0 7.0 21.0 11.0 1.0 1.0 3.0 2.0 0.0 53.0 34.0 7.0 9.0 0.0 0.0 0.0 6.0 75.0 2.0 0.0 2.0 5.0 0.0 0.0 10.0 2.0 0.0 2.0 1.0 2.0 3.0 1.0 0.0 1.0 26.0 62.0 4.0 0.0 0.0 0.0 6.0 11.0 1.0 0.0 8.0 21.0 18.0 27.0 0.0 0.0 0.0 0.0 2.0 102.0 40.0 7.0 32.0 51.0 0.0 0.0 0.0 0.0 0.0 0.0 4.0 32.0 6.0 19.0 25.0 7.0 0.0 0.0 9.0 21.0 3.0 0.0 2.0 11.0 26.0 17.0 12.0 66.0 9.0 0.0 0.0 0.0 0.0 6.0 8.0 6.0 0.0 0.0 0.0 7.0 11.0 1.0 4.0 12.0 0.0 0.0 0.0 11.0 5.0 1.0 1.0 8.0 2.0 0.0 0.0 11.0 6.0 0.0 1.0 0.0 0.0 0.0 1.0 9.0 0.0 0.0 
25_3_018_113
0.0 0.0 0.0 0.0 0.0 0.0 0.0 0.0 0.0 0.0 0.0 4.0 0.0 0.0 0.0 0.0 0.0 0.0 10.0 78.0 0.0 0.0 0.0 0.0 0.0 0.0 0.0 3.0 0.0 0.0 0.0 0.0 0.0 0.0 0.0 0.0 0.0 0.0 0.0 0.0 0.0 0.0 1.0 6.0 0.0 0.0 0.0 0.0 0.0 0.0 10.0 101.0 0.0 0.0 0.0 0.0 0.0 0.0 0.0 3.0 0.0 0.0 0.0 0.0 0.0 0.0 0.0 0.0 0.0 0.0 0.0 0.0 0.0 0.0 1.0 11.0 0.0 0.0 0.0 1.0 0.0 0.0 5.0 102.0 0.0 0.0 0.0 0.0 0.0 0.0 0.0 2.0 0.0 0.0 0.0 0.0 0.0 0.0 0.0 0.0 0.0 0.0 0.0 0.0 0.0 0.0 0.0 12.0 0.0 0.0 0.0 0.0 0.0 0.0 1.0 80.0 1.0 0.0 0.0 0.0 0.0 0.0 0.0 1.0 0.0 0.0 0.0 0.0 
25_3_018_114
7.0 0.0 0.0 0.0 0.0 0.0 0.0 9.0 0.0 0.0 1.0 72.0 9.0 0.0 0.0 0.0 4.0 0.0 0.0 0.0 0.0 0.0 25.0 69.0 0.0 0.0 1.0 53.0 25.0 1.0 0.0 0.0 2.0 0.0 0.0 0.0 0.0 0.0 2.0 17.0 0.0 0.0 9.0 69.0 8.0 0.0 0.0 0.0 30.0 3.0 0.0 0.0 0.0 3.0 41.0 63.0 0.0 1.0 11.0 77.0 19.0 0.0 0.0 0.0 32.0 2.0 0.0 0.0 0.0 0.0 0.0 9.0 0.0 2.0 29.0 88.0 1.0 0.0 0.0 0.0 102.0 27.0 4.0 0.0 0.0 0.0 0.0 21.0 4.0 22.0 40.0 38.0 0.0 0.0 0.0 0.0 44.0 3.0 0.0 0.0 0.0 0.0 0.0 0.0 2.0 8.0 13.0 71.0 0.0 0.0 0.0 0.0 24.0 45.0 17.0 32.0 0.0 0.0 0.0 0.0 37.0 35.0 7.0 0.0 0.0 0.0 0.0 3.0 
25_3_018_115
0.0 0.0 0.0 2.0 2.0 13.0 33.0 4.0 0.0 0.0 0.0 11.0 102.0 26.0 0.0 0.0 0.0 0.0 0.0 0.0 14.0 17.0 54.0 32.0 0.0 0.0 0.0 5.0 13.0 5.0 16.0 3.0 0.0 0.0 0.0 0.0 0.0 4.0 61.0 42.0 0.0 0.0 0.0 99.0 35.0 6.0 0.0 0.0 0.0 0.0 0.0 1.0 13.0 8.0 84.0 21.0 0.0 0.0 0.0 20.0 22.0 8.0 6.0 0.0 2.0 4.0 13.0 6.0 0.0 0.0 15.0 36.0 0.0 9.0 77.0 29.0 2.0 0.0 7.0 14.0 0.0 0.0 1.0 0.0 0.0 0.0 46.0 27.0 0.0 0.0 7.0 19.0 6.0 0.0 0.0 0.0 5.0 37.0 43.0 2.0 0.0 0.0 -1.0 3.0 0.0 1.0 8.0 6.0 0.0 0.0 33.0 43.0 0.0 0.0 2.0 8.0 0.0 0.0 9.0 5.0 0.0 0.0 4.0 6.0 0.0 0.0 0.0 0.0 
25_3_018_116
0.0 0.0 0.0 0.0 2.0 23.0 52.0 0.0 0.0 0.0 0.0 0.0 0.0 27.0 54.0 0.0 0.0 -8.0 35.0 25.0 3.0 7.0 6.0 0.0 0.0 3.0 5.0 0.0 0.0 0.0 56.0 59.0 0.0 0.0 0.0 0.0 0.0 2.0 50.0 16.0 0.0 0.0 0.0 5.0 3.0 13.0 9.0 0.0 0.0 -19.0 71.0 50.0 0.0 1.0 10.0 19.0 0.0 0.0 0.0 0.0 0.0 0.0 90.0 102.0 40.0 28.0 7.0 0.0 0.0 0.0 -14.0 21.0 76.0 1.0 7.0 2.0 0.0 0.0 -2.0 -23.0 0.0 0.0 1.0 45.0 13.0 6.0 57.0 38.0 0.0 0.0 0.0 0.0 0.0 0.0 58.0 71.0 0.0 -1.0 7.0 8.0 18.0 7.0 5.0 8.0 14.0 17.0 0.0 0.0 0.0 0.0 -21.0 65.0 0.0 0.0 0.0 0.0 0.0 2.0 56.0 66.0 0.0 0.0 0.0 0.0 0.0 0.0 15.0 20.0 
25_3_018_117
0.0 0.0 0.0 0.0 0.0 0.0 0.0 0.0 0.0 0.0 0.0 1.0 0.0 0.0 0.0 0.0 0.0 0.0 38.0 55.0 0.0 0.0 0.0 0.0 0.0 0.0 5.0 10.0 0.0 0.0 1.0 0.0 0.0 0.0 0.0 0.0 0.0 0.0 0.0 0.0 0.0 0.0 2.0 10.0 0.0 0.0 0.0 0.0 0.0 0.0 26.0 94.0 0.0 0.0 0.0 0.0 0.0 0.0 0.0 1.0 0.0 0.0 4.0 2.0 0.0 0.0 0.0 0.0 0.0 0.0 0.0 0.0 0.0 0.0 5.0 21.0 0.0 0.0 0.0 0.0 0.0 0.0 11.0 102.0 0.0 0.0 0.0 0.0 0.0 0.0 0.0 0.0 0.0 0.0 5.0 9.0 0.0 0.0 0.0 0.0 0.0 0.0 1.0 0.0 0.0 0.0 0.0 22.0 1.0 0.0 0.0 0.0 0.0 0.0 0.0 81.0 2.0 0.0 0.0 0.0 1.0 0.0 0.0 0.0 0.0 0.0 0.0 12.0 
25_3_018_118
0.0 0.0 67.0 42.0 10.0 26.0 2.0 0.0 4.0 0.0 16.0 11.0 55.0 102.0 10.0 0.0 0.0 0.0 0.0 0.0 0.0 2.0 68.0 67.0 0.0 0.0 5.0 3.0 1.0 1.0 6.0 4.0 0.0 0.0 0.0 3.0 0.0 28.0 90.0 21.0 0.0 0.0 9.0 98.0 72.0 32.0 0.0 0.0 0.0 0.0 0.0 1.0 6.0 7.0 34.0 40.0 0.0 0.0 0.0 8.0 23.0 4.0 2.0 0.0 0.0 0.0 11.0 23.0 6.0 12.0 42.0 11.0 0.0 1.0 74.0 91.0 0.0 0.0 0.0 0.0 1.0 1.0 0.0 0.0 0.0 0.0 22.0 45.0 0.0 3.0 30.0 10.0 3.0 0.0 0.0 0.0 2.0 11.0 73.0 15.0 0.0 0.0 0.0 0.0 0.0 0.0 31.0 29.0 0.0 1.0 7.0 4.0 1.0 7.0 24.0 0.0 0.0 0.0 3.0 18.0 1.0 13.0 39.0 0.0 0.0 0.0 3.0 9.0 
25_3_018_119
1.0 0.0 0.0 0.0 0.0 0.0 0.0 2.0 0.0 0.0 14.0 43.0 0.0 0.0 0.0 1.0 0.0 0.0 12.0 53.0 3.0 0.0 0.0 0.0 0.0 0.0 0.0 0.0 0.0 0.0 18.0 16.0 0.0 0.0 0.0 0.0 0.0 0.0 0.0 1.0 0.0 0.0 23.0 83.0 0.0 0.0 0.0 2.0 0.0 0.0 6.0 25.0 6.0 1.0 1.0 0.0 -2.0 4.0 6.0 1.0 0.0 0.0 1.0 23.0 0.0 0.0 0.0 0.0 0.0 0.0 1.0 1.0 0.0 0.0 3.0 102.0 1.0 0.0 0.0 0.0 0.0 0.0 1.0 13.0 7.0 1.0 0.0 0.0 1.0 3.0 4.0 5.0 0.0 0.0 -2.0 8.0 0.0 1.0 0.0 0.0 0.0 0.0 0.0 0.0 0.0 0.0 14.0 69.0 2.0 0.0 0.0 0.0 0.0 1.0 1.0 1.0 3.0 1.0 0.0 1.0 0.0 0.0 3.0 16.0 1.0 0.0 0.0 0.0 
25_3_018_120
0.0 0.0 0.0 0.0 0.0 0.0 0.0 0.0 0.0 0.0 0.0 0.0 0.0 0.0 1.0 0.0 0.0 0.0 16.0 77.0 0.0 0.0 0.0 0.0 0.0 0.0 1.0 2.0 0.0 0.0 0.0 0.0 0.0 0.0 0.0 0.0 0.0 0.0 0.0 0.0 0.0 0.0 0.0 6.0 0.0 0.0 0.0 1.0 0.0 0.0 12.0 102.0 0.0 0.0 0.0 0.0 0.0 0.0 0.0 2.0 0.0 0.0 0.0 0.0 0.0 0.0 0.0 0.0 0.0 0.0 0.0 0.0 0.0 0.0 3.0 15.0 0.0 0.0 0.0 2.0 0.0 0.0 13.0 91.0 0.0 0.0 0.0 0.0 0.0 0.0 0.0 2.0 0.0 0.0 0.0 0.0 0.0 0.0 0.0 0.0 0.0 0.0 0.0 0.0 0.0 0.0 1.0 18.0 0.0 0.0 0.0 1.0 0.0 0.0 5.0 71.0 0.0 0.0 0.0 0.0 0.0 0.0 0.0 1.0 0.0 0.0 0.0 0.0 
