25_3_017_0
9.0 4.0 7.0 5.0 1.0 0.0 0.0 1.0 2.0 35.0 102.0 24.0 10.0 0.0 0.0 0.0 0.0 9.0 34.0 2.0 0.0 0.0 0.0 0.0 2.0 1.0 0.0 0.0 0.0 0.0 0.0 0.0 0.0 4.0 13.0 1.0 0.0 0.0 1.0 0.0 0.0 0.0 3.0 96.0 37.0 0.0 0.0 0.0 0.0 0.0 0.0 10.0 3.0 0.0 2.0 0.0 0.0 0.0 0.0 1.0 4.0 0.0 0.0 0.0 5.0 33.0 12.0 0.0 0.0 0.0 0.0 0.0 0.0 11.0 78.0 48.0 0.0 0.0 0.0 0.0 0.0 0.0 1.0 4.0 0.0 0.0 0.0 1.0 0.0 0.0 3.0 1.0 0.0 0.0 0.0 0.0 0.0 39.0 14.0 0.0 0.0 0.0 0.0 0.0 0.0 11.0 10.0 0.0 0.0 0.0 1.0 0.0 0.0 0.0 1.0 0.0 0.0 0.0 0.0 0.0 0.0 0.0 7.0 1.0 0.0 0.0 0.0 0.0 
25_3_017_1
1.0 9.0 28.0 0.0 0.0 1.0 12.0 5.0 0.0 0.0 0.0 1.0 19.0 49.0 4.0 0.0 28.0 3.0 2.0 10.0 26.0 12.0 0.0 1.0 67.0 16.0 0.0 0.0 0.0 0.0 0.0 11.0 11.0 0.0 0.0 0.0 0.0 0.0 5.0 55.0 8.0 3.0 2.0 8.0 7.0 3.0 8.0 4.0 0.0 1.0 35.0 89.0 7.0 0.0 8.0 0.0 11.0 1.0 0.0 0.0 0.0 2.0 30.0 30.0 45.0 15.0 1.0 0.0 0.0 0.0 0.0 17.0 6.0 102.0 30.0 0.0 0.0 0.0 3.0 0.0 18.0 15.0 10.0 10.0 6.0 10.0 11.0 7.0 5.0 4.0 1.0 1.0 2.0 0.0 9.0 6.0 2.0 6.0 6.0 16.0 30.0 2.0 1.0 0.0 7.0 0.0 2.0 0.0 0.0 3.0 34.0 16.0 7.0 2.0 0.0 2.0 9.0 19.0 6.0 0.0 3.0 7.0 13.0 2.0 0.0 0.0 0.0 1.0 
25_3_017_2
0.0 5.0 73.0 8.0 0.0 0.0 0.0 0.0 25.0 31.0 14.0 0.0 2.0 0.0 0.0 1.0 13.0 7.0 3.0 0.0 0.0 1.0 3.0 1.0 0.0 0.0 4.0 10.0 12.0 0.0 0.0 0.0 0.0 1.0 23.0 0.0 0.0 5.0 36.0 12.0 4.0 0.0 0.0 1.0 44.0 80.0 3.0 1.0 11.0 7.0 17.0 11.0 8.0 16.0 7.0 9.0 1.0 2.0 7.0 1.0 1.0 2.0 10.0 13.0 7.0 0.0 0.0 0.0 0.0 0.0 17.0 41.0 6.0 6.0 10.0 3.0 3.0 3.0 4.0 3.0 4.0 0.0 11.0 102.0 16.0 0.0 0.0 0.0 35.0 11.0 9.0 0.0 0.0 0.0 0.0 10.0 12.0 7.0 1.0 10.0 24.0 0.0 0.0 0.0 4.0 59.0 10.0 0.0 0.0 0.0 0.0 0.0 0.0 13.0 37.0 19.0 5.0 0.0 0.0 0.0 4.0 1.0 1.0 3.0 3.0 14.0 27.0 3.0 
25_3_017_3
0.0 0.0 0.0 0.0 0.0 0.0 2.0 7.0 0.0 0.0 13.0 85.0 11.0 0.0 0.0 0.0 2.0 0.0 0.0 0.0 0.0 0.0 15.0 35.0 3.0 0.0 0.0 0.0 0.0 0.0 11.0 14.0 1.0 0.0 0.0 0.0 0.0 0.0 0.0 13.0 0.0 0.0 8.0 102.0 6.0 0.0 0.0 0.0 15.0 12.0 3.0 0.0 0.0 0.0 1.0 8.0 38.0 28.0 0.0 0.0 0.0 0.0 0.0 2.0 6.0 0.0 0.0 0.0 0.0 0.0 0.0 10.0 0.0 0.0 0.0 65.0 40.0 0.0 0.0 0.0 1.0 0.0 0.0 5.0 19.0 7.0 12.0 6.0 0.0 0.0 0.0 1.0 8.0 20.0 9.0 4.0 7.0 0.0 0.0 0.0 0.0 0.0 0.0 5.0 4.0 1.0 0.0 8.0 10.0 0.0 0.0 0.0 1.0 0.0 3.0 27.0 42.0 0.0 0.0 1.0 17.0 7.0 2.0 0.0 1.0 0.0 0.0 2.0 
25_3_017_4
0.0 0.0 5.0 30.0 0.0 0.0 18.0 56.0 0.0 0.0 0.0 0.0 0.0 0.0 32.0 71.0 0.0 0.0 7.0 75.0 8.0 0.0 11.0 7.0 0.0 0.0 0.0 0.0 0.0 0.0 5.0 5.0 0.0 0.0 2.0 22.0 0.0 0.0 24.0 74.0 0.0 0.0 0.0 0.0 0.0 0.0 38.0 98.0 0.0 0.0 10.0 102.0 4.0 0.0 0.0 0.0 0.0 0.0 0.0 0.0 0.0 0.0 4.0 7.0 1.0 1.0 0.0 0.0 0.0 0.0 14.0 68.0 3.0 0.0 0.0 0.0 0.0 0.0 18.0 91.0 0.0 0.0 23.0 88.0 0.0 0.0 0.0 0.0 0.0 0.0 0.0 0.0 0.0 0.0 3.0 4.0 9.0 5.0 4.0 0.0 0.0 1.0 2.0 16.0 10.0 25.0 12.0 0.0 0.0 0.0 3.0 31.0 0.0 38.0 66.0 19.0 0.0 0.0 0.0 0.0 1.0 50.0 7.0 0.0 0.0 0.0 0.0 0.0 
25_3_017_5
1.0 0.0 3.0 0.0 0.0 31.0 12.0 0.0 0.0 0.0 0.0 0.0 0.0 13.0 72.0 15.0 0.0 0.0 2.0 21.0 13.0 5.0 1.0 0.0 0.0 0.0 0.0 21.0 9.0 6.0 10.0 1.0 0.0 0.0 1.0 2.0 0.0 3.0 1.0 0.0 0.0 0.0 0.0 0.0 0.0 0.0 2.0 80.0 0.0 0.0 3.0 77.0 8.0 0.0 0.0 0.0 0.0 0.0 1.0 57.0 6.0 0.0 2.0 8.0 0.0 0.0 1.0 6.0 0.0 0.0 0.0 0.0 0.0 0.0 0.0 0.0 0.0 0.0 -12.0 102.0 0.0 0.0 8.0 90.0 0.0 0.0 0.0 0.0 0.0 0.0 4.0 65.0 0.0 0.0 -2.0 18.0 0.0 0.0 1.0 8.0 0.0 0.0 0.0 0.0 0.0 0.0 0.0 0.0 0.0 0.0 -10.0 73.0 0.0 0.0 14.0 66.0 0.0 0.0 0.0 0.0 3.0 0.0 8.0 52.0 0.0 0.0 -1.0 4.0 
25_3_017_6
0.0 2.0 7.0 7.0 2.0 1.0 3.0 1.0 3.0 4.0 7.0 16.0 0.0 0.0 0.0 1.0 0.0 0.0 0.0 86.0 19.0 0.0 0.0 0.0 1.0 0.0 0.0 4.0 1.0 0.0 0.0 1.0 0.0 0.0 0.0 6.0 25.0 9.0 3.0 4.0 0.0 0.0 2.0 32.0 7.0 3.0 2.0 0.0 0.0 0.0 29.0 102.0 0.0 0.0 0.0 0.0 0.0 0.0 4.0 8.0 0.0 0.0 0.0 0.0 1.0 0.0 14.0 20.0 0.0 0.0 6.0 6.0 0.0 0.0 10.0 28.0 0.0 2.0 3.0 0.0 0.0 0.0 3.0 40.0 89.0 77.0 11.0 0.0 0.0 0.0 0.0 0.0 56.0 27.0 0.0 0.0 2.0 5.0 19.0 7.0 0.0 0.0 0.0 0.0 0.0 0.0 5.0 2.0 0.0 0.0 28.0 37.0 0.0 0.0 0.0 0.0 15.0 17.0 26.0 17.0 0.0 0.0 0.0 0.0 88.0 46.0 0.0 0.0 
25_3_017_7
0.0 0.0 0.0 0.0 0.0 0.0 2.0 7.0 0.0 0.0 0.0 0.0 0.0 0.0 5.0 5.0 -2.0 -12.0 102.0 0.0 0.0 0.0 0.0 1.0 0.0 -13.0 54.0 5.0 0.0 0.0 6.0 8.0 0.0 0.0 0.0 0.0 0.0 0.0 3.0 8.0 0.0 0.0 4.0 6.0 0.0 0.0 0.0 8.0 0.0 -23.0 101.0 74.0 6.0 0.0 0.0 0.0 2.0 4.0 2.0 1.0 1.0 2.0 2.0 14.0 0.0 0.0 0.0 0.0 0.0 0.0 -2.0 13.0 0.0 0.0 5.0 15.0 0.0 0.0 -2.0 7.0 0.0 0.0 8.0 97.0 7.0 0.0 0.0 0.0 0.0 0.0 0.0 0.0 1.0 11.0 11.0 7.0 0.0 0.0 0.0 0.0 0.0 0.0 -4.0 12.0 1.0 1.0 1.0 8.0 1.0 0.0 -2.0 4.0 0.0 0.0 0.0 66.0 21.0 0.0 0.0 0.0 0.0 0.0 0.0 0.0 0.0 0.0 0.0 29.0 
25_3_017_8
11.0 1.0 0.0 0.0 0.0 0.0 5.0 36.0 6.0 5.0 0.0 0.0 5.0 8.0 0.0 2.0 0.0 3.0 15.0 18.0 22.0 0.0 0.0 0.0 0.0 0.0 1.0 25.0 102.0 11.0 0.0 0.0 10.0 18.0 1.0 0.0 0.0 5.0 12.0 1.0 6.0 13.0 12.0 4.0 0.0 0.0 0.0 5.0 0.0 7.0 28.0 37.0 2.0 5.0 2.0 2.0 3.0 2.0 0.0 1.0 13.0 6.0 6.0 9.0 6.0 12.0 4.0 0.0 4.0 31.0 5.0 0.0 10.0 10.0 4.0 5.0 4.0 15.0 14.0 13.0 8.0 13.0 30.0 13.0 0.0 7.0 0.0 1.0 6.0 1.0 9.0 1.0 1.0 0.0 0.0 19.0 4.0 20.0 2.0 0.0 0.0 12.0 6.0 3.0 0.0 19.0 28.0 23.0 2.0 5.0 1.0 0.0 1.0 3.0 8.0 12.0 7.0 2.0 2.0 1.0 2.0 20.0 25.0 0.0 0.0 0.0 0.0 4.0 
25_3_017_9
10.0 4.0 1.0 11.0 9.0 0.0 0.0 2.0 21.0 25.0 2.0 0.0 0.0 0.0 0.0 0.0 0.0 5.0 10.0 7.0 0.0 0.0 0.0 0.0 1.0 0.0 0.0 0.0 0.0 0.0 10.0 54.0 0.0 0.0 3.0 14.0 50.0 5.0 0.0 0.0 6.0 1.0 0.0 3.0 17.0 18.0 2.0 3.0 6.0 8.0 7.0 7.0 1.0 0.0 1.0 6.0 0.0 0.0 0.0 0.0 0.0 0.0 27.0 85.0 0.0 0.0 21.0 17.0 0.0 0.0 0.0 0.0 0.0 0.0 18.0 17.0 0.0 0.0 0.0 0.0 0.0 0.0 2.0 8.0 0.0 0.0 102.0 11.0 0.0 0.0 0.0 0.0 0.0 4.0 56.0 8.0 0.0 4.0 31.0 0.0 0.0 0.0 0.0 0.0 2.0 5.0 32.0 0.0 0.0 0.0 25.0 20.0 0.0 0.0 0.0 0.0 0.0 0.0 72.0 43.0 0.0 0.0 6.0 2.0 0.0 0.0 0.0 0.0 
25_3_017_10
0.0 0.0 0.0 102.0 29.0 0.0 0.0 0.0 0.0 0.0 0.0 5.0 10.0 2.0 9.0 50.0 12.0 0.0 0.0 0.0 0.0 0.0 1.0 35.0 14.0 0.0 0.0 0.0 0.0 0.0 0.0 13.0 0.0 0.0 0.0 80.0 22.0 0.0 0.0 2.0 12.0 0.0 0.0 54.0 14.0 0.0 0.0 26.0 22.0 29.0 9.0 0.0 0.0 0.0 0.0 4.0 13.0 80.0 6.0 0.0 0.0 0.0 1.0 1.0 1.0 0.0 7.0 73.0 4.0 0.0 0.0 1.0 12.0 0.0 1.0 70.0 25.0 2.0 3.0 4.0 2.0 3.0 12.0 3.0 1.0 15.0 15.0 3.0 0.0 0.0 0.0 0.0 1.0 28.0 27.0 2.0 3.0 0.0 0.0 10.0 14.0 0.0 0.0 1.0 0.0 0.0 0.0 32.0 93.0 3.0 0.0 0.0 8.0 0.0 0.0 1.0 3.0 1.0 6.0 13.0 11.0 0.0 0.0 0.0 0.0 3.0 7.0 12.0 
25_3_017_11
15.0 43.0 0.0 0.0 0.0 0.0 0.0 0.0 17.0 65.0 1.0 0.0 0.0 0.0 0.0 0.0 0.0 11.0 52.0 102.0 12.0 0.0 0.0 0.0 0.0 0.0 0.0 12.0 19.0 37.0 0.0 0.0 0.0 2.0 0.0 0.0 0.0 10.0 4.0 0.0 0.0 12.0 1.0 0.0 4.0 19.0 2.0 0.0 0.0 0.0 6.0 8.0 28.0 11.0 0.0 0.0 0.0 0.0 1.0 0.0 21.0 41.0 0.0 0.0 18.0 4.0 0.0 0.0 0.0 0.0 0.0 5.0 2.0 10.0 4.0 0.0 0.0 0.0 0.0 1.0 0.0 1.0 9.0 33.0 7.0 0.0 0.0 0.0 4.0 2.0 2.0 0.0 2.0 1.0 4.0 5.0 2.0 1.0 1.0 0.0 0.0 1.0 10.0 10.0 0.0 7.0 9.0 5.0 1.0 0.0 0.0 0.0 9.0 2.0 2.0 9.0 4.0 0.0 0.0 2.0 0.0 5.0 5.0 4.0 2.0 0.0 1.0 0.0 
25_3_017_12
0.0 0.0 0.0 0.0 0.0 26.0 6.0 0.0 0.0 0.0 0.0 0.0 25.0 13.0 0.0 0.0 0.0 0.0 5.0 7.0 12.0 6.0 0.0 0.0 0.0 7.0 8.0 4.0 16.0 1.0 0.0 0.0 0.0 0.0 1.0 1.0 1.0 6.0 8.0 0.0 0.0 0.0 0.0 9.0 17.0 8.0 1.0 0.0 0.0 0.0 55.0 69.0 8.0 3.0 0.0 0.0 6.0 15.0 12.0 0.0 0.0 5.0 19.0 12.0 1.0 6.0 6.0 0.0 0.0 0.0 0.0 0.0 0.0 0.0 1.0 15.0 0.0 0.0 6.0 2.0 0.0 0.0 3.0 102.0 25.0 1.0 2.0 0.0 1.0 0.0 1.0 0.0 0.0 2.0 23.0 30.0 5.0 7.0 6.0 0.0 0.0 0.0 0.0 4.0 0.0 52.0 29.0 1.0 0.0 0.0 0.0 0.0 9.0 20.0 4.0 14.0 25.0 7.0 0.0 0.0 0.0 0.0 0.0 0.0 2.0 19.0 11.0 1.0 
25_3_017_13
0.0 0.0 0.0 0.0 0.0 0.0 2.0 4.0 0.0 0.0 0.0 0.0 0.0 0.0 3.0 3.0 -8.0 14.0 27.0 0.0 0.0 0.0 0.0 1.0 0.0 -25.0 102.0 0.0 0.0 0.0 2.0 3.0 0.0 0.0 0.0 0.0 0.0 0.0 1.0 6.0 0.0 0.0 2.0 3.0 0.0 0.0 0.0 6.0 -27.0 46.0 70.0 43.0 1.0 0.0 0.0 0.0 0.0 -6.0 25.0 4.0 1.0 0.0 1.0 17.0 0.0 0.0 0.0 0.0 0.0 0.0 0.0 5.0 0.0 0.0 3.0 10.0 0.0 0.0 0.0 5.0 0.0 0.0 9.0 91.0 6.0 0.0 0.0 0.0 0.0 0.0 0.0 0.0 5.0 5.0 9.0 1.0 0.0 0.0 0.0 0.0 0.0 0.0 -2.0 6.0 0.0 0.0 4.0 20.0 0.0 0.0 -1.0 3.0 0.0 0.0 5.0 51.0 6.0 0.0 0.0 0.0 0.0 0.0 1.0 2.0 0.0 0.0 2.0 8.0 
25_3_017_14
0.0 0.0 0.0 0.0 0.0 0.0 0.0 3.0 0.0 0.0 0.0 79.0 25.0 0.0 0.0 0.0 0.0 0.0 0.0 0.0 0.0 0.0 9.0 24.0 1.0 0.0 0.0 0.0 0.0 0.0 0.0 11.0 1.0 0.0 0.0 0.0 0.0 0.0 0.0 5.0 0.0 0.0 4.0 102.0 6.0 0.0 0.0 0.0 4.0 0.0 0.0 5.0 1.0 0.0 0.0 22.0 7.0 3.0 0.0 0.0 0.0 0.0 0.0 3.0 0.0 0.0 0.0 0.0 0.0 0.0 0.0 3.0 0.0 0.0 23.0 86.0 0.0 0.0 0.0 0.0 13.0 0.0 0.0 10.0 2.0 0.0 0.0 10.0 0.0 4.0 11.0 3.0 0.0 1.0 0.0 0.0 2.0 0.0 0.0 0.0 0.0 0.0 0.0 1.0 0.0 0.0 0.0 39.0 35.0 0.0 0.0 0.0 0.0 0.0 0.0 3.0 16.0 3.0 3.0 2.0 0.0 0.0 0.0 0.0 0.0 4.0 6.0 4.0 
25_3_017_15
4.0 15.0 1.0 0.0 0.0 0.0 0.0 1.0 1.0 0.0 4.0 9.0 0.0 0.0 0.0 1.0 16.0 52.0 23.0 26.0 0.0 0.0 0.0 0.0 5.0 102.0 1.0 0.0 0.0 0.0 0.0 0.0 0.0 0.0 0.0 0.0 0.0 3.0 7.0 3.0 1.0 0.0 10.0 15.0 0.0 0.0 0.0 0.0 0.0 0.0 3.0 80.0 3.0 0.0 0.0 0.0 0.0 1.0 0.0 1.0 0.0 0.0 0.0 0.0 0.0 0.0 1.0 0.0 1.0 6.0 4.0 0.0 0.0 0.0 25.0 27.0 1.0 0.0 0.0 0.0 0.0 0.0 30.0 44.0 0.0 0.0 0.0 0.0 0.0 0.0 1.0 3.0 0.0 0.0 0.0 0.0 0.0 15.0 15.0 0.0 0.0 0.0 0.0 0.0 0.0 0.0 63.0 12.0 0.0 0.0 0.0 0.0 0.0 0.0 10.0 3.0 0.0 0.0 0.0 0.0 0.0 0.0 0.0 1.0 0.0 0.0 0.0 0.0 
25_3_017_16
2.0 11.0 8.0 13.0 4.0 0.0 0.0 0.0 10.0 0.0 4.0 1.0 0.0 0.0 1.0 7.0 0.0 0.0 28.0 45.0 0.0 0.0 0.0 0.0 0.0 0.0 5.0 77.0 0.0 0.0 0.0 0.0 5.0 1.0 0.0 1.0 19.0 9.0 4.0 6.0 0.0 0.0 18.0 19.0 1.0 0.0 6.0 5.0 0.0 0.0 17.0 27.0 9.0 0.0 0.0 0.0 0.0 0.0 15.0 102.0 1.0 0.0 0.0 0.0 0.0 2.0 8.0 19.0 12.0 2.0 1.0 0.0 0.0 3.0 7.0 39.0 5.0 0.0 1.0 0.0 0.0 0.0 52.0 31.0 2.0 0.0 0.0 0.0 0.0 0.0 37.0 53.0 0.0 0.0 0.0 0.0 0.0 1.0 13.0 12.0 0.0 0.0 0.0 0.0 0.0 0.0 20.0 22.0 0.0 0.0 1.0 0.0 0.0 0.0 75.0 58.0 0.0 0.0 0.0 0.0 0.0 0.0 13.0 3.0 0.0 0.0 0.0 0.0 
25_3_017_17
0.0 0.0 0.0 0.0 0.0 0.0 2.0 20.0 0.0 0.0 0.0 0.0 0.0 1.0 -4.0 81.0 0.0 0.0 24.0 81.0 0.0 0.0 0.0 0.0 0.0 1.0 1.0 0.0 0.0 0.0 0.0 0.0 0.0 0.0 0.0 0.0 0.0 0.0 6.0 40.0 6.0 0.0 0.0 0.0 0.0 1.0 1.0 54.0 0.0 0.0 28.0 92.0 0.0 0.0 0.0 0.0 4.0 0.0 0.0 0.0 0.0 0.0 0.0 -1.0 0.0 0.0 0.0 0.0 0.0 0.0 13.0 55.0 0.0 0.0 2.0 11.0 1.0 0.0 15.0 30.0 0.0 0.0 22.0 102.0 0.0 0.0 0.0 0.0 0.0 1.0 0.0 0.0 0.0 0.0 0.0 0.0 0.0 0.0 0.0 0.0 0.0 0.0 7.0 58.0 1.0 0.0 6.0 23.0 0.0 0.0 3.0 12.0 0.0 0.0 17.0 58.0 0.0 0.0 0.0 0.0 0.0 1.0 1.0 0.0 0.0 0.0 0.0 0.0 
25_3_017_18
0.0 0.0 0.0 0.0 0.0 27.0 13.0 0.0 0.0 0.0 0.0 0.0 10.0 25.0 8.0 0.0 0.0 0.0 6.0 34.0 21.0 0.0 0.0 0.0 6.0 1.0 8.0 16.0 0.0 0.0 -21.0 51.0 0.0 1.0 1.0 3.0 1.0 25.0 15.0 0.0 0.0 0.0 5.0 28.0 7.0 1.0 0.0 1.0 0.0 0.0 22.0 73.0 3.0 0.0 6.0 4.0 0.0 0.0 0.0 26.0 37.0 3.0 0.0 47.0 39.0 40.0 18.0 0.0 0.0 0.0 -2.0 -9.0 20.0 21.0 25.0 2.0 0.0 0.0 0.0 -7.0 12.0 0.0 33.0 49.0 0.0 0.0 -8.0 25.0 0.0 5.0 9.0 31.0 6.0 2.0 24.0 35.0 0.0 1.0 1.0 0.0 3.0 18.0 16.0 6.0 0.0 0.0 4.0 2.0 11.0 22.0 0.0 0.0 0.0 0.0 7.0 9.0 14.0 60.0 15.0 3.0 0.0 0.0 0.0 0.0 0.0 15.0 102.0 7.0 
25_3_017_19
0.0 0.0 0.0 0.0 0.0 0.0 0.0 0.0 0.0 0.0 40.0 19.0 0.0 0.0 0.0 0.0 0.0 9.0 15.0 5.0 0.0 0.0 0.0 0.0 4.0 15.0 4.0 0.0 0.0 0.0 0.0 0.0 1.0 0.0 0.0 1.0 0.0 0.0 0.0 0.0 0.0 0.0 9.0 78.0 17.0 0.0 0.0 0.0 1.0 3.0 9.0 0.0 0.0 0.0 17.0 11.0 0.0 2.0 2.0 15.0 24.0 1.0 0.0 0.0 1.0 0.0 0.0 0.0 0.0 0.0 0.0 0.0 0.0 0.0 15.0 102.0 0.0 0.0 0.0 0.0 1.0 0.0 0.0 0.0 0.0 0.0 14.0 35.0 0.0 0.0 0.0 0.0 5.0 14.0 5.0 1.0 0.0 0.0 0.0 0.0 0.0 0.0 0.0 0.0 0.0 1.0 16.0 78.0 0.0 0.0 0.0 0.0 3.0 0.0 0.0 0.0 0.0 0.0 1.0 38.0 0.0 0.0 0.0 0.0 0.0 0.0 2.0 10.0 
25_3_017_20
0.0 1.0 3.0 0.0 0.0 0.0 0.0 0.0 0.0 0.0 23.0 18.0 0.0 0.0 0.0 0.0 0.0 0.0 15.0 67.0 2.0 0.0 0.0 4.0 2.0 0.0 0.0 0.0 0.0 0.0 -1.0 22.0 0.0 1.0 3.0 0.0 0.0 0.0 0.0 0.0 0.0 0.0 27.0 72.0 0.0 0.0 0.0 0.0 0.0 0.0 8.0 32.0 6.0 0.0 1.0 2.0 3.0 0.0 0.0 0.0 0.0 0.0 2.0 18.0 0.0 2.0 5.0 0.0 0.0 0.0 0.0 0.0 0.0 0.0 3.0 102.0 5.0 0.0 0.0 0.0 5.0 8.0 7.0 18.0 2.0 0.0 0.0 0.0 13.0 12.0 3.0 0.0 0.0 0.0 1.0 6.0 0.0 1.0 2.0 0.0 0.0 0.0 0.0 0.0 0.0 0.0 1.0 63.0 6.0 0.0 0.0 0.0 0.0 0.0 10.0 30.0 10.0 0.0 0.0 0.0 0.0 6.0 19.0 6.0 4.0 1.0 0.0 1.0 
25_3_017_21
0.0 0.0 0.0 0.0 1.0 14.0 1.0 0.0 0.0 0.0 8.0 12.0 7.0 1.0 0.0 0.0 4.0 21.0 27.0 1.0 8.0 0.0 0.0 0.0 8.0 0.0 0.0 0.0 0.0 0.0 3.0 19.0 0.0 0.0 0.0 0.0 12.0 17.0 1.0 0.0 0.0 0.0 18.0 97.0 15.0 4.0 0.0 0.0 1.0 5.0 19.0 12.0 1.0 3.0 36.0 9.0 3.0 0.0 0.0 0.0 0.0 2.0 15.0 65.0 0.0 0.0 0.0 4.0 3.0 2.0 8.0 4.0 0.0 0.0 0.0 102.0 58.0 0.0 0.0 0.0 0.0 0.0 13.0 10.0 9.0 5.0 15.0 7.0 7.0 5.0 0.0 0.0 0.0 0.0 3.0 64.0 0.0 0.0 0.0 1.0 0.0 0.0 1.0 6.0 0.0 0.0 1.0 30.0 29.0 0.0 0.0 0.0 0.0 0.0 0.0 8.0 45.0 31.0 3.0 0.0 0.0 0.0 0.0 0.0 0.0 13.0 18.0 7.0 
25_3_017_22
0.0 0.0 0.0 0.0 3.0 1.0 1.0 0.0 0.0 0.0 0.0 14.0 9.0 0.0 0.0 0.0 2.0 0.0 0.0 2.0 0.0 0.0 -18.0 102.0 0.0 0.0 0.0 1.0 0.0 0.0 -1.0 5.0 0.0 0.0 0.0 6.0 7.0 0.0 0.0 0.0 0.0 0.0 0.0 16.0 4.0 0.0 0.0 0.0 42.0 0.0 3.0 19.0 1.0 0.0 0.0 44.0 10.0 0.0 0.0 1.0 0.0 0.0 -6.0 35.0 0.0 0.0 0.0 14.0 3.0 0.0 0.0 0.0 0.0 0.0 3.0 18.0 0.0 0.0 0.0 0.0 4.0 0.0 4.0 39.0 0.0 0.0 -7.0 50.0 0.0 0.0 0.0 0.0 0.0 0.0 -13.0 95.0 0.0 0.0 2.0 10.0 0.0 0.0 0.0 0.0 0.0 0.0 2.0 18.0 0.0 0.0 0.0 0.0 0.0 0.0 3.0 29.0 0.0 0.0 8.0 26.0 0.0 0.0 0.0 0.0 0.0 0.0 7.0 57.0 
25_3_017_23
52.0 0.0 0.0 0.0 3.0 4.0 -5.0 6.0 7.0 0.0 0.0 0.0 0.0 0.0 -27.0 69.0 0.0 12.0 0.0 0.0 0.0 2.0 0.0 -1.0 -10.0 42.0 1.0 0.0 1.0 1.0 0.0 0.0 -4.0 10.0 0.0 4.0 6.0 4.0 -4.0 11.0 4.0 0.0 0.0 0.0 0.0 0.0 -27.0 102.0 -25.0 72.0 15.0 7.0 0.0 0.0 0.0 -1.0 -19.0 59.0 9.0 0.0 2.0 1.0 0.0 -1.0 0.0 -1.0 4.0 4.0 11.0 7.0 2.0 0.0 0.0 0.0 0.0 0.0 0.0 0.0 12.0 37.0 0.0 -1.0 7.0 30.0 15.0 2.0 0.0 0.0 7.0 0.0 0.0 1.0 5.0 29.0 2.0 -2.0 0.0 2.0 1.0 0.0 0.0 0.0 0.0 5.0 0.0 0.0 0.0 0.0 1.0 1.0 9.0 10.0 0.0 0.0 0.0 3.0 6.0 3.0 0.0 0.0 0.0 0.0 0.0 0.0 1.0 5.0 1.0 8.0 
25_3_017_24
3.0 14.0 3.0 7.0 3.0 0.0 0.0 0.0 13.0 3.0 0.0 0.0 0.0 0.0 0.0 6.0 0.0 3.0 19.0 30.0 1.0 0.0 0.0 0.0 1.0 1.0 2.0 2.0 1.0 1.0 5.0 9.0 10.0 62.0 15.0 0.0 1.0 0.0 0.0 1.0 36.0 8.0 0.0 0.0 0.0 0.0 3.0 61.0 0.0 0.0 28.0 80.0 10.0 0.0 0.0 0.0 29.0 26.0 2.0 0.0 0.0 0.0 2.0 9.0 8.0 5.0 0.0 0.0 5.0 18.0 50.0 5.0 0.0 0.0 0.0 0.0 0.0 25.0 102.0 31.0 0.0 0.0 3.0 72.0 87.0 5.0 0.0 0.0 13.0 8.0 2.0 8.0 15.0 6.0 12.0 3.0 2.0 1.0 0.0 0.0 0.0 62.0 48.0 2.0 0.0 5.0 0.0 0.0 0.0 18.0 18.0 0.0 0.0 2.0 0.0 12.0 56.0 5.0 0.0 0.0 1.0 3.0 1.0 12.0 84.0 41.0 0.0 0.0 
25_3_017_25
0.0 1.0 0.0 0.0 0.0 0.0 0.0 0.0 0.0 0.0 14.0 7.0 0.0 0.0 0.0 0.0 0.0 5.0 49.0 18.0 0.0 0.0 0.0 0.0 1.0 9.0 11.0 2.0 0.0 0.0 0.0 0.0 2.0 1.0 0.0 0.0 0.0 0.0 0.0 0.0 0.0 0.0 5.0 33.0 13.0 0.0 0.0 0.0 0.0 6.0 25.0 68.0 10.0 0.0 1.0 1.0 1.0 3.0 2.0 0.0 5.0 1.0 14.0 8.0 2.0 1.0 0.0 0.0 0.0 0.0 0.0 0.0 0.0 0.0 3.0 25.0 0.0 0.0 0.0 0.0 1.0 0.0 12.0 102.0 1.0 0.0 8.0 14.0 0.0 0.0 0.0 0.0 2.0 3.0 14.0 12.0 1.0 0.0 0.0 0.0 0.0 0.0 0.0 0.0 0.0 0.0 8.0 36.0 0.0 0.0 0.0 0.0 2.0 0.0 16.0 68.0 0.0 0.0 0.0 35.0 1.0 0.0 0.0 0.0 0.0 0.0 1.0 16.0 
25_3_017_26
0.0 0.0 0.0 0.0 0.0 0.0 1.0 1.0 0.0 0.0 0.0 10.0 0.0 0.0 1.0 1.0 0.0 0.0 2.0 82.0 4.0 0.0 5.0 4.0 0.0 0.0 0.0 0.0 0.0 0.0 12.0 14.0 0.0 0.0 0.0 0.0 0.0 0.0 0.0 4.0 0.0 0.0 0.0 12.0 0.0 0.0 0.0 1.0 0.0 0.0 1.0 102.0 5.0 0.0 3.0 10.0 0.0 0.0 0.0 0.0 0.0 0.0 2.0 17.0 0.0 0.0 0.0 0.0 0.0 0.0 0.0 3.0 0.0 0.0 9.0 18.0 0.0 0.0 0.0 1.0 0.0 0.0 20.0 66.0 0.0 0.0 0.0 10.0 1.0 0.0 0.0 0.0 0.0 0.0 0.0 14.0 0.0 0.0 0.0 0.0 0.0 0.0 0.0 2.0 0.0 0.0 31.0 17.0 0.0 0.0 0.0 0.0 1.0 0.0 3.0 28.0 4.0 0.0 0.0 1.0 7.0 0.0 0.0 0.0 0.0 0.0 0.0 8.0 
25_3_017_27
0.0 1.0 0.0 0.0 0.0 0.0 0.0 0.0 0.0 0.0 7.0 66.0 0.0 0.0 0.0 0.0 1.0 2.0 2.0 19.0 13.0 3.0 0.0 0.0 2.0 10.0 13.0 0.0 0.0 0.0 0.0 0.0 0.0 2.0 0.0 0.0 0.0 0.0 0.0 0.0 0.0 0.0 16.0 102.0 0.0 0.0 0.0 0.0 0.0 4.0 56.0 22.0 0.0 0.0 0.0 0.0 6.0 0.0 4.0 5.0 6.0 3.0 4.0 16.0 0.0 2.0 0.0 0.0 0.0 0.0 0.0 0.0 0.0 0.0 1.0 22.0 43.0 3.0 0.0 0.0 0.0 0.0 5.0 71.0 88.0 4.0 0.0 0.0 0.0 0.0 0.0 0.0 0.0 1.0 7.0 58.0 1.0 1.0 0.0 0.0 0.0 0.0 0.0 0.0 0.0 1.0 0.0 0.0 0.0 0.0 0.0 0.0 0.0 0.0 0.0 78.0 60.0 0.0 0.0 0.0 27.0 0.0 0.0 8.0 0.0 0.0 0.0 27.0 
25_3_017_28
0.0 0.0 7.0 22.0 2.0 0.0 0.0 0.0 0.0 0.0 0.0 59.0 20.0 1.0 0.0 0.0 0.0 0.0 0.0 15.0 2.0 0.0 0.0 0.0 0.0 0.0 0.0 0.0 0.0 0.0 1.0 1.0 1.0 0.0 5.0 7.0 1.0 0.0 0.0 0.0 0.0 0.0 9.0 102.0 6.0 0.0 0.0 0.0 0.0 0.0 1.0 19.0 1.0 1.0 0.0 0.0 0.0 1.0 1.0 0.0 0.0 0.0 0.0 0.0 0.0 0.0 2.0 11.0 10.0 0.0 0.0 0.0 0.0 0.0 50.0 71.0 0.0 0.0 0.0 0.0 0.0 0.0 3.0 10.0 0.0 0.0 0.0 0.0 0.0 0.0 5.0 1.0 0.0 0.0 0.0 0.0 0.0 0.0 6.0 33.0 1.0 0.0 0.0 0.0 0.0 0.0 30.0 47.0 0.0 0.0 0.0 0.0 0.0 0.0 6.0 1.0 0.0 1.0 0.0 0.0 0.0 0.0 0.0 0.0 0.0 2.0 1.0 0.0 
25_3_017_29
0.0 0.0 0.0 0.0 0.0 0.0 9.0 51.0 0.0 0.0 3.0 18.0 0.0 1.0 6.0 9.0 0.0 0.0 13.0 58.0 1.0 0.0 3.0 8.0 0.0 1.0 1.0 1.0 0.0 0.0 0.0 0.0 0.0 0.0 0.0 0.0 0.0 0.0 12.0 70.0 0.0 3.0 6.0 15.0 3.0 15.0 5.0 17.0 2.0 1.0 17.0 83.0 3.0 0.0 0.0 0.0 0.0 0.0 0.0 0.0 0.0 0.0 0.0 0.0 0.0 0.0 0.0 0.0 0.0 0.0 7.0 88.0 5.0 0.0 3.0 13.0 4.0 9.0 10.0 5.0 0.0 0.0 21.0 102.0 0.0 0.0 0.0 0.0 1.0 0.0 0.0 0.0 0.0 0.0 0.0 0.0 2.0 0.0 0.0 0.0 0.0 0.0 6.0 54.0 4.0 1.0 7.0 18.0 0.0 0.0 -9.0 23.0 0.0 0.0 15.0 65.0 0.0 0.0 0.0 0.0 1.0 1.0 0.0 0.0 0.0 0.0 0.0 0.0 
25_3_017_30
15.0 14.0 0.0 18.0 29.0 0.0 0.0 0.0 10.0 7.0 2.0 2.0 0.0 0.0 9.0 8.0 0.0 1.0 13.0 3.0 0.0 0.0 5.0 5.0 0.0 0.0 34.0 23.0 2.0 0.0 0.0 0.0 0.0 0.0 0.0 9.0 53.0 7.0 0.0 0.0 0.0 0.0 0.0 1.0 10.0 12.0 27.0 14.0 0.0 0.0 30.0 54.0 3.0 0.0 0.0 0.0 1.0 1.0 7.0 1.0 6.0 1.0 0.0 2.0 0.0 0.0 19.0 47.0 8.0 0.0 0.0 0.0 2.0 19.0 10.0 3.0 0.0 2.0 0.0 3.0 0.0 0.0 17.0 39.0 15.0 1.0 0.0 0.0 0.0 3.0 35.0 9.0 0.0 0.0 0.0 0.0 0.0 0.0 34.0 15.0 0.0 0.0 0.0 0.0 1.0 5.0 7.0 2.0 1.0 3.0 5.0 0.0 0.0 0.0 33.0 32.0 1.0 0.0 0.0 0.0 0.0 0.0 102.0 34.0 0.0 0.0 0.0 0.0 
25_3_017_31
0.0 0.0 0.0 0.0 0.0 0.0 1.0 1.0 -19.0 48.0 16.0 2.0 0.0 0.0 0.0 0.0 -35.0 102.0 18.0 4.0 0.0 0.0 0.0 0.0 -21.0 46.0 2.0 1.0 0.0 0.0 8.0 1.0 0.0 0.0 5.0 5.0 0.0 0.0 1.0 1.0 -4.0 8.0 39.0 46.0 2.0 1.0 0.0 0.0 2.0 6.0 11.0 15.0 2.0 1.0 0.0 -2.0 0.0 0.0 0.0 0.0 0.0 0.0 10.0 18.0 0.0 0.0 30.0 18.0 0.0 0.0 0.0 0.0 -3.0 8.0 20.0 23.0 1.0 0.0 0.0 0.0 0.0 0.0 3.0 11.0 4.0 3.0 9.0 0.0 2.0 0.0 0.0 2.0 0.0 2.0 3.0 3.0 0.0 0.0 27.0 26.0 0.0 0.0 0.0 0.0 0.0 0.0 5.0 3.0 4.0 2.0 6.0 1.0 0.0 0.0 0.0 1.0 1.0 0.0 6.0 1.0 0.0 0.0 0.0 1.0 5.0 5.0 0.0 0.0 
25_3_017_32
2.0 3.0 0.0 37.0 33.0 0.0 0.0 2.0 11.0 9.0 5.0 10.0 12.0 0.0 0.0 0.0 5.0 13.0 13.0 5.0 0.0 0.0 0.0 0.0 0.0 5.0 52.0 13.0 0.0 0.0 0.0 2.0 0.0 0.0 0.0 40.0 71.0 0.0 0.0 0.0 1.0 3.0 2.0 9.0 35.0 13.0 0.0 0.0 0.0 3.0 20.0 27.0 7.0 0.0 -4.0 10.0 0.0 0.0 1.0 11.0 23.0 33.0 2.0 4.0 0.0 0.0 0.0 12.0 14.0 0.0 0.0 0.0 0.0 3.0 4.0 66.0 60.0 0.0 0.0 0.0 11.0 1.0 17.0 72.0 2.0 0.0 0.0 0.0 3.0 0.0 0.0 0.0 0.0 1.0 -26.0 89.0 0.0 1.0 1.0 0.0 0.0 0.0 0.0 0.0 0.0 0.0 0.0 22.0 64.0 8.0 0.0 0.0 0.0 0.0 0.0 5.0 102.0 63.0 0.0 0.0 14.0 2.0 0.0 0.0 44.0 9.0 -19.0 49.0 
25_3_017_33
0.0 0.0 0.0 0.0 0.0 0.0 0.0 4.0 0.0 0.0 1.0 82.0 6.0 0.0 0.0 0.0 0.0 -1.0 10.0 17.0 8.0 2.0 0.0 0.0 0.0 0.0 0.0 1.0 5.0 0.0 12.0 5.0 0.0 0.0 0.0 0.0 0.0 0.0 -2.0 7.0 0.0 0.0 26.0 91.0 0.0 0.0 0.0 0.0 0.0 -1.0 8.0 11.0 6.0 8.0 3.0 3.0 0.0 0.0 0.0 2.0 2.0 1.0 4.0 7.0 0.0 0.0 0.0 0.0 0.0 0.0 -1.0 4.0 0.0 0.0 4.0 102.0 9.0 0.0 0.0 0.0 0.0 -1.0 8.0 14.0 2.0 2.0 2.0 6.0 0.0 0.0 1.0 5.0 0.0 0.0 -1.0 13.0 2.0 1.0 0.0 0.0 0.0 0.0 0.0 0.0 0.0 0.0 0.0 47.0 23.0 0.0 0.0 0.0 0.0 0.0 3.0 25.0 7.0 0.0 0.0 0.0 0.0 0.0 0.0 1.0 0.0 0.0 0.0 9.0 
25_3_017_34
0.0 0.0 0.0 0.0 0.0 0.0 0.0 58.0 0.0 0.0 0.0 4.0 3.0 6.0 10.0 4.0 0.0 0.0 1.0 78.0 1.0 0.0 0.0 0.0 0.0 0.0 0.0 0.0 0.0 0.0 0.0 0.0 0.0 0.0 0.0 0.0 0.0 0.0 -9.0 78.0 12.0 0.0 2.0 2.0 0.0 0.0 -8.0 20.0 0.0 0.0 3.0 102.0 0.0 0.0 0.0 0.0 1.0 0.0 0.0 0.0 0.0 0.0 0.0 0.0 0.0 0.0 0.0 0.0 0.0 0.0 -4.0 63.0 15.0 4.0 0.0 0.0 0.0 3.0 4.0 3.0 0.0 0.0 5.0 86.0 4.0 0.0 0.0 0.0 2.0 0.0 0.0 0.0 0.0 0.0 0.0 0.0 0.0 0.0 0.0 0.0 0.0 0.0 0.0 46.0 1.0 0.0 0.0 0.0 1.0 0.0 1.0 20.0 0.0 0.0 0.0 83.0 0.0 0.0 0.0 0.0 0.0 0.0 0.0 0.0 0.0 0.0 0.0 0.0 
25_3_017_35
0.0 0.0 0.0 0.0 0.0 0.0 0.0 1.0 0.0 0.0 0.0 2.0 0.0 0.0 0.0 1.0 0.0 0.0 33.0 43.0 0.0 0.0 0.0 0.0 4.0 1.0 0.0 0.0 0.0 0.0 0.0 12.0 0.0 0.0 0.0 0.0 0.0 0.0 0.0 1.0 0.0 0.0 1.0 10.0 0.0 0.0 0.0 1.0 1.0 0.0 29.0 77.0 0.0 0.0 0.0 0.0 6.0 0.0 0.0 0.0 0.0 0.0 0.0 27.0 0.0 0.0 0.0 0.0 0.0 0.0 0.0 1.0 0.0 0.0 0.0 12.0 1.0 0.0 0.0 1.0 2.0 0.0 5.0 102.0 8.0 0.0 0.0 0.0 13.0 0.0 0.0 0.0 0.0 0.0 0.0 28.0 0.0 0.0 0.0 0.0 0.0 0.0 0.0 1.0 0.0 0.0 0.0 2.0 2.0 0.0 0.0 1.0 0.0 0.0 0.0 57.0 46.0 0.0 0.0 0.0 13.0 0.0 0.0 0.0 1.0 0.0 0.0 16.0 
25_3_017_36
0.0 0.0 2.0 10.0 5.0 3.0 1.0 0.0 1.0 0.0 35.0 31.0 3.0 1.0 0.0 0.0 3.0 0.0 7.0 27.0 7.0 0.0 -10.0 46.0 0.0 0.0 0.0 0.0 0.0 6.0 13.0 40.0 1.0 0.0 8.0 42.0 0.0 0.0 0.0 5.0 0.0 0.0 5.0 29.0 3.0 5.0 16.0 29.0 0.0 0.0 0.0 64.0 43.0 0.0 3.0 42.0 0.0 0.0 0.0 0.0 0.0 7.0 30.0 73.0 11.0 5.0 24.0 26.0 0.0 0.0 0.0 -3.0 24.0 4.0 10.0 17.0 0.0 0.0 -22.0 53.0 0.0 0.0 23.0 53.0 5.0 4.0 30.0 41.0 0.0 0.0 0.0 0.0 0.0 8.0 45.0 71.0 0.0 2.0 10.0 7.0 18.0 10.0 0.0 0.0 0.0 0.0 1.0 4.0 4.0 22.0 40.0 9.0 0.0 0.0 0.0 0.0 0.0 35.0 102.0 4.0 0.0 0.0 0.0 2.0 1.0 2.0 26.0 8.0 
25_3_017_37
13.0 10.0 1.0 0.0 0.0 0.0 5.0 8.0 0.0 0.0 3.0 12.0 11.0 13.0 12.0 0.0 6.0 4.0 14.0 91.0 5.0 2.0 33.0 10.0 1.0 0.0 0.0 1.0 4.0 10.0 16.0 11.0 26.0 1.0 8.0 2.0 0.0 0.0 3.0 35.0 9.0 5.0 1.0 15.0 0.0 0.0 2.0 2.0 13.0 0.0 3.0 102.0 17.0 0.0 23.0 72.0 4.0 0.0 6.0 55.0 7.0 8.0 1.0 2.0 25.0 5.0 3.0 0.0 0.0 7.0 32.0 32.0 12.0 33.0 2.0 1.0 11.0 4.0 0.0 0.0 32.0 1.0 20.0 99.0 2.0 0.0 0.0 19.0 40.0 14.0 27.0 11.0 0.0 0.0 0.0 1.0 0.0 0.0 0.0 0.0 0.0 13.0 62.0 18.0 0.0 0.0 0.0 26.0 47.0 2.0 0.0 0.0 0.0 0.0 3.0 46.0 35.0 0.0 0.0 0.0 5.0 0.0 0.0 0.0 0.0 4.0 15.0 14.0 
25_3_017_38
0.0 0.0 2.0 26.0 0.0 0.0 0.0 0.0 0.0 0.0 0.0 17.0 6.0 1.0 1.0 4.0 0.0 0.0 0.0 54.0 24.0 0.0 0.0 0.0 0.0 0.0 0.0 0.0 0.0 0.0 0.0 0.0 0.0 0.0 13.0 23.0 0.0 0.0 0.0 0.0 6.0 2.0 7.0 13.0 0.0 0.0 0.0 13.0 0.0 0.0 5.0 102.0 2.0 0.0 0.0 0.0 0.0 0.0 0.0 3.0 0.0 0.0 0.0 0.0 0.0 1.0 16.0 16.0 0.0 0.0 0.0 0.0 9.0 8.0 21.0 20.0 0.0 0.0 0.0 3.0 0.0 0.0 49.0 32.0 0.0 0.0 0.0 0.0 0.0 0.0 2.0 1.0 0.0 0.0 0.0 0.0 0.0 5.0 28.0 1.0 0.0 0.0 0.0 0.0 0.0 0.0 55.0 9.0 0.0 0.0 0.0 0.0 0.0 0.0 10.0 0.0 0.0 0.0 0.0 0.0 0.0 0.0 0.0 0.0 0.0 0.0 1.0 0.0 
25_3_017_39
0.0 0.0 0.0 0.0 0.0 0.0 2.0 61.0 3.0 1.0 0.0 9.0 5.0 9.0 4.0 3.0 0.0 0.0 1.0 74.0 3.0 0.0 0.0 0.0 0.0 0.0 1.0 0.0 0.0 0.0 0.0 0.0 0.0 0.0 0.0 0.0 0.0 0.0 2.0 82.0 5.0 0.0 3.0 28.0 3.0 1.0 8.0 22.0 0.0 0.0 9.0 95.0 3.0 0.0 0.0 0.0 0.0 2.0 1.0 0.0 0.0 0.0 0.0 0.0 0.0 0.0 0.0 0.0 0.0 0.0 2.0 82.0 14.0 0.0 6.0 17.0 4.0 7.0 10.0 8.0 0.0 0.0 9.0 102.0 1.0 0.0 0.0 0.0 0.0 1.0 0.0 0.0 0.0 0.0 0.0 0.0 0.0 0.0 0.0 1.0 2.0 1.0 4.0 67.0 0.0 0.0 0.0 16.0 6.0 9.0 21.0 1.0 0.0 0.0 5.0 92.0 0.0 0.0 0.0 0.0 1.0 0.0 0.0 0.0 0.0 0.0 0.0 0.0 
25_3_017_40
0.0 0.0 2.0 9.0 1.0 0.0 0.0 0.0 2.0 0.0 2.0 5.0 0.0 0.0 0.0 3.0 22.0 5.0 0.0 0.0 0.0 0.0 0.0 30.0 1.0 10.0 0.0 0.0 0.0 0.0 0.0 0.0 1.0 7.0 3.0 2.0 0.0 0.0 0.0 0.0 0.0 0.0 0.0 8.0 2.0 0.0 0.0 0.0 11.0 53.0 21.0 25.0 0.0 0.0 0.0 0.0 5.0 102.0 4.0 0.0 0.0 0.0 0.0 0.0 3.0 1.0 0.0 0.0 0.0 0.0 1.0 8.0 0.0 0.0 9.0 12.0 0.0 0.0 0.0 0.0 0.0 0.0 4.0 68.0 6.0 0.0 0.0 0.0 0.0 1.0 1.0 2.0 0.0 0.0 0.0 0.0 0.0 0.0 0.0 0.0 0.0 0.0 1.0 1.0 0.0 0.0 5.0 4.0 0.0 0.0 0.0 0.0 0.0 0.0 0.0 48.0 8.0 0.0 0.0 0.0 0.0 0.0 0.0 4.0 0.0 0.0 0.0 0.0 
25_3_017_41
3.0 17.0 5.0 1.0 1.0 7.0 1.0 0.0 0.0 5.0 11.0 7.0 17.0 12.0 0.0 0.0 0.0 27.0 18.0 1.0 26.0 23.0 0.0 0.0 8.0 35.0 0.0 0.0 1.0 32.0 5.0 0.0 0.0 0.0 0.0 5.0 13.0 23.0 0.0 0.0 0.0 2.0 22.0 20.0 9.0 4.0 0.0 0.0 4.0 6.0 3.0 2.0 9.0 10.0 8.0 19.0 0.0 0.0 0.0 0.0 3.0 43.0 7.0 1.0 0.0 0.0 6.0 10.0 22.0 4.0 0.0 0.0 0.0 0.0 36.0 74.0 11.0 0.0 0.0 0.0 24.0 4.0 10.0 0.0 0.0 0.0 -28.0 93.0 6.0 0.0 0.0 0.0 0.0 5.0 -1.0 18.0 0.0 0.0 37.0 45.0 0.0 0.0 0.0 0.0 0.0 2.0 15.0 43.0 26.0 1.0 11.0 5.0 0.0 0.0 3.0 10.0 5.0 0.0 11.0 102.0 0.0 0.0 0.0 0.0 0.0 22.0 23.0 10.0 
25_3_017_42
0.0 0.0 0.0 0.0 0.0 0.0 0.0 53.0 4.0 0.0 0.0 0.0 0.0 2.0 0.0 9.0 0.0 0.0 1.0 78.0 0.0 0.0 0.0 0.0 0.0 0.0 1.0 0.0 0.0 0.0 0.0 0.0 0.0 0.0 0.0 0.0 0.0 0.0 -7.0 67.0 5.0 0.0 0.0 0.0 0.0 1.0 -4.0 28.0 0.0 0.0 2.0 102.0 0.0 0.0 0.0 0.0 0.0 0.0 1.0 1.0 0.0 0.0 0.0 0.0 0.0 0.0 0.0 0.0 0.0 0.0 -1.0 60.0 11.0 5.0 0.0 0.0 0.0 0.0 -2.0 10.0 0.0 0.0 12.0 82.0 0.0 0.0 0.0 0.0 0.0 0.0 0.0 0.0 0.0 0.0 0.0 0.0 32.0 0.0 0.0 0.0 0.0 0.0 -8.0 6.0 42.0 41.0 3.0 0.0 0.0 0.0 0.0 -20.0 0.0 9.0 22.0 4.0 0.0 0.0 0.0 0.0 0.0 0.0 0.0 0.0 0.0 0.0 0.0 0.0 
25_3_017_43
0.0 0.0 0.0 2.0 6.0 3.0 1.0 24.0 6.0 5.0 8.0 1.0 1.0 3.0 1.0 -1.0 2.0 16.0 20.0 3.0 0.0 0.0 -1.0 3.0 9.0 50.0 24.0 7.0 0.0 0.0 0.0 -3.0 0.0 0.0 0.0 1.0 2.0 9.0 14.0 2.0 0.0 0.0 6.0 39.0 4.0 2.0 0.0 0.0 0.0 0.0 8.0 14.0 10.0 5.0 6.0 0.0 11.0 0.0 21.0 62.0 11.0 0.0 2.0 0.0 2.0 6.0 0.0 1.0 1.0 0.0 0.0 0.0 0.0 0.0 1.0 21.0 12.0 4.0 0.0 2.0 0.0 0.0 0.0 19.0 15.0 11.0 35.0 5.0 0.0 0.0 0.0 102.0 15.0 1.0 4.0 17.0 37.0 4.0 0.0 0.0 0.0 0.0 0.0 -11.0 14.0 4.0 6.0 0.0 1.0 1.0 -4.0 5.0 13.0 13.0 15.0 7.0 3.0 1.0 -9.0 24.0 3.0 0.0 9.0 72.0 12.0 0.0 0.0 -1.0 
25_3_017_44
0.0 0.0 1.0 5.0 0.0 0.0 0.0 0.0 0.0 0.0 4.0 10.0 0.0 7.0 10.0 0.0 0.0 0.0 8.0 51.0 7.0 3.0 0.0 0.0 2.0 0.0 4.0 4.0 0.0 0.0 8.0 13.0 5.0 0.0 0.0 3.0 1.0 0.0 -5.0 9.0 0.0 1.0 1.0 0.0 2.0 5.0 10.0 13.0 0.0 0.0 7.0 102.0 6.0 0.0 0.0 0.0 0.0 2.0 27.0 11.0 0.0 0.0 10.0 19.0 16.0 3.0 1.0 0.0 0.0 0.0 -1.0 0.0 17.0 15.0 7.0 0.0 0.0 0.0 0.0 -3.0 0.0 0.0 23.0 52.0 8.0 0.0 0.0 0.0 0.0 2.0 21.0 8.0 7.0 15.0 18.0 0.0 0.0 4.0 0.0 0.0 5.0 11.0 0.0 3.0 0.0 1.0 7.0 5.0 5.0 1.0 0.0 0.0 0.0 1.0 5.0 14.0 8.0 0.0 0.0 0.0 6.0 0.0 0.0 0.0 2.0 10.0 7.0 7.0 
25_3_017_45
25.0 13.0 5.0 2.0 0.0 0.0 0.0 11.0 3.0 30.0 21.0 0.0 0.0 0.0 0.0 0.0 0.0 2.0 78.0 47.0 0.0 0.0 0.0 0.0 0.0 0.0 13.0 8.0 0.0 0.0 27.0 9.0 0.0 1.0 0.0 0.0 0.0 1.0 1.0 0.0 0.0 0.0 2.0 11.0 0.0 1.0 0.0 0.0 0.0 0.0 32.0 102.0 1.0 0.0 7.0 0.0 0.0 0.0 0.0 0.0 0.0 0.0 35.0 22.0 0.0 0.0 0.0 0.0 0.0 1.0 1.0 0.0 0.0 0.0 1.0 24.0 3.0 0.0 0.0 0.0 0.0 0.0 5.0 62.0 15.0 3.0 10.0 3.0 0.0 0.0 0.0 0.0 0.0 0.0 12.0 12.0 0.0 0.0 0.0 0.0 0.0 1.0 0.0 0.0 0.0 0.0 0.0 7.0 7.0 0.0 0.0 0.0 0.0 0.0 0.0 34.0 24.0 0.0 0.0 0.0 0.0 0.0 0.0 0.0 0.0 0.0 1.0 9.0 
25_3_017_46
0.0 0.0 8.0 6.0 0.0 0.0 0.0 0.0 0.0 4.0 18.0 14.0 0.0 0.0 0.0 0.0 12.0 16.0 11.0 1.0 0.0 0.0 -10.0 23.0 0.0 0.0 0.0 0.0 0.0 0.0 -41.0 102.0 0.0 0.0 1.0 6.0 1.0 7.0 11.0 0.0 0.0 0.0 7.0 67.0 9.0 2.0 0.0 0.0 0.0 0.0 3.0 10.0 0.0 0.0 18.0 19.0 17.0 3.0 8.0 1.0 0.0 0.0 -21.0 79.0 0.0 3.0 0.0 1.0 1.0 2.0 2.0 15.0 0.0 0.0 8.0 82.0 5.0 0.0 0.0 0.0 2.0 4.0 43.0 13.0 0.0 0.0 8.0 11.0 0.0 0.0 7.0 1.0 0.0 0.0 19.0 74.0 6.0 8.0 5.0 0.0 0.0 0.0 0.0 -1.0 0.0 0.0 12.0 35.0 8.0 0.0 0.0 0.0 0.0 0.0 10.0 9.0 5.0 17.0 19.0 0.0 0.0 0.0 0.0 0.0 0.0 3.0 23.0 30.0 
25_3_017_47
0.0 0.0 2.0 0.0 1.0 1.0 0.0 0.0 0.0 0.0 1.0 6.0 12.0 7.0 0.0 0.0 0.0 0.0 5.0 56.0 27.0 9.0 1.0 0.0 1.0 0.0 0.0 0.0 0.0 0.0 7.0 7.0 0.0 0.0 1.0 1.0 0.0 0.0 0.0 0.0 0.0 0.0 6.0 13.0 0.0 0.0 0.0 0.0 0.0 0.0 7.0 102.0 2.0 0.0 0.0 0.0 0.0 0.0 0.0 0.0 0.0 0.0 10.0 16.0 0.0 1.0 3.0 0.0 0.0 0.0 0.0 0.0 0.0 0.0 51.0 14.0 0.0 0.0 0.0 0.0 0.0 0.0 23.0 48.0 0.0 0.0 1.0 1.0 0.0 0.0 0.0 0.0 0.0 0.0 1.0 20.0 0.0 0.0 3.0 3.0 0.0 0.0 0.0 0.0 0.0 0.0 28.0 34.0 0.0 0.0 0.0 0.0 0.0 0.0 2.0 19.0 1.0 0.0 1.0 2.0 0.0 0.0 0.0 0.0 0.0 0.0 5.0 10.0 
25_3_017_48
0.0 3.0 2.0 0.0 0.0 0.0 0.0 0.0 0.0 2.0 3.0 13.0 0.0 0.0 0.0 0.0 1.0 0.0 2.0 94.0 8.0 0.0 0.0 0.0 8.0 8.0 5.0 2.0 1.0 0.0 0.0 1.0 0.0 2.0 0.0 0.0 0.0 0.0 0.0 0.0 0.0 0.0 3.0 16.0 0.0 0.0 0.0 0.0 2.0 1.0 17.0 102.0 2.0 0.0 0.0 0.0 0.0 4.0 24.0 16.0 6.0 2.0 0.0 0.0 0.0 1.0 0.0 0.0 0.0 0.0 0.0 0.0 0.0 1.0 3.0 25.0 1.0 0.0 0.0 0.0 0.0 2.0 25.0 95.0 27.0 0.0 0.0 0.0 3.0 3.0 37.0 17.0 1.0 0.0 0.0 9.0 0.0 2.0 1.0 0.0 0.0 0.0 0.0 0.0 0.0 1.0 1.0 3.0 1.0 0.0 0.0 0.0 0.0 0.0 0.0 15.0 81.0 7.0 0.0 0.0 2.0 0.0 0.0 51.0 39.0 0.0 1.0 19.0 
25_3_017_49
0.0 0.0 0.0 0.0 0.0 0.0 0.0 0.0 0.0 0.0 2.0 66.0 2.0 0.0 0.0 0.0 0.0 0.0 1.0 8.0 1.0 0.0 14.0 15.0 0.0 0.0 0.0 0.0 2.0 2.0 4.0 1.0 0.0 0.0 0.0 0.0 0.0 0.0 0.0 0.0 0.0 0.0 15.0 91.0 0.0 0.0 0.0 0.0 3.0 0.0 3.0 2.0 0.0 0.0 1.0 39.0 1.0 0.0 0.0 0.0 0.0 0.0 1.0 2.0 0.0 0.0 0.0 0.0 0.0 0.0 0.0 0.0 0.0 0.0 16.0 102.0 0.0 0.0 0.0 0.0 5.0 0.0 0.0 0.0 0.0 0.0 1.0 51.0 1.0 0.0 0.0 0.0 0.0 0.0 1.0 5.0 0.0 0.0 0.0 0.0 0.0 0.0 0.0 0.0 0.0 0.0 15.0 89.0 0.0 0.0 0.0 0.0 10.0 0.0 0.0 0.0 0.0 0.0 0.0 52.0 0.0 0.0 0.0 0.0 0.0 0.0 2.0 3.0 
25_3_017_50
0.0 0.0 0.0 0.0 0.0 0.0 24.0 71.0 0.0 0.0 0.0 0.0 0.0 0.0 15.0 18.0 3.0 3.0 0.0 0.0 0.0 0.0 1.0 14.0 0.0 8.0 8.0 0.0 0.0 0.0 0.0 0.0 0.0 0.0 0.0 0.0 0.0 0.0 24.0 102.0 0.0 0.0 0.0 0.0 0.0 4.0 32.0 9.0 0.0 0.0 7.0 6.0 3.0 2.0 1.0 1.0 3.0 11.0 8.0 0.0 0.0 0.0 0.0 1.0 0.0 0.0 0.0 0.0 2.0 20.0 66.0 54.0 1.0 0.0 0.0 0.0 0.0 0.0 10.0 8.0 0.0 0.0 5.0 19.0 9.0 6.0 0.0 0.0 0.0 2.0 7.0 1.0 10.0 32.0 2.0 0.0 0.0 0.0 2.0 36.0 16.0 6.0 2.0 0.0 1.0 1.0 0.0 0.0 0.0 0.0 12.0 14.0 0.0 0.0 0.0 0.0 12.0 24.0 2.0 0.0 1.0 0.0 0.0 0.0 4.0 11.0 2.0 2.0 
25_3_017_51
0.0 0.0 1.0 10.0 14.0 0.0 0.0 0.0 0.0 0.0 0.0 2.0 9.0 1.0 1.0 0.0 0.0 0.0 15.0 45.0 48.0 0.0 0.0 0.0 0.0 0.0 6.0 10.0 18.0 0.0 0.0 0.0 0.0 7.0 24.0 0.0 0.0 0.0 0.0 0.0 7.0 4.0 2.0 0.0 5.0 0.0 0.0 0.0 0.0 0.0 0.0 29.0 23.0 0.0 0.0 0.0 0.0 0.0 0.0 5.0 102.0 1.0 0.0 0.0 0.0 4.0 32.0 5.0 0.0 0.0 0.0 0.0 15.0 5.0 0.0 0.0 0.0 0.0 1.0 9.0 0.0 2.0 3.0 13.0 6.0 0.0 0.0 0.0 0.0 0.0 0.0 10.0 21.0 0.0 0.0 0.0 0.0 1.0 12.0 3.0 2.0 14.0 13.0 4.0 0.0 0.0 0.0 0.0 0.0 1.0 5.0 7.0 0.0 0.0 0.0 0.0 2.0 3.0 5.0 3.0 0.0 0.0 0.0 10.0 16.0 0.0 0.0 0.0 
25_3_017_52
0.0 0.0 0.0 0.0 0.0 4.0 49.0 3.0 1.0 0.0 0.0 0.0 0.0 2.0 36.0 9.0 0.0 1.0 8.0 34.0 24.0 0.0 0.0 0.0 10.0 4.0 6.0 9.0 1.0 0.0 -1.0 -1.0 2.0 0.0 0.0 0.0 0.0 1.0 19.0 36.0 0.0 9.0 73.0 19.0 0.0 4.0 4.0 0.0 -5.0 102.0 31.0 2.0 0.0 0.0 0.0 -5.0 0.0 23.0 13.0 5.0 4.0 2.0 0.0 0.0 66.0 0.0 0.0 0.0 0.0 0.0 -16.0 24.0 19.0 6.0 27.0 97.0 0.0 0.0 0.0 -9.0 18.0 0.0 10.0 8.0 0.0 0.0 -3.0 28.0 2.0 0.0 0.0 0.0 0.0 25.0 13.0 3.0 7.0 0.0 0.0 0.0 0.0 7.0 -5.0 36.0 6.0 1.0 3.0 13.0 21.0 17.0 5.0 -2.0 0.0 0.0 0.0 1.0 37.0 9.0 21.0 42.0 0.0 0.0 0.0 4.0 10.0 20.0 13.0 19.0 
25_3_017_53
0.0 0.0 4.0 23.0 1.0 0.0 0.0 0.0 0.0 0.0 4.0 30.0 19.0 0.0 0.0 0.0 0.0 0.0 0.0 32.0 35.0 0.0 0.0 0.0 0.0 0.0 0.0 0.0 0.0 0.0 0.0 0.0 0.0 0.0 8.0 33.0 0.0 0.0 0.0 0.0 0.0 0.0 2.0 19.0 3.0 1.0 4.0 6.0 0.0 0.0 0.0 99.0 17.0 0.0 0.0 0.0 0.0 0.0 0.0 1.0 0.0 0.0 0.0 0.0 0.0 0.0 20.0 24.0 0.0 0.0 0.0 0.0 7.0 0.0 11.0 10.0 0.0 0.0 0.0 21.0 0.0 0.0 18.0 102.0 0.0 0.0 0.0 0.0 0.0 0.0 0.0 4.0 0.0 0.0 0.0 0.0 0.0 1.0 21.0 19.0 0.0 0.0 0.0 0.0 7.0 8.0 32.0 3.0 0.0 0.0 0.0 4.0 0.0 0.0 38.0 21.0 0.0 0.0 0.0 0.0 0.0 0.0 2.0 1.0 0.0 0.0 0.0 0.0 
25_3_017_54
3.0 2.0 22.0 9.0 0.0 0.0 0.0 1.0 0.0 0.0 18.0 25.0 0.0 0.0 0.0 0.0 16.0 16.0 10.0 1.0 0.0 0.0 0.0 5.0 3.0 1.0 2.0 2.0 3.0 2.0 0.0 1.0 1.0 4.0 10.0 2.0 0.0 9.0 7.0 0.0 0.0 0.0 27.0 77.0 9.0 4.0 0.0 0.0 13.0 6.0 7.0 1.0 0.0 2.0 14.0 31.0 6.0 0.0 0.0 0.0 0.0 2.0 2.0 8.0 4.0 0.0 0.0 0.0 0.0 0.0 8.0 3.0 0.0 0.0 3.0 102.0 16.0 0.0 2.0 3.0 0.0 0.0 0.0 17.0 18.0 13.0 71.0 32.0 4.0 0.0 12.0 6.0 0.0 0.0 0.0 2.0 15.0 12.0 0.0 0.0 0.0 0.0 0.0 0.0 9.0 1.0 28.0 50.0 0.0 0.0 0.0 10.0 20.0 6.0 17.0 28.0 0.0 0.0 0.0 40.0 0.0 0.0 7.0 12.0 0.0 0.0 0.0 9.0 
25_3_017_55
0.0 0.0 0.0 0.0 0.0 0.0 27.0 63.0 0.0 0.0 0.0 6.0 11.0 7.0 1.0 0.0 0.0 0.0 13.0 71.0 4.0 0.0 0.0 0.0 0.0 0.0 1.0 3.0 0.0 0.0 0.0 0.0 0.0 0.0 0.0 0.0 0.0 0.0 29.0 94.0 0.0 0.0 3.0 10.0 30.0 2.0 0.0 0.0 0.0 0.0 17.0 102.0 5.0 0.0 0.0 0.0 0.0 0.0 0.0 1.0 0.0 0.0 1.0 0.0 4.0 3.0 8.0 0.0 0.0 0.0 18.0 80.0 7.0 12.0 29.0 3.0 0.0 0.0 0.0 1.0 0.0 0.0 25.0 102.0 0.0 0.0 0.0 0.0 0.0 0.0 0.0 0.0 0.0 0.0 1.0 0.0 0.0 4.0 10.0 6.0 6.0 0.0 10.0 27.0 2.0 4.0 6.0 21.0 0.0 1.0 10.0 16.0 0.0 0.0 15.0 60.0 0.0 0.0 0.0 0.0 0.0 0.0 0.0 0.0 0.0 0.0 1.0 0.0 
25_3_017_56
0.0 0.0 0.0 0.0 0.0 0.0 0.0 0.0 0.0 0.0 7.0 64.0 0.0 0.0 0.0 0.0 1.0 0.0 2.0 6.0 0.0 0.0 6.0 23.0 0.0 0.0 0.0 0.0 0.0 1.0 2.0 2.0 0.0 0.0 0.0 0.0 0.0 0.0 0.0 0.0 0.0 0.0 12.0 90.0 0.0 0.0 0.0 0.0 1.0 0.0 3.0 2.0 0.0 0.0 1.0 44.0 2.0 0.0 0.0 0.0 0.0 0.0 0.0 4.0 0.0 0.0 0.0 0.0 0.0 0.0 0.0 0.0 0.0 0.0 22.0 102.0 0.0 0.0 0.0 0.0 12.0 1.0 2.0 0.0 0.0 0.0 0.0 48.0 0.0 0.0 0.0 0.0 0.0 0.0 2.0 4.0 0.0 0.0 0.0 1.0 0.0 0.0 0.0 0.0 0.0 0.0 6.0 94.0 0.0 0.0 0.0 0.0 4.0 0.0 0.0 0.0 0.0 0.0 0.0 55.0 0.0 0.0 0.0 0.0 0.0 0.0 1.0 4.0 
25_3_017_57
0.0 0.0 0.0 0.0 0.0 0.0 1.0 0.0 0.0 0.0 0.0 0.0 0.0 0.0 1.0 0.0 0.0 0.0 44.0 37.0 0.0 0.0 0.0 0.0 0.0 0.0 14.0 3.0 0.0 0.0 3.0 10.0 0.0 0.0 0.0 0.0 0.0 0.0 1.0 1.0 0.0 0.0 0.0 7.0 0.0 0.0 0.0 0.0 0.0 0.0 39.0 84.0 0.0 0.0 0.0 0.0 0.0 0.0 0.0 0.0 0.0 0.0 4.0 31.0 0.0 0.0 0.0 0.0 0.0 0.0 0.0 2.0 0.0 0.0 0.0 13.0 1.0 0.0 0.0 0.0 0.0 0.0 6.0 102.0 8.0 0.0 0.0 0.0 1.0 0.0 0.0 0.0 0.0 0.0 2.0 35.0 0.0 0.0 0.0 0.0 0.0 0.0 1.0 1.0 0.0 0.0 0.0 5.0 1.0 0.0 0.0 1.0 0.0 0.0 0.0 83.0 17.0 0.0 0.0 0.0 1.0 0.0 0.0 0.0 0.0 0.0 2.0 27.0 
25_3_017_58
1.0 0.0 0.0 0.0 0.0 0.0 0.0 4.0 1.0 0.0 4.0 1.0 0.0 0.0 0.0 4.0 0.0 9.0 66.0 8.0 0.0 0.0 0.0 0.0 0.0 8.0 25.0 10.0 0.0 0.0 0.0 0.0 9.0 4.0 0.0 0.0 0.0 0.0 0.0 0.0 2.0 5.0 14.0 11.0 0.0 0.0 0.0 0.0 5.0 3.0 42.0 87.0 0.0 0.0 0.0 7.0 3.0 0.0 0.0 3.0 12.0 4.0 7.0 24.0 5.0 13.0 1.0 0.0 0.0 0.0 0.0 0.0 1.0 15.0 12.0 7.0 0.0 0.0 0.0 0.0 1.0 0.0 5.0 102.0 4.0 0.0 0.0 11.0 18.0 0.0 2.0 9.0 2.0 0.0 3.0 42.0 0.0 5.0 2.0 0.0 0.0 0.0 0.0 0.0 2.0 6.0 9.0 4.0 0.0 0.0 0.0 0.0 0.0 0.0 3.0 66.0 5.0 0.0 0.0 0.0 27.0 1.0 2.0 0.0 0.0 0.0 0.0 15.0 
25_3_017_59
0.0 0.0 3.0 35.0 0.0 0.0 -1.0 9.0 5.0 0.0 4.0 32.0 4.0 0.0 0.0 5.0 0.0 0.0 0.0 58.0 9.0 0.0 1.0 42.0 3.0 0.0 1.0 53.0 27.0 0.0 -1.0 26.0 12.0 11.0 26.0 5.0 0.0 0.0 -3.0 3.0 22.0 2.0 20.0 23.0 0.0 0.0 -2.0 -1.0 9.0 1.0 14.0 77.0 0.0 0.0 -16.0 34.0 20.0 4.0 12.0 36.0 2.0 0.0 -25.0 54.0 7.0 0.0 1.0 6.0 10.0 0.0 -2.0 6.0 23.0 12.0 18.0 1.0 18.0 3.0 0.0 -8.0 0.0 0.0 23.0 36.0 14.0 6.0 7.0 0.0 0.0 0.0 0.0 0.0 0.0 12.0 48.0 39.0 0.0 0.0 0.0 0.0 9.0 15.0 4.0 1.0 0.0 0.0 0.0 0.0 10.0 40.0 8.0 0.0 0.0 0.0 0.0 0.0 9.0 102.0 27.0 0.0 0.0 0.0 0.0 0.0 5.0 43.0 35.0 18.0 
25_3_017_60
1.0 0.0 0.0 0.0 0.0 0.0 0.0 0.0 0.0 0.0 0.0 27.0 22.0 0.0 0.0 0.0 0.0 0.0 0.0 8.0 0.0 0.0 0.0 0.0 0.0 0.0 0.0 0.0 0.0 0.0 0.0 6.0 3.0 1.0 0.0 0.0 0.0 0.0 0.0 -1.0 0.0 0.0 7.0 49.0 1.0 0.0 0.0 0.0 0.0 0.0 1.0 8.0 0.0 0.0 0.0 1.0 0.0 0.0 0.0 0.0 0.0 0.0 0.0 5.0 13.0 11.0 0.0 0.0 0.0 0.0 0.0 -7.0 -16.0 42.0 19.0 38.0 0.0 0.0 0.0 0.0 1.0 1.0 4.0 2.0 0.0 0.0 -3.0 7.0 0.0 0.0 0.0 0.0 0.0 0.0 3.0 4.0 102.0 28.0 0.0 0.0 0.0 0.0 0.0 -51.0 3.0 71.0 0.0 0.0 0.0 0.0 -8.0 15.0 2.0 0.0 0.0 0.0 0.0 0.0 -13.0 35.0 0.0 0.0 0.0 0.0 0.0 0.0 -1.0 10.0 
25_3_017_61
0.0 0.0 0.0 0.0 0.0 0.0 0.0 0.0 0.0 0.0 3.0 3.0 0.0 0.0 0.0 0.0 0.0 0.0 37.0 33.0 0.0 0.0 0.0 0.0 0.0 0.0 5.0 24.0 4.0 0.0 0.0 0.0 0.0 0.0 2.0 0.0 0.0 0.0 0.0 0.0 0.0 0.0 3.0 8.0 0.0 0.0 0.0 0.0 0.0 1.0 29.0 69.0 0.0 0.0 0.0 0.0 0.0 2.0 5.0 15.0 6.0 1.0 3.0 0.0 0.0 3.0 1.0 0.0 0.0 0.0 0.0 0.0 0.0 2.0 3.0 8.0 0.0 0.0 0.0 0.0 0.0 0.0 5.0 102.0 5.0 0.0 0.0 0.0 14.0 0.0 0.0 19.0 5.0 0.0 2.0 16.0 0.0 1.0 2.0 0.0 0.0 0.0 0.0 0.0 0.0 1.0 1.0 3.0 0.0 0.0 0.0 0.0 0.0 0.0 0.0 83.0 12.0 0.0 0.0 0.0 7.0 7.0 2.0 2.0 4.0 0.0 0.0 5.0 
25_3_017_62
4.0 0.0 0.0 0.0 0.0 0.0 -1.0 39.0 5.0 0.0 1.0 2.0 0.0 0.0 -2.0 34.0 0.0 0.0 4.0 99.0 0.0 0.0 0.0 0.0 0.0 0.0 1.0 0.0 0.0 0.0 0.0 0.0 0.0 0.0 0.0 0.0 1.0 0.0 5.0 49.0 25.0 4.0 0.0 2.0 1.0 4.0 7.0 -1.0 0.0 0.0 10.0 102.0 2.0 0.0 0.0 0.0 0.0 0.0 0.0 0.0 0.0 0.0 0.0 0.0 58.0 23.0 1.0 0.0 0.0 0.0 -15.0 9.0 85.0 70.0 4.0 0.0 0.0 0.0 0.0 -40.0 0.0 17.0 39.0 11.0 0.0 0.0 0.0 0.0 1.0 0.0 0.0 0.0 0.0 0.0 0.0 0.0 0.0 0.0 1.0 0.0 0.0 0.0 0.0 0.0 0.0 0.0 0.0 1.0 0.0 0.0 0.0 0.0 0.0 0.0 1.0 0.0 0.0 0.0 0.0 0.0 0.0 0.0 0.0 0.0 0.0 0.0 0.0 0.0 
25_3_017_63
0.0 0.0 0.0 0.0 1.0 0.0 0.0 0.0 0.0 0.0 0.0 0.0 0.0 0.0 0.0 0.0 0.0 0.0 1.0 0.0 0.0 0.0 0.0 0.0 0.0 0.0 0.0 0.0 0.0 0.0 0.0 0.0 0.0 0.0 0.0 0.0 9.0 93.0 0.0 0.0 0.0 0.0 0.0 0.0 15.0 102.0 1.0 0.0 0.0 0.0 0.0 18.0 36.0 13.0 0.0 0.0 0.0 0.0 0.0 0.0 1.0 0.0 0.0 0.0 14.0 25.0 5.0 0.0 0.0 0.0 -1.0 -6.0 9.0 -7.0 31.0 0.0 0.0 2.0 -5.0 12.0 0.0 -37.0 83.0 62.0 1.0 0.0 0.0 0.0 0.0 0.0 0.0 0.0 0.0 1.0 0.0 0.0 62.0 8.0 1.0 1.0 0.0 0.0 0.0 -28.0 70.0 15.0 0.0 0.0 0.0 0.0 -1.0 -26.0 -3.0 -17.0 73.0 22.0 0.0 0.0 0.0 0.0 0.0 0.0 0.0 0.0 1.0 0.0 0.0 0.0 
25_3_017_64
0.0 0.0 1.0 1.0 0.0 0.0 0.0 0.0 0.0 0.0 2.0 3.0 0.0 0.0 0.0 0.0 0.0 0.0 14.0 82.0 1.0 0.0 0.0 0.0 0.0 1.0 0.0 0.0 0.0 0.0 7.0 2.0 0.0 0.0 2.0 1.0 0.0 0.0 0.0 0.0 0.0 0.0 5.0 11.0 0.0 0.0 0.0 0.0 0.0 0.0 6.0 102.0 1.0 0.0 0.0 0.0 0.0 0.0 0.0 0.0 0.0 0.0 9.0 11.0 0.0 1.0 3.0 0.0 0.0 0.0 0.0 0.0 0.0 2.0 51.0 5.0 0.0 0.0 0.0 0.0 0.0 0.0 27.0 50.0 0.0 0.0 0.0 1.0 0.0 0.0 0.0 0.0 0.0 0.0 3.0 17.0 0.0 0.0 5.0 7.0 0.0 0.0 0.0 0.0 0.0 0.0 27.0 25.0 0.0 0.0 0.0 0.0 0.0 0.0 1.0 24.0 2.0 0.0 1.0 1.0 0.0 0.0 0.0 0.0 0.0 0.0 4.0 9.0 
25_3_017_65
0.0 0.0 0.0 68.0 20.0 0.0 0.0 0.0 -5.0 8.0 12.0 16.0 2.0 1.0 0.0 0.0 0.0 1.0 0.0 6.0 9.0 2.0 7.0 6.0 0.0 0.0 0.0 0.0 2.0 0.0 2.0 7.0 0.0 0.0 7.0 102.0 0.0 0.0 0.0 0.0 -1.0 0.0 16.0 17.0 1.0 6.0 9.0 12.0 0.0 -1.0 4.0 13.0 13.0 7.0 2.0 0.0 0.0 0.0 0.0 0.0 0.0 0.0 1.0 17.0 0.0 0.0 2.0 94.0 10.0 0.0 0.0 0.0 0.0 0.0 0.0 15.0 11.0 3.0 0.0 29.0 0.0 -3.0 13.0 32.0 0.0 0.0 0.0 1.0 0.0 0.0 0.0 0.0 0.0 0.0 -7.0 29.0 0.0 1.0 0.0 43.0 14.0 0.0 0.0 0.0 0.0 0.0 0.0 17.0 18.0 3.0 0.0 0.0 0.0 0.0 2.0 26.0 0.0 0.0 0.0 0.0 0.0 0.0 0.0 0.0 0.0 0.0 -2.0 16.0 
25_3_017_66
0.0 0.0 0.0 6.0 2.0 0.0 0.0 0.0 2.0 0.0 0.0 0.0 0.0 0.0 0.0 25.0 29.0 3.0 0.0 0.0 0.0 0.0 0.0 23.0 14.0 0.0 0.0 0.0 0.0 0.0 0.0 29.0 0.0 0.0 0.0 11.0 8.0 0.0 0.0 0.0 2.0 0.0 0.0 0.0 0.0 0.0 3.0 36.0 16.0 2.0 2.0 23.0 4.0 0.0 0.0 18.0 18.0 0.0 0.0 0.0 0.0 0.0 0.0 82.0 0.0 0.0 1.0 15.0 3.0 0.0 0.0 0.0 12.0 8.0 0.0 1.0 0.0 0.0 0.0 14.0 2.0 6.0 11.0 9.0 3.0 0.0 3.0 18.0 7.0 0.0 0.0 0.0 0.0 0.0 0.0 102.0 2.0 2.0 1.0 5.0 0.0 0.0 0.0 0.0 8.0 4.0 5.0 11.0 0.0 0.0 0.0 1.0 2.0 0.0 2.0 0.0 0.0 0.0 8.0 17.0 35.0 1.0 0.0 0.0 0.0 0.0 0.0 56.0 
25_3_017_67
6.0 10.0 11.0 0.0 0.0 0.0 0.0 2.0 4.0 13.0 28.0 16.0 0.0 0.0 1.0 2.0 32.0 28.0 14.0 0.0 0.0 0.0 2.0 5.0 0.0 0.0 8.0 10.0 1.0 11.0 19.0 0.0 3.0 0.0 0.0 0.0 0.0 8.0 26.0 23.0 0.0 0.0 13.0 93.0 53.0 9.0 0.0 0.0 13.0 0.0 0.0 0.0 0.0 1.0 21.0 61.0 7.0 1.0 0.0 0.0 0.0 4.0 15.0 4.0 62.0 33.0 0.0 0.0 0.0 0.0 0.0 10.0 0.0 28.0 102.0 86.0 0.0 0.0 0.0 0.0 91.0 9.0 0.0 0.0 0.0 0.0 0.0 47.0 16.0 26.0 1.0 0.0 0.0 0.0 0.0 4.0 5.0 17.0 3.0 6.0 2.0 0.0 0.0 0.0 0.0 14.0 37.0 26.0 15.0 5.0 0.0 0.0 26.0 0.0 0.0 0.0 0.0 8.0 55.0 55.0 5.0 11.0 1.0 1.0 21.0 8.0 0.0 0.0 
25_3_017_68
0.0 0.0 0.0 0.0 7.0 5.0 0.0 0.0 0.0 4.0 1.0 0.0 0.0 0.0 0.0 0.0 2.0 10.0 0.0 0.0 0.0 0.0 0.0 0.0 0.0 8.0 4.0 0.0 0.0 0.0 0.0 0.0 0.0 0.0 0.0 0.0 31.0 18.0 0.0 0.0 0.0 1.0 12.0 34.0 32.0 6.0 0.0 0.0 0.0 53.0 8.0 0.0 0.0 0.0 0.0 0.0 9.0 33.0 1.0 0.0 0.0 0.0 0.0 0.0 0.0 0.0 2.0 2.0 0.0 0.0 0.0 0.0 0.0 0.0 36.0 102.0 0.0 0.0 0.0 0.0 1.0 6.0 5.0 11.0 0.0 0.0 0.0 0.0 5.0 9.0 0.0 0.0 0.0 0.0 0.0 0.0 0.0 0.0 9.0 12.0 0.0 0.0 0.0 0.0 0.0 0.0 44.0 52.0 0.0 0.0 0.0 0.0 0.0 0.0 1.0 5.0 1.0 0.0 0.0 0.0 2.0 0.0 0.0 0.0 0.0 0.0 0.0 0.0 
25_3_017_69
0.0 0.0 24.0 7.0 0.0 0.0 0.0 0.0 0.0 8.0 3.0 0.0 0.0 4.0 6.0 2.0 0.0 0.0 13.0 23.0 1.0 0.0 -5.0 19.0 0.0 0.0 0.0 0.0 0.0 0.0 -3.0 52.0 0.0 0.0 5.0 18.0 0.0 0.0 10.0 9.0 0.0 0.0 0.0 0.0 0.0 24.0 38.0 6.0 0.0 0.0 0.0 70.0 41.0 0.0 8.0 33.0 0.0 0.0 0.0 1.0 4.0 2.0 28.0 28.0 0.0 0.0 0.0 7.0 2.0 2.0 18.0 7.0 0.0 0.0 7.0 11.0 1.0 2.0 36.0 58.0 0.0 0.0 28.0 102.0 1.0 2.0 39.0 40.0 0.0 0.0 0.0 3.0 18.0 6.0 22.0 17.0 1.0 0.0 2.0 3.0 0.0 0.0 0.0 7.0 11.0 28.0 67.0 15.0 0.0 0.0 -3.0 16.0 0.0 2.0 17.0 6.0 0.0 0.0 25.0 92.0 0.0 0.0 1.0 4.0 2.0 0.0 2.0 3.0 
25_3_017_70
4.0 1.0 4.0 11.0 45.0 28.0 2.0 1.0 79.0 8.0 0.0 5.0 0.0 0.0 1.0 16.0 5.0 24.0 18.0 1.0 0.0 0.0 0.0 0.0 2.0 33.0 19.0 13.0 15.0 0.0 0.0 0.0 20.0 13.0 4.0 35.0 50.0 1.0 6.0 3.0 27.0 28.0 37.0 102.0 37.0 0.0 0.0 0.0 91.0 47.0 5.0 0.0 0.0 0.0 4.0 44.0 0.0 0.0 3.0 1.0 9.0 57.0 11.0 0.0 6.0 72.0 42.0 2.0 0.0 0.0 0.0 0.0 0.0 2.0 51.0 44.0 44.0 5.0 0.0 0.0 42.0 2.0 3.0 0.0 2.0 11.0 26.0 98.0 18.0 0.0 0.0 0.0 7.0 18.0 10.0 67.0 3.0 23.0 3.0 3.0 5.0 0.0 0.0 0.0 3.0 1.0 0.0 1.0 13.0 22.0 7.0 3.0 0.0 0.0 0.0 0.0 6.0 50.0 96.0 11.0 0.0 2.0 4.0 0.0 0.0 0.0 43.0 43.0 
25_3_017_71
0.0 0.0 0.0 4.0 10.0 4.0 0.0 25.0 4.0 18.0 8.0 0.0 0.0 0.0 -21.0 95.0 10.0 95.0 78.0 0.0 0.0 0.0 0.0 0.0 87.0 31.0 0.0 0.0 0.0 0.0 0.0 -3.0 0.0 0.0 0.0 11.0 49.0 7.0 1.0 0.0 4.0 44.0 91.0 36.0 3.0 0.0 -2.0 8.0 7.0 22.0 43.0 1.0 4.0 7.0 -13.0 53.0 23.0 5.0 0.0 0.0 0.0 0.0 -30.0 92.0 0.0 2.0 19.0 24.0 6.0 1.0 0.0 1.0 0.0 0.0 22.0 91.0 19.0 36.0 40.0 1.0 0.0 0.0 0.0 1.0 43.0 81.0 58.0 11.0 0.0 0.0 0.0 3.0 10.0 3.0 7.0 10.0 0.0 8.0 32.0 17.0 5.0 0.0 0.0 0.0 0.0 0.0 0.0 4.0 0.0 2.0 102.0 47.0 0.0 0.0 7.0 52.0 35.0 9.0 9.0 0.0 0.0 0.0 0.0 3.0 31.0 23.0 1.0 0.0 
25_3_017_72
4.0 1.0 12.0 14.0 0.0 0.0 0.0 3.0 0.0 48.0 43.0 31.0 0.0 0.0 0.0 -3.0 32.0 23.0 5.0 1.0 0.0 0.0 -1.0 -8.0 1.0 3.0 0.0 3.0 8.0 6.0 0.0 2.0 57.0 2.0 11.0 13.0 0.0 0.0 0.0 -18.0 -2.0 13.0 16.0 93.0 8.0 1.0 1.0 0.0 15.0 0.0 0.0 0.0 0.0 4.0 5.0 47.0 0.0 0.0 0.0 0.0 1.0 32.0 8.0 8.0 28.0 5.0 0.0 0.0 1.0 11.0 7.0 -11.0 0.0 0.0 2.0 23.0 69.0 24.0 0.0 0.0 0.0 0.0 0.0 1.0 8.0 10.0 30.0 102.0 0.0 0.0 0.0 4.0 25.0 22.0 6.0 15.0 0.0 0.0 0.0 0.0 4.0 16.0 -1.0 17.0 0.0 0.0 1.0 3.0 14.0 8.0 2.0 1.0 0.0 1.0 0.0 17.0 29.0 0.0 -10.0 40.0 27.0 11.0 6.0 5.0 0.0 0.0 -16.0 35.0 
25_3_017_73
0.0 0.0 3.0 7.0 1.0 1.0 0.0 0.0 0.0 0.0 0.0 12.0 9.0 4.0 0.0 0.0 0.0 0.0 0.0 61.0 17.0 0.0 0.0 0.0 0.0 0.0 0.0 0.0 0.0 0.0 1.0 0.0 1.0 0.0 0.0 5.0 5.0 0.0 0.0 1.0 2.0 1.0 1.0 12.0 0.0 0.0 0.0 0.0 0.0 0.0 0.0 102.0 8.0 0.0 0.0 0.0 0.0 0.0 0.0 1.0 0.0 0.0 0.0 0.0 0.0 0.0 0.0 6.0 13.0 3.0 0.0 0.0 0.0 0.0 16.0 20.0 2.0 0.0 0.0 0.0 0.0 0.0 26.0 63.0 0.0 0.0 0.0 0.0 0.0 0.0 4.0 3.0 0.0 0.0 0.0 0.0 0.0 0.0 1.0 11.0 3.0 1.0 0.0 0.0 0.0 0.0 1.0 49.0 5.0 0.0 0.0 0.0 0.0 0.0 6.0 44.0 0.0 0.0 0.0 0.0 0.0 0.0 2.0 0.0 0.0 1.0 0.0 0.0 
25_3_017_74
0.0 0.0 11.0 12.0 12.0 14.0 0.0 0.0 4.0 18.0 6.0 1.0 0.0 6.0 0.0 0.0 1.0 18.0 8.0 5.0 10.0 5.0 0.0 0.0 0.0 0.0 0.0 2.0 10.0 12.0 1.0 0.0 0.0 0.0 14.0 38.0 0.0 0.0 0.0 0.0 0.0 3.0 13.0 43.0 8.0 0.0 0.0 0.0 21.0 14.0 0.0 0.0 0.0 0.0 0.0 15.0 11.0 3.0 0.0 0.0 0.0 0.0 0.0 2.0 0.0 0.0 11.0 20.0 1.0 1.0 10.0 0.0 0.0 0.0 14.0 102.0 10.0 7.0 1.0 0.0 37.0 8.0 3.0 0.0 0.0 0.0 18.0 28.0 2.0 0.0 0.0 2.0 4.0 4.0 3.0 6.0 1.0 0.0 0.0 0.0 0.0 3.0 18.0 2.0 0.0 0.0 0.0 91.0 42.0 2.0 0.0 0.0 3.0 0.0 0.0 0.0 14.0 15.0 49.0 68.0 1.0 1.0 2.0 21.0 14.0 1.0 0.0 0.0 
25_3_017_75
2.0 0.0 0.0 1.0 0.0 0.0 7.0 30.0 8.0 8.0 13.0 1.0 0.0 0.0 0.0 2.0 4.0 6.0 28.0 6.0 0.0 0.0 1.0 5.0 7.0 10.0 13.0 2.0 0.0 0.0 5.0 11.0 0.0 0.0 0.0 1.0 4.0 6.0 18.0 3.0 0.0 4.0 4.0 0.0 1.0 22.0 23.0 2.0 6.0 5.0 8.0 35.0 50.0 2.0 1.0 1.0 11.0 5.0 1.0 0.0 0.0 1.0 15.0 22.0 0.0 23.0 19.0 3.0 5.0 0.0 0.0 0.0 40.0 11.0 0.0 0.0 0.0 0.0 3.0 27.0 0.0 7.0 35.0 102.0 0.0 0.0 0.0 0.0 25.0 1.0 0.0 0.0 0.0 0.0 2.0 57.0 5.0 21.0 9.0 0.0 0.0 0.0 0.0 0.0 26.0 49.0 1.0 2.0 0.0 0.0 0.0 0.0 4.0 23.0 71.0 14.0 6.0 3.0 1.0 0.0 44.0 2.0 0.0 0.0 0.0 1.0 9.0 33.0 
25_3_017_76
0.0 0.0 12.0 3.0 0.0 0.0 0.0 0.0 0.0 0.0 27.0 17.0 0.0 0.0 0.0 0.0 0.0 0.0 25.0 68.0 0.0 0.0 0.0 0.0 0.0 0.0 2.0 4.0 0.0 0.0 0.0 0.0 0.0 1.0 35.0 6.0 0.0 0.0 0.0 0.0 0.0 2.0 26.0 2.0 1.0 0.0 0.0 3.0 0.0 0.0 13.0 102.0 0.0 0.0 0.0 0.0 0.0 0.0 1.0 2.0 0.0 0.0 0.0 0.0 0.0 3.0 34.0 3.0 0.0 0.0 6.0 1.0 0.0 0.0 21.0 24.0 0.0 5.0 20.0 1.0 0.0 0.0 46.0 53.0 0.0 0.0 0.0 0.0 0.0 0.0 0.0 2.0 0.0 0.0 1.0 0.0 0.0 1.0 8.0 0.0 0.0 0.0 20.0 12.0 0.0 0.0 94.0 21.0 0.0 0.0 2.0 0.0 0.0 0.0 12.0 8.0 0.0 0.0 0.0 0.0 0.0 0.0 0.0 0.0 0.0 0.0 0.0 0.0 
25_3_017_77
0.0 0.0 2.0 12.0 5.0 0.0 0.0 0.0 0.0 0.0 3.0 53.0 9.0 0.0 0.0 0.0 0.0 0.0 0.0 51.0 8.0 0.0 0.0 0.0 0.0 0.0 0.0 0.0 0.0 0.0 0.0 0.0 0.0 0.0 23.0 19.0 0.0 0.0 0.0 0.0 0.0 0.0 15.0 21.0 6.0 0.0 0.0 2.0 0.0 0.0 0.0 73.0 31.0 0.0 0.0 0.0 0.0 0.0 0.0 2.0 0.0 0.0 0.0 0.0 0.0 0.0 20.0 25.0 0.0 0.0 0.0 0.0 0.0 0.0 2.0 12.0 3.0 1.0 12.0 9.0 0.0 0.0 14.0 102.0 1.0 0.0 0.0 0.0 0.0 0.0 0.0 1.0 0.0 0.0 0.0 0.0 0.0 0.0 23.0 6.0 0.0 0.0 0.0 4.0 0.0 0.0 21.0 28.0 0.0 1.0 12.0 17.0 0.0 0.0 23.0 49.0 0.0 0.0 0.0 0.0 0.0 0.0 0.0 0.0 0.0 0.0 0.0 0.0 
25_3_017_78
0.0 0.0 2.0 26.0 7.0 0.0 2.0 42.0 19.0 6.0 0.0 2.0 10.0 22.0 12.0 11.0 0.0 0.0 4.0 64.0 1.0 0.0 0.0 1.0 1.0 0.0 0.0 0.0 0.0 0.0 0.0 0.0 0.0 0.0 4.0 23.0 2.0 0.0 2.0 47.0 10.0 2.0 1.0 0.0 0.0 5.0 4.0 16.0 0.0 0.0 5.0 100.0 2.0 0.0 0.0 0.0 0.0 0.0 1.0 0.0 0.0 0.0 0.0 0.0 0.0 0.0 2.0 27.0 1.0 0.0 2.0 39.0 11.0 0.0 3.0 15.0 0.0 0.0 0.0 53.0 0.0 0.0 12.0 102.0 0.0 0.0 0.0 0.0 0.0 1.0 1.0 0.0 0.0 0.0 0.0 0.0 0.0 0.0 7.0 16.0 2.0 0.0 1.0 24.0 23.0 3.0 7.0 3.0 2.0 7.0 12.0 10.0 0.0 0.0 10.0 88.0 0.0 0.0 0.0 0.0 0.0 1.0 0.0 0.0 0.0 0.0 0.0 0.0 
25_3_017_79
3.0 0.0 0.0 0.0 0.0 0.0 0.0 0.0 0.0 0.0 0.0 53.0 34.0 0.0 0.0 0.0 0.0 0.0 8.0 24.0 5.0 0.0 0.0 0.0 0.0 0.0 3.0 4.0 0.0 0.0 0.0 1.0 1.0 1.0 0.0 0.0 0.0 0.0 0.0 0.0 2.0 0.0 0.0 24.0 24.0 0.0 0.0 -1.0 0.0 0.0 3.0 92.0 22.0 0.0 0.0 0.0 0.0 0.0 0.0 0.0 0.0 1.0 3.0 3.0 10.0 1.0 0.0 0.0 0.0 0.0 0.0 -4.0 5.0 0.0 10.0 16.0 0.0 0.0 0.0 -2.0 0.0 0.0 27.0 102.0 0.0 0.0 0.0 1.0 0.0 0.0 0.0 0.0 0.0 0.0 2.0 3.0 86.0 0.0 0.0 0.0 0.0 0.0 0.0 -40.0 -5.0 64.0 23.0 11.0 0.0 0.0 0.0 -8.0 -9.0 20.0 27.0 39.0 0.0 0.0 -2.0 6.0 0.0 0.0 0.0 0.0 0.0 0.0 0.0 9.0 
25_3_017_80
3.0 0.0 0.0 0.0 0.0 5.0 29.0 13.0 11.0 15.0 11.0 2.0 0.0 0.0 1.0 7.0 9.0 41.0 9.0 1.0 1.0 0.0 2.0 2.0 24.0 7.0 1.0 0.0 0.0 3.0 9.0 16.0 1.0 2.0 0.0 1.0 1.0 24.0 19.0 0.0 1.0 24.0 33.0 25.0 25.0 8.0 0.0 0.0 49.0 12.0 2.0 0.0 0.0 0.0 27.0 22.0 4.0 25.0 41.0 0.0 0.0 0.0 15.0 3.0 17.0 9.0 16.0 0.0 0.0 0.0 16.0 49.0 2.0 3.0 102.0 86.0 5.0 0.0 1.0 8.0 14.0 1.0 0.0 0.0 0.0 14.0 53.0 27.0 0.0 10.0 17.0 2.0 4.0 37.0 2.0 0.0 28.0 70.0 53.0 2.0 0.0 0.0 0.0 1.0 21.0 14.0 34.0 2.0 0.0 0.0 21.0 74.0 6.0 2.0 0.0 0.0 0.0 4.0 17.0 21.0 2.0 0.0 13.0 10.0 1.0 6.0 6.0 8.0 
25_3_017_81
0.0 0.0 0.0 0.0 0.0 0.0 0.0 4.0 0.0 0.0 0.0 0.0 0.0 0.0 1.0 2.0 -12.0 21.0 64.0 28.0 0.0 0.0 0.0 0.0 -2.0 46.0 12.0 5.0 0.0 0.0 0.0 -3.0 0.0 0.0 0.0 0.0 0.0 0.0 2.0 3.0 0.0 0.0 2.0 6.0 0.0 0.0 0.0 2.0 0.0 0.0 32.0 102.0 2.0 3.0 2.0 0.0 0.0 0.0 0.0 18.0 5.0 3.0 6.0 1.0 0.0 0.0 0.0 0.0 0.0 0.0 -1.0 6.0 0.0 0.0 6.0 17.0 0.0 0.0 0.0 2.0 0.0 -1.0 20.0 83.0 5.0 0.0 1.0 0.0 -1.0 9.0 5.0 15.0 2.0 0.0 0.0 -1.0 0.0 0.0 0.0 0.0 0.0 0.0 0.0 3.0 0.0 0.0 21.0 33.0 0.0 0.0 0.0 0.0 0.0 -3.0 37.0 25.0 0.0 0.0 3.0 2.0 0.0 0.0 0.0 4.0 6.0 8.0 2.0 0.0 
25_3_017_82
1.0 2.0 8.0 0.0 0.0 5.0 8.0 0.0 0.0 0.0 5.0 28.0 7.0 2.0 2.0 0.0 0.0 3.0 0.0 0.0 0.0 0.0 2.0 56.0 0.0 0.0 0.0 0.0 0.0 0.0 -4.0 46.0 0.0 0.0 0.0 0.0 0.0 3.0 23.0 14.0 0.0 0.0 3.0 90.0 33.0 20.0 24.0 5.0 0.0 0.0 0.0 0.0 0.0 3.0 47.0 74.0 0.0 0.0 0.0 2.0 8.0 2.0 -8.0 28.0 0.0 0.0 0.0 0.0 1.0 2.0 20.0 53.0 0.0 2.0 43.0 102.0 3.0 0.0 7.0 15.0 0.0 0.0 0.0 2.0 5.0 2.0 68.0 66.0 0.0 0.0 0.0 3.0 26.0 9.0 0.0 0.0 16.0 14.0 16.0 7.0 0.0 0.0 -2.0 6.0 0.0 6.0 75.0 12.0 0.0 0.0 16.0 62.0 0.0 0.0 2.0 2.0 1.0 0.0 17.0 46.0 0.0 1.0 2.0 2.0 3.0 0.0 0.0 0.0 
25_3_017_83
0.0 0.0 0.0 2.0 1.0 4.0 19.0 1.0 0.0 0.0 5.0 47.0 8.0 5.0 2.0 0.0 0.0 0.0 11.0 37.0 0.0 0.0 17.0 21.0 0.0 0.0 19.0 15.0 2.0 0.0 13.0 1.0 0.0 1.0 0.0 0.0 0.0 2.0 1.0 28.0 0.0 0.0 13.0 102.0 7.0 0.0 0.0 0.0 1.0 9.0 3.0 20.0 3.0 4.0 14.0 27.0 0.0 0.0 65.0 24.0 0.0 0.0 4.0 2.0 20.0 6.0 3.0 1.0 0.0 0.0 -5.0 6.0 0.0 7.0 32.0 42.0 7.0 0.0 0.0 0.0 0.0 2.0 25.0 39.0 9.0 4.0 0.0 0.0 0.0 0.0 11.0 2.0 0.0 18.0 52.0 7.0 0.0 4.0 1.0 0.0 5.0 2.0 0.0 0.0 0.0 1.0 7.0 14.0 4.0 0.0 0.0 0.0 1.0 1.0 0.0 6.0 14.0 20.0 10.0 1.0 0.0 0.0 0.0 0.0 0.0 12.0 20.0 3.0 
25_3_017_84
0.0 0.0 0.0 0.0 1.0 5.0 23.0 0.0 8.0 4.0 7.0 29.0 12.0 0.0 0.0 -3.0 63.0 30.0 3.0 3.0 2.0 0.0 0.0 -29.0 96.0 0.0 0.0 0.0 0.0 0.0 -9.0 0.0 0.0 0.0 0.0 0.0 6.0 10.0 16.0 0.0 0.0 0.0 0.0 1.0 45.0 36.0 3.0 0.0 0.0 0.0 2.0 29.0 98.0 8.0 0.0 0.0 51.0 6.0 0.0 3.0 36.0 18.0 -3.0 -3.0 0.0 0.0 0.0 0.0 4.0 16.0 13.0 1.0 0.0 0.0 0.0 6.0 14.0 22.0 16.0 0.0 0.0 0.0 9.0 72.0 31.0 3.0 -5.0 13.0 0.0 0.0 0.0 0.0 36.0 64.0 -15.0 66.0 0.0 0.0 0.0 1.0 7.0 6.0 11.0 9.0 1.0 0.0 0.0 3.0 9.0 2.0 4.0 11.0 0.0 0.0 0.0 22.0 102.0 2.0 0.0 0.0 24.0 0.0 0.0 0.0 25.0 5.0 -31.0 69.0 
25_3_017_85
0.0 0.0 0.0 0.0 0.0 20.0 9.0 0.0 0.0 0.0 1.0 11.0 6.0 9.0 0.0 0.0 10.0 3.0 28.0 13.0 0.0 0.0 0.0 -1.0 15.0 0.0 0.0 0.0 0.0 0.0 -8.0 33.0 0.0 0.0 0.0 1.0 15.0 13.0 3.0 0.0 0.0 0.0 0.0 10.0 29.0 18.0 0.0 0.0 2.0 0.0 4.0 65.0 34.0 0.0 0.0 0.0 43.0 3.0 9.0 0.0 0.0 0.0 -32.0 67.0 0.0 0.0 0.0 7.0 8.0 6.0 5.0 0.0 0.0 0.0 29.0 48.0 6.0 9.0 0.0 0.0 2.0 1.0 32.0 38.0 28.0 2.0 1.0 2.0 4.0 0.0 0.0 31.0 27.0 1.0 -19.0 62.0 0.0 0.0 2.0 5.0 0.0 1.0 2.0 10.0 0.0 0.0 4.0 102.0 11.0 0.0 0.0 0.0 0.0 0.0 3.0 8.0 7.0 7.0 13.0 55.0 0.0 0.0 0.0 42.0 80.0 0.0 0.0 2.0 
25_3_017_86
1.0 8.0 12.0 9.0 2.0 4.0 0.0 15.0 19.0 10.0 0.0 0.0 0.0 9.0 3.0 22.0 0.0 0.0 0.0 84.0 2.0 0.0 0.0 0.0 0.0 0.0 0.0 0.0 0.0 0.0 0.0 0.0 3.0 4.0 4.0 17.0 3.0 2.0 3.0 19.0 3.0 5.0 4.0 0.0 5.0 5.0 10.0 41.0 0.0 0.0 4.0 102.0 1.0 0.0 0.0 0.0 0.0 3.0 4.0 0.0 0.0 0.0 0.0 0.0 12.0 29.0 8.0 0.0 0.0 0.0 0.0 0.0 14.0 59.0 2.0 0.0 0.0 0.0 0.0 1.0 0.0 14.0 75.0 9.0 0.0 0.0 0.0 0.0 0.0 27.0 77.0 0.0 0.0 0.0 0.0 0.0 0.0 0.0 0.0 0.0 0.0 0.0 0.0 0.0 0.0 0.0 38.0 5.0 0.0 0.0 0.0 0.0 0.0 4.0 80.0 3.0 0.0 1.0 3.0 0.0 0.0 0.0 6.0 0.0 0.0 7.0 29.0 0.0 
25_3_017_87
34.0 9.0 3.0 8.0 4.0 0.0 0.0 4.0 6.0 5.0 7.0 10.0 2.0 0.0 0.0 0.0 3.0 15.0 24.0 7.0 0.0 0.0 0.0 0.0 1.0 19.0 47.0 7.0 0.0 0.0 0.0 0.0 0.0 0.0 0.0 16.0 23.0 19.0 2.0 0.0 1.0 7.0 18.0 24.0 13.0 5.0 0.0 0.0 7.0 11.0 23.0 17.0 14.0 0.0 0.0 1.0 0.0 10.0 37.0 9.0 42.0 26.0 0.0 0.0 15.0 0.0 3.0 47.0 15.0 0.0 -1.0 7.0 0.0 2.0 45.0 73.0 0.0 0.0 0.0 0.0 21.0 1.0 0.0 0.0 0.0 1.0 0.0 49.0 0.0 0.0 0.0 0.0 25.0 32.0 5.0 0.0 1.0 2.0 1.0 69.0 32.0 0.0 0.0 0.0 0.0 0.0 20.0 56.0 16.0 5.0 0.0 0.0 5.0 2.0 1.0 0.0 0.0 0.0 -22.0 102.0 0.0 0.0 0.0 0.0 0.0 6.0 2.0 11.0 
25_3_017_88
0.0 0.0 2.0 0.0 1.0 4.0 4.0 1.0 0.0 0.0 19.0 33.0 10.0 0.0 0.0 0.0 4.0 4.0 11.0 6.0 0.0 0.0 1.0 25.0 18.0 2.0 2.0 0.0 0.0 0.0 -10.0 27.0 0.0 0.0 0.0 5.0 3.0 6.0 19.0 1.0 0.0 0.0 20.0 102.0 3.0 0.0 0.0 0.0 0.0 0.0 3.0 7.0 2.0 3.0 37.0 32.0 7.0 2.0 31.0 23.0 1.0 0.0 -3.0 9.0 0.0 1.0 2.0 14.0 7.0 1.0 0.0 18.0 0.0 0.0 10.0 99.0 7.0 0.0 0.0 0.0 3.0 7.0 50.0 10.0 0.0 0.0 14.0 26.0 0.0 1.0 24.0 15.0 0.0 0.0 21.0 25.0 10.0 9.0 14.0 1.0 0.0 0.0 -2.0 3.0 0.0 0.0 7.0 38.0 12.0 0.0 0.0 0.0 0.0 1.0 24.0 21.0 4.0 7.0 11.0 0.0 0.0 0.0 0.0 0.0 0.0 9.0 41.0 22.0 
25_3_017_89
1.0 0.0 0.0 4.0 5.0 0.0 0.0 1.0 1.0 0.0 0.0 24.0 11.0 0.0 0.0 0.0 0.0 0.0 0.0 54.0 19.0 0.0 0.0 0.0 0.0 0.0 0.0 1.0 2.0 0.0 0.0 0.0 0.0 0.0 0.0 10.0 13.0 0.0 0.0 0.0 0.0 4.0 7.0 14.0 0.0 0.0 0.0 0.0 0.0 0.0 1.0 102.0 7.0 0.0 0.0 0.0 0.0 1.0 2.0 1.0 0.0 0.0 0.0 0.0 0.0 0.0 0.0 20.0 7.0 0.0 0.0 0.0 0.0 1.0 4.0 28.0 2.0 0.0 0.0 0.0 0.0 0.0 18.0 88.0 0.0 0.0 0.0 0.0 0.0 1.0 1.0 1.0 0.0 0.0 0.0 0.0 0.0 0.0 13.0 9.0 0.0 0.0 0.0 0.0 0.0 0.0 16.0 31.0 0.0 0.0 0.0 0.0 0.0 0.0 17.0 48.0 0.0 0.0 0.0 0.0 0.0 0.0 0.0 1.0 0.0 0.0 0.0 0.0 
25_3_017_90
0.0 0.0 0.0 0.0 0.0 25.0 19.0 0.0 0.0 0.0 2.0 6.0 6.0 23.0 14.0 0.0 0.0 0.0 8.0 12.0 4.0 2.0 4.0 0.0 0.0 0.0 3.0 13.0 3.0 6.0 7.0 0.0 0.0 0.0 0.0 0.0 0.0 5.0 22.0 4.0 0.0 0.0 15.0 67.0 5.0 4.0 2.0 0.0 0.0 1.0 6.0 5.0 0.0 0.0 10.0 22.0 0.0 0.0 8.0 53.0 4.0 0.0 0.0 0.0 27.0 21.0 0.0 0.0 0.0 1.0 2.0 -9.0 0.0 12.0 21.0 70.0 0.0 0.0 0.0 0.0 7.0 0.0 0.0 0.0 0.0 0.0 -9.0 35.0 0.0 4.0 12.0 48.0 2.0 0.0 0.0 0.0 102.0 0.0 0.0 0.0 0.0 0.0 -4.0 -27.0 27.0 18.0 24.0 4.0 0.0 0.0 0.0 -10.0 39.0 3.0 1.0 0.0 0.0 0.0 -4.0 3.0 0.0 0.0 19.0 29.0 0.0 0.0 0.0 0.0 
25_3_017_91
0.0 0.0 0.0 8.0 34.0 2.0 0.0 0.0 18.0 5.0 0.0 15.0 13.0 1.0 0.0 2.0 0.0 0.0 16.0 69.0 1.0 0.0 0.0 0.0 0.0 0.0 1.0 2.0 0.0 0.0 0.0 0.0 0.0 0.0 11.0 25.0 1.0 2.0 0.0 0.0 0.0 0.0 4.0 35.0 8.0 6.0 0.0 1.0 0.0 0.0 10.0 97.0 1.0 0.0 0.0 0.0 0.0 0.0 2.0 0.0 0.0 0.0 0.0 0.0 0.0 0.0 24.0 25.0 0.0 0.0 0.0 0.0 2.0 0.0 12.0 19.0 0.0 0.0 0.0 2.0 0.0 0.0 7.0 102.0 0.0 0.0 0.0 0.0 0.0 0.0 0.0 0.0 0.0 0.0 0.0 0.0 0.0 0.0 16.0 13.0 1.0 0.0 0.0 0.0 0.0 0.0 0.0 12.0 6.0 5.0 3.0 0.0 0.0 0.0 6.0 79.0 0.0 0.0 0.0 0.0 0.0 0.0 0.0 2.0 0.0 0.0 0.0 0.0 
25_3_017_92
0.0 0.0 0.0 1.0 6.0 16.0 12.0 0.0 0.0 0.0 1.0 8.0 12.0 11.0 0.0 0.0 35.0 0.0 0.0 0.0 1.0 1.0 4.0 27.0 5.0 0.0 9.0 9.0 1.0 3.0 19.0 9.0 0.0 0.0 2.0 10.0 3.0 1.0 2.0 0.0 0.0 0.0 6.0 3.0 0.0 12.0 41.0 17.0 3.0 -3.0 18.0 36.0 32.0 9.0 -4.0 22.0 0.0 0.0 0.0 0.0 0.0 0.0 64.0 102.0 0.0 -8.0 34.0 8.0 2.0 1.0 0.0 0.0 0.0 0.0 8.0 2.0 0.0 0.0 40.0 65.0 0.0 0.0 14.0 94.0 8.0 1.0 52.0 24.0 0.0 0.0 0.0 0.0 0.0 0.0 91.0 82.0 0.0 -7.0 29.0 1.0 0.0 0.0 5.0 12.0 -17.0 42.0 7.0 0.0 2.0 8.0 6.0 34.0 -1.0 0.0 8.0 0.0 0.0 6.0 59.0 38.0 0.0 0.0 0.0 0.0 0.0 1.0 50.0 34.0 
25_3_017_93
0.0 0.0 9.0 10.0 0.0 1.0 9.0 0.0 15.0 16.0 8.0 1.0 24.0 9.0 0.0 0.0 4.0 2.0 0.0 0.0 92.0 38.0 0.0 0.0 0.0 0.0 0.0 0.0 39.0 15.0 0.0 0.0 14.0 4.0 0.0 7.0 14.0 0.0 0.0 0.0 3.0 9.0 14.0 45.0 24.0 1.0 0.0 0.0 43.0 19.0 0.0 0.0 0.0 0.0 1.0 23.0 14.0 10.0 0.0 0.0 52.0 22.0 0.0 0.0 102.0 42.0 0.0 0.0 0.0 0.0 0.0 0.0 44.0 24.0 3.0 30.0 25.0 13.0 1.0 2.0 0.0 1.0 9.0 36.0 17.0 17.0 43.0 6.0 40.0 18.0 0.0 0.0 5.0 0.0 0.0 2.0 2.0 0.0 0.0 0.0 0.0 0.0 0.0 0.0 65.0 24.0 0.0 0.0 0.0 0.0 0.0 0.0 80.0 37.0 0.0 9.0 8.0 0.0 0.0 0.0 11.0 2.0 0.0 2.0 17.0 31.0 4.0 1.0 
25_3_017_94
0.0 0.0 0.0 0.0 0.0 0.0 12.0 48.0 1.0 21.0 12.0 2.0 1.0 2.0 9.0 25.0 11.0 7.0 17.0 3.0 3.0 7.0 7.0 11.0 0.0 0.0 15.0 59.0 0.0 0.0 5.0 19.0 0.0 0.0 0.0 0.0 0.0 0.0 21.0 81.0 0.0 7.0 19.0 58.0 11.0 20.0 18.0 6.0 47.0 13.0 0.0 8.0 24.0 23.0 13.0 62.0 0.0 0.0 20.0 93.0 0.0 0.0 1.0 5.0 11.0 4.0 0.0 0.0 0.0 0.0 17.0 77.0 21.0 16.0 23.0 47.0 2.0 1.0 19.0 0.0 0.0 11.0 17.0 3.0 4.0 18.0 34.0 62.0 0.0 0.0 26.0 102.0 0.0 0.0 0.0 1.0 15.0 14.0 0.0 0.0 0.0 0.0 0.0 0.0 25.0 34.0 5.0 0.0 0.0 0.0 0.0 0.0 30.0 67.0 0.0 0.0 0.0 0.0 0.0 0.0 0.0 16.0 40.0 16.0 0.0 0.0 0.0 0.0 
25_3_017_95
0.0 0.0 0.0 0.0 0.0 10.0 19.0 2.0 0.0 0.0 0.0 0.0 0.0 88.0 11.0 0.0 0.0 0.0 0.0 0.0 0.0 91.0 12.0 0.0 0.0 0.0 0.0 0.0 0.0 63.0 10.0 0.0 21.0 2.0 0.0 0.0 0.0 0.0 7.0 42.0 6.0 48.0 16.0 0.0 7.0 4.0 14.0 16.0 18.0 52.0 15.0 28.0 18.0 1.0 0.0 17.0 20.0 7.0 2.0 0.0 5.0 1.0 3.0 17.0 3.0 0.0 0.0 0.0 0.0 0.0 6.0 70.0 19.0 6.0 1.0 14.0 21.0 55.0 8.0 7.0 0.0 4.0 16.0 20.0 1.0 71.0 38.0 12.0 1.0 2.0 0.0 7.0 10.0 24.0 13.0 8.0 33.0 1.0 0.0 0.0 0.0 0.0 0.0 25.0 15.0 84.0 7.0 0.0 0.0 2.0 0.0 9.0 0.0 102.0 17.0 0.0 0.0 0.0 0.0 0.0 0.0 82.0 13.0 0.0 0.0 0.0 0.0 0.0 
25_3_017_96
0.0 0.0 0.0 0.0 0.0 61.0 41.0 0.0 0.0 1.0 0.0 0.0 0.0 102.0 68.0 0.0 0.0 11.0 12.0 29.0 50.0 68.0 22.0 0.0 0.0 0.0 0.0 18.0 23.0 3.0 0.0 0.0 8.0 31.0 27.0 14.0 0.0 30.0 20.0 0.0 11.0 68.0 80.0 12.0 0.0 9.0 15.0 18.0 41.0 49.0 13.0 18.0 26.0 9.0 0.0 10.0 0.0 0.0 4.0 69.0 17.0 0.0 0.0 0.0 2.0 11.0 4.0 18.0 19.0 22.0 0.0 8.0 40.0 0.0 0.0 36.0 39.0 36.0 30.0 42.0 0.0 16.0 26.0 23.0 6.0 55.0 39.0 5.0 0.0 7.0 31.0 45.0 35.0 15.0 3.0 0.0 4.0 45.0 34.0 0.0 6.0 6.0 0.0 2.0 0.0 81.0 51.0 0.0 1.0 8.0 5.0 0.0 0.0 85.0 49.0 0.0 0.0 0.0 0.0 0.0 1.0 16.0 14.0 0.0 0.0 0.0 0.0 0.0 
25_3_017_97
0.0 0.0 0.0 0.0 0.0 0.0 16.0 0.0 0.0 1.0 0.0 0.0 0.0 0.0 0.0 0.0 1.0 0.0 0.0 0.0 0.0 0.0 0.0 1.0 1.0 0.0 0.0 0.0 0.0 0.0 0.0 0.0 0.0 0.0 0.0 3.0 20.0 60.0 0.0 0.0 0.0 0.0 0.0 5.0 12.0 49.0 15.0 0.0 0.0 0.0 0.0 10.0 27.0 15.0 0.0 0.0 0.0 1.0 0.0 0.0 0.0 0.0 0.0 0.0 5.0 12.0 20.0 41.0 1.0 6.0 18.0 2.0 6.0 0.0 7.0 7.0 15.0 10.0 5.0 61.0 0.0 0.0 14.0 102.0 7.0 0.0 0.0 0.0 1.0 0.0 0.0 0.0 0.0 0.0 0.0 0.0 46.0 0.0 2.0 32.0 22.0 10.0 -7.0 -3.0 0.0 12.0 10.0 0.0 0.0 8.0 -1.0 62.0 0.0 0.0 10.0 83.0 0.0 0.0 0.0 0.0 2.0 0.0 0.0 0.0 0.0 0.0 0.0 0.0 
25_3_017_98
0.0 1.0 0.0 0.0 0.0 0.0 0.0 0.0 0.0 0.0 4.0 73.0 4.0 0.0 0.0 0.0 5.0 2.0 1.0 0.0 0.0 5.0 1.0 8.0 0.0 0.0 13.0 24.0 2.0 1.0 0.0 0.0 0.0 0.0 0.0 0.0 0.0 0.0 0.0 0.0 0.0 0.0 9.0 102.0 3.0 0.0 0.0 0.0 6.0 3.0 11.0 8.0 0.0 0.0 -1.0 14.0 1.0 3.0 36.0 19.0 0.0 0.0 0.0 0.0 0.0 1.0 0.0 0.0 0.0 0.0 0.0 0.0 0.0 0.0 2.0 78.0 28.0 0.0 0.0 0.0 0.0 1.0 16.0 8.0 29.0 10.0 0.0 1.0 0.0 1.0 13.0 19.0 2.0 0.0 0.0 0.0 0.0 0.0 0.0 0.0 0.0 0.0 0.0 0.0 0.0 0.0 0.0 2.0 19.0 1.0 0.0 0.0 0.0 0.0 0.0 9.0 46.0 35.0 0.0 0.0 1.0 0.0 2.0 44.0 36.0 0.0 0.0 2.0 
25_3_017_99
0.0 0.0 6.0 1.0 0.0 0.0 0.0 0.0 0.0 0.0 52.0 19.0 0.0 0.0 0.0 0.0 1.0 4.0 3.0 0.0 0.0 0.0 4.0 9.0 0.0 2.0 24.0 4.0 0.0 0.0 0.0 0.0 0.0 0.0 8.0 27.0 2.0 0.0 0.0 0.0 1.0 1.0 15.0 32.0 8.0 0.0 1.0 1.0 0.0 19.0 32.0 1.0 0.0 0.0 0.0 0.0 2.0 9.0 9.0 0.0 0.0 0.0 1.0 8.0 0.0 0.0 0.0 5.0 7.0 0.0 0.0 0.0 0.0 0.0 7.0 56.0 50.0 4.0 0.0 0.0 1.0 7.0 18.0 15.0 0.0 0.0 0.0 3.0 0.0 0.0 0.0 0.0 0.0 0.0 28.0 14.0 0.0 0.0 0.0 0.0 0.0 0.0 0.0 0.0 0.0 0.0 7.0 102.0 0.0 0.0 0.0 0.0 0.0 0.0 1.0 5.0 0.0 0.0 18.0 13.0 0.0 0.0 0.0 0.0 0.0 0.0 14.0 10.0 
25_3_017_100
37.0 0.0 0.0 0.0 0.0 0.0 -2.0 -2.0 9.0 10.0 0.0 0.0 0.0 0.0 0.0 -2.0 -7.0 39.0 0.0 0.0 0.0 0.0 0.0 -2.0 -36.0 100.0 0.0 0.0 0.0 0.0 0.0 0.0 3.0 0.0 0.0 0.0 0.0 4.0 8.0 39.0 -5.0 38.0 10.0 8.0 3.0 2.0 -1.0 2.0 -23.0 102.0 0.0 0.0 0.0 0.0 0.0 -5.0 -4.0 7.0 22.0 4.0 5.0 0.0 0.0 0.0 3.0 0.0 0.0 0.0 0.0 0.0 -6.0 42.0 1.0 2.0 6.0 72.0 1.0 0.0 0.0 0.0 -3.0 16.0 14.0 3.0 0.0 0.0 0.0 -1.0 35.0 12.0 1.0 2.0 0.0 0.0 0.0 -14.0 0.0 0.0 0.0 0.0 0.0 0.0 -2.0 21.0 0.0 1.0 6.0 35.0 5.0 0.0 0.0 0.0 0.0 0.0 0.0 2.0 19.0 12.0 4.0 0.0 0.0 0.0 0.0 1.0 14.0 20.0 1.0 0.0 
25_3_017_101
0.0 0.0 0.0 9.0 11.0 0.0 0.0 0.0 0.0 2.0 7.0 8.0 0.0 0.0 0.0 0.0 0.0 0.0 2.0 83.0 6.0 0.0 0.0 0.0 0.0 0.0 3.0 0.0 0.0 0.0 0.0 0.0 0.0 0.0 0.0 18.0 10.0 0.0 0.0 0.0 0.0 0.0 1.0 23.0 6.0 0.0 0.0 0.0 0.0 0.0 10.0 102.0 0.0 0.0 0.0 0.0 0.0 0.0 2.0 3.0 0.0 0.0 0.0 0.0 0.0 0.0 15.0 11.0 0.0 0.0 0.0 0.0 0.0 0.0 15.0 35.0 0.0 0.0 0.0 0.0 0.0 0.0 22.0 81.0 0.0 0.0 0.0 0.0 0.0 0.0 0.0 2.0 1.0 0.0 0.0 0.0 0.0 3.0 26.0 1.0 0.0 0.0 0.0 0.0 0.0 0.0 17.0 29.0 0.0 0.0 0.0 0.0 0.0 0.0 19.0 38.0 0.0 0.0 0.0 0.0 0.0 0.0 0.0 0.0 0.0 0.0 0.0 0.0 
25_3_017_102
1.0 0.0 0.0 0.0 0.0 0.0 1.0 0.0 0.0 0.0 0.0 0.0 0.0 20.0 37.0 0.0 0.0 0.0 0.0 1.0 1.0 47.0 102.0 4.0 9.0 1.0 0.0 11.0 9.0 18.0 19.0 4.0 0.0 0.0 0.0 0.0 0.0 36.0 79.0 0.0 0.0 0.0 0.0 0.0 2.0 34.0 64.0 29.0 10.0 0.0 6.0 18.0 12.0 1.0 -10.0 45.0 0.0 1.0 9.0 11.0 7.0 22.0 20.0 0.0 3.0 0.0 0.0 5.0 12.0 5.0 5.0 8.0 2.0 0.0 0.0 0.0 0.0 0.0 16.0 45.0 3.0 0.0 3.0 31.0 18.0 17.0 18.0 25.0 1.0 15.0 27.0 0.0 0.0 11.0 12.0 7.0 2.0 0.0 4.0 3.0 4.0 12.0 0.0 32.0 1.0 9.0 16.0 0.0 0.0 14.0 31.0 1.0 0.0 46.0 88.0 0.0 2.0 1.0 0.0 0.0 0.0 45.0 81.0 0.0 0.0 0.0 0.0 0.0 
25_3_017_103
0.0 0.0 0.0 0.0 0.0 29.0 89.0 0.0 0.0 1.0 1.0 0.0 0.0 30.0 101.0 1.0 0.0 15.0 35.0 4.0 1.0 3.0 8.0 0.0 5.0 5.0 3.0 21.0 5.0 2.0 4.0 4.0 0.0 3.0 6.0 10.0 0.0 16.0 45.0 0.0 18.0 24.0 22.0 18.0 5.0 0.0 1.0 30.0 0.0 0.0 15.0 40.0 14.0 0.0 0.0 0.0 11.0 7.0 19.0 5.0 4.0 1.0 0.0 1.0 8.0 18.0 26.0 3.0 0.0 0.0 4.0 6.0 13.0 0.0 0.0 14.0 31.0 1.0 3.0 22.0 2.0 33.0 77.0 21.0 3.0 0.0 0.0 0.0 0.0 21.0 81.0 0.0 0.0 0.0 0.0 0.0 8.0 10.0 8.0 1.0 10.0 4.0 2.0 10.0 2.0 37.0 102.0 7.0 0.0 0.0 0.0 3.0 0.0 15.0 56.0 0.0 0.0 0.0 0.0 0.0 0.0 0.0 0.0 0.0 1.0 0.0 0.0 0.0 
25_3_017_104
0.0 14.0 70.0 39.0 0.0 0.0 0.0 0.0 1.0 18.0 21.0 37.0 0.0 0.0 0.0 3.0 0.0 0.0 4.0 21.0 0.0 0.0 11.0 22.0 0.0 0.0 0.0 0.0 0.0 1.0 19.0 8.0 2.0 4.0 31.0 54.0 0.0 0.0 3.0 19.0 0.0 0.0 7.0 89.0 8.0 8.0 41.0 14.0 0.0 0.0 0.0 11.0 2.0 0.0 15.0 39.0 10.0 5.0 0.0 0.0 0.0 0.0 14.0 17.0 19.0 4.0 33.0 65.0 0.0 0.0 1.0 71.0 11.0 0.0 29.0 102.0 0.0 0.0 0.0 46.0 6.0 2.0 0.0 1.0 0.0 0.0 2.0 28.0 6.0 11.0 5.0 0.0 0.0 0.0 21.0 11.0 5.0 0.0 0.0 36.0 18.0 1.0 5.0 12.0 22.0 32.0 19.0 8.0 0.0 0.0 0.0 4.0 5.0 2.0 2.0 0.0 0.0 0.0 1.0 9.0 35.0 11.0 5.0 0.0 0.0 0.0 4.0 22.0 
25_3_017_105
0.0 0.0 98.0 41.0 0.0 0.0 0.0 0.0 0.0 2.0 25.0 68.0 3.0 0.0 0.0 0.0 0.0 0.0 3.0 25.0 0.0 0.0 18.0 10.0 1.0 0.0 0.0 0.0 0.0 0.0 12.0 23.0 0.0 28.0 72.0 22.0 0.0 0.0 0.0 0.0 6.0 11.0 32.0 69.0 0.0 0.0 6.0 3.0 0.0 0.0 0.0 7.0 0.0 0.0 24.0 29.0 0.0 0.0 0.0 0.0 0.0 2.0 30.0 13.0 7.0 6.0 18.0 24.0 0.0 0.0 23.0 38.0 0.0 0.0 15.0 102.0 14.0 8.0 16.0 0.0 1.0 0.0 0.0 0.0 0.0 0.0 22.0 42.0 12.0 9.0 0.0 0.0 0.0 0.0 15.0 16.0 19.0 2.0 16.0 22.0 0.0 0.0 2.0 94.0 0.0 2.0 27.0 77.0 0.0 0.0 0.0 1.0 4.0 4.0 3.0 0.0 0.0 0.0 1.0 21.0 7.0 7.0 2.0 0.0 0.0 0.0 36.0 14.0 
25_3_017_106
0.0 2.0 0.0 0.0 0.0 0.0 0.0 0.0 0.0 0.0 5.0 63.0 1.0 0.0 0.0 0.0 0.0 0.0 0.0 24.0 16.0 1.0 0.0 3.0 5.0 8.0 4.0 0.0 1.0 0.0 0.0 1.0 0.0 1.0 0.0 0.0 0.0 0.0 0.0 0.0 0.0 0.0 18.0 91.0 0.0 0.0 0.0 0.0 3.0 3.0 5.0 3.0 2.0 8.0 2.0 7.0 0.0 0.0 15.0 13.0 10.0 6.0 0.0 0.0 0.0 0.0 0.0 0.0 0.0 0.0 0.0 0.0 0.0 0.0 27.0 102.0 0.0 0.0 0.0 0.0 6.0 3.0 9.0 0.0 0.0 0.0 0.0 19.0 1.0 2.0 40.0 19.0 0.0 0.0 0.0 0.0 0.0 0.0 1.0 2.0 0.0 0.0 0.0 0.0 0.0 0.0 10.0 74.0 14.0 0.0 0.0 0.0 2.0 3.0 25.0 5.0 4.0 0.0 0.0 3.0 3.0 2.0 13.0 13.0 0.0 0.0 0.0 3.0 
25_3_017_107
0.0 2.0 4.0 1.0 0.0 0.0 0.0 0.0 0.0 0.0 0.0 84.0 5.0 0.0 0.0 0.0 0.0 0.0 0.0 11.0 2.0 0.0 0.0 0.0 0.0 0.0 0.0 1.0 0.0 0.0 0.0 0.0 0.0 0.0 0.0 1.0 0.0 0.0 0.0 3.0 0.0 0.0 3.0 102.0 5.0 0.0 0.0 0.0 0.0 0.0 3.0 16.0 2.0 0.0 0.0 0.0 0.0 0.0 1.0 2.0 0.0 0.0 0.0 0.0 1.0 1.0 3.0 2.0 0.0 0.0 0.0 0.0 0.0 0.0 35.0 79.0 0.0 0.0 0.0 0.0 0.0 0.0 4.0 11.0 0.0 0.0 0.0 0.0 0.0 0.0 0.0 1.0 0.0 0.0 0.0 0.0 1.0 3.0 11.0 6.0 0.0 0.0 0.0 0.0 0.0 0.0 37.0 41.0 0.0 0.0 0.0 0.0 0.0 0.0 1.0 2.0 0.0 0.0 0.0 0.0 0.0 0.0 1.0 2.0 0.0 0.0 0.0 0.0 
25_3_017_108
0.0 0.0 0.0 0.0 0.0 0.0 0.0 0.0 0.0 0.0 15.0 39.0 0.0 0.0 0.0 0.0 0.0 0.0 14.0 35.0 0.0 0.0 0.0 0.0 0.0 0.0 0.0 0.0 0.0 0.0 0.0 0.0 0.0 0.0 0.0 0.0 0.0 0.0 0.0 0.0 0.0 0.0 20.0 80.0 0.0 0.0 0.0 0.0 0.0 0.0 5.0 20.0 0.0 0.0 0.0 0.0 0.0 0.0 0.0 0.0 0.0 0.0 0.0 0.0 0.0 0.0 0.0 0.0 0.0 0.0 0.0 0.0 0.0 0.0 7.0 102.0 0.0 0.0 0.0 0.0 0.0 0.0 0.0 12.0 0.0 0.0 0.0 0.0 0.0 0.0 0.0 0.0 0.0 0.0 0.0 0.0 0.0 0.0 0.0 0.0 0.0 0.0 0.0 0.0 0.0 0.0 0.0 80.0 6.0 0.0 0.0 0.0 0.0 0.0 0.0 9.0 1.0 0.0 0.0 0.0 0.0 0.0 0.0 0.0 0.0 0.0 0.0 0.0 
25_3_017_109
0.0 0.0 0.0 0.0 0.0 0.0 0.0 0.0 0.0 0.0 1.0 2.0 0.0 0.0 0.0 0.0 0.0 0.0 31.0 66.0 0.0 0.0 0.0 0.0 0.0 0.0 0.0 0.0 0.0 0.0 4.0 14.0 0.0 0.0 0.0 0.0 0.0 0.0 0.0 0.0 0.0 0.0 1.0 8.0 0.0 0.0 0.0 0.0 0.0 0.0 14.0 97.0 0.0 0.0 0.0 0.0 0.0 0.0 0.0 0.0 0.0 0.0 9.0 23.0 0.0 0.0 0.0 0.0 15.0 7.0 0.0 0.0 0.0 0.0 0.0 14.0 1.0 0.0 0.0 0.0 0.0 0.0 1.0 102.0 8.0 0.0 0.0 0.0 5.0 0.0 0.0 0.0 0.0 0.0 5.0 32.0 10.0 1.0 3.0 7.0 45.0 14.0 0.0 0.0 0.0 0.0 3.0 17.0 11.0 0.0 0.0 0.0 0.0 0.0 0.0 72.0 16.0 0.0 0.0 0.0 3.0 0.0 0.0 0.0 0.0 0.0 0.0 26.0 
25_3_017_110
0.0 0.0 0.0 0.0 0.0 0.0 0.0 3.0 -1.0 4.0 19.0 7.0 0.0 0.0 0.0 0.0 0.0 0.0 54.0 34.0 1.0 0.0 0.0 0.0 0.0 0.0 0.0 10.0 3.0 1.0 3.0 2.0 0.0 0.0 0.0 0.0 0.0 0.0 -1.0 6.0 0.0 0.0 27.0 74.0 0.0 0.0 0.0 0.0 0.0 0.0 13.0 13.0 1.0 1.0 0.0 1.0 0.0 0.0 7.0 3.0 6.0 2.0 2.0 0.0 0.0 0.0 0.0 0.0 0.0 0.0 -1.0 4.0 0.0 0.0 5.0 102.0 3.0 0.0 0.0 0.0 0.0 0.0 18.0 11.0 2.0 0.0 0.0 1.0 -2.0 5.0 28.0 1.0 0.0 0.0 0.0 0.0 1.0 0.0 0.0 0.0 0.0 0.0 0.0 2.0 0.0 0.0 22.0 74.0 0.0 0.0 0.0 0.0 -2.0 5.0 31.0 7.0 0.0 0.0 0.0 0.0 -1.0 5.0 0.0 0.0 0.0 0.0 0.0 0.0 
25_3_017_111
0.0 0.0 0.0 0.0 0.0 0.0 0.0 0.0 0.0 0.0 0.0 4.0 0.0 0.0 0.0 0.0 0.0 0.0 4.0 91.0 0.0 0.0 0.0 0.0 0.0 0.0 0.0 0.0 0.0 0.0 2.0 31.0 0.0 0.0 0.0 0.0 0.0 0.0 0.0 0.0 0.0 0.0 1.0 7.0 0.0 0.0 0.0 0.0 0.0 0.0 17.0 102.0 0.0 0.0 0.0 0.0 2.0 0.0 0.0 0.0 0.0 0.0 1.0 46.0 0.0 0.0 0.0 0.0 0.0 0.0 0.0 0.0 0.0 0.0 4.0 16.0 0.0 0.0 0.0 0.0 1.0 0.0 20.0 97.0 0.0 0.0 0.0 0.0 14.0 0.0 0.0 0.0 0.0 0.0 0.0 38.0 0.0 0.0 0.0 0.0 0.0 0.0 0.0 0.0 0.0 0.0 3.0 27.0 0.0 0.0 0.0 0.0 0.0 0.0 7.0 77.0 0.0 0.0 0.0 0.0 2.0 0.0 0.0 0.0 0.0 0.0 0.0 36.0 
25_3_017_112
0.0 0.0 0.0 0.0 0.0 0.0 0.0 0.0 0.0 0.0 11.0 57.0 0.0 0.0 0.0 0.0 0.0 0.0 6.0 25.0 0.0 0.0 0.0 0.0 0.0 0.0 0.0 0.0 0.0 0.0 0.0 0.0 0.0 0.0 0.0 0.0 0.0 0.0 0.0 0.0 0.0 0.0 13.0 95.0 0.0 0.0 0.0 0.0 0.0 0.0 2.0 19.0 0.0 0.0 0.0 0.0 0.0 0.0 0.0 0.0 0.0 0.0 0.0 0.0 0.0 0.0 0.0 0.0 0.0 0.0 0.0 0.0 0.0 0.0 2.0 102.0 1.0 0.0 0.0 0.0 0.0 0.0 1.0 14.0 0.0 0.0 0.0 0.0 0.0 0.0 0.0 0.0 0.0 0.0 0.0 0.0 0.0 0.0 0.0 0.0 0.0 0.0 0.0 0.0 0.0 0.0 0.0 75.0 7.0 0.0 0.0 0.0 0.0 0.0 0.0 13.0 2.0 0.0 0.0 0.0 0.0 0.0 0.0 0.0 0.0 0.0 0.0 0.0 
25_3_017_113
0.0 0.0 0.0 0.0 0.0 12.0 10.0 9.0 -8.0 22.0 17.0 39.0 8.0 1.0 0.0 0.0 19.0 48.0 0.0 0.0 0.0 0.0 0.0 -12.0 -3.0 20.0 7.0 3.0 3.0 0.0 0.0 -1.0 10.0 0.0 0.0 0.0 0.0 0.0 -13.0 33.0 -1.0 1.0 25.0 102.0 0.0 0.0 0.0 0.0 3.0 9.0 13.0 8.0 0.0 0.0 0.0 1.0 19.0 28.0 9.0 3.0 0.0 0.0 0.0 -13.0 3.0 2.0 0.0 0.0 0.0 0.0 -3.0 19.0 0.0 -2.0 17.0 68.0 13.0 0.0 0.0 0.0 0.0 0.0 0.0 1.0 18.0 28.0 15.0 0.0 0.0 0.0 0.0 6.0 38.0 18.0 0.0 0.0 -1.0 4.0 1.0 0.0 0.0 0.0 1.0 2.0 0.0 0.0 2.0 32.0 12.0 0.0 0.0 0.0 0.0 0.0 0.0 5.0 8.0 1.0 1.0 17.0 0.0 0.0 0.0 3.0 11.0 10.0 9.0 1.0 
25_3_017_114
0.0 0.0 6.0 13.0 1.0 0.0 0.0 0.0 0.0 0.0 1.0 26.0 2.0 0.0 0.0 0.0 0.0 0.0 9.0 73.0 1.0 0.0 0.0 0.0 0.0 0.0 5.0 6.0 0.0 0.0 0.0 0.0 0.0 0.0 3.0 13.0 1.0 0.0 0.0 0.0 0.0 0.0 0.0 27.0 8.0 0.0 0.0 0.0 0.0 0.0 18.0 102.0 0.0 0.0 0.0 0.0 0.0 0.0 6.0 2.0 1.0 1.0 2.0 0.0 0.0 0.0 1.0 8.0 0.0 0.0 0.0 0.0 0.0 0.0 1.0 25.0 5.0 5.0 1.0 0.0 0.0 0.0 3.0 50.0 40.0 93.0 0.0 0.0 0.0 0.0 0.0 0.0 28.0 81.0 2.0 0.0 0.0 0.0 0.0 7.0 2.0 0.0 0.0 0.0 0.0 0.0 0.0 0.0 0.0 3.0 59.0 24.0 0.0 0.0 0.0 0.0 1.0 96.0 35.0 3.0 0.0 0.0 0.0 0.0 54.0 78.0 0.0 0.0 
25_3_017_115
0.0 0.0 0.0 14.0 15.0 0.0 0.0 0.0 0.0 0.0 0.0 13.0 5.0 0.0 1.0 2.0 0.0 0.0 0.0 70.0 10.0 0.0 0.0 0.0 0.0 0.0 1.0 3.0 0.0 0.0 0.0 0.0 0.0 0.0 4.0 19.0 6.0 0.0 0.0 0.0 0.0 0.0 2.0 22.0 3.0 0.0 0.0 0.0 0.0 0.0 1.0 102.0 2.0 0.0 0.0 0.0 0.0 0.0 1.0 2.0 1.0 0.0 0.0 0.0 0.0 1.0 24.0 9.0 0.0 0.0 0.0 0.0 0.0 1.0 12.0 20.0 0.0 0.0 0.0 0.0 0.0 0.0 14.0 86.0 0.0 0.0 0.0 0.0 0.0 0.0 1.0 1.0 0.0 0.0 0.0 0.0 0.0 0.0 18.0 6.0 0.0 0.0 0.0 0.0 1.0 0.0 2.0 11.0 3.0 0.0 3.0 10.0 0.0 0.0 0.0 72.0 7.0 0.0 0.0 0.0 0.0 0.0 0.0 0.0 0.0 0.0 0.0 0.0 
25_3_017_116
-3.0 30.0 0.0 0.0 1.0 2.0 0.0 17.0 12.0 27.0 24.0 16.0 12.0 0.0 0.0 -9.0 5.0 -5.0 30.0 20.0 0.0 0.0 -7.0 30.0 0.0 0.0 0.0 0.0 0.0 0.0 11.0 48.0 0.0 0.0 0.0 0.0 2.0 8.0 35.0 9.0 0.0 0.0 14.0 72.0 23.0 0.0 0.0 0.0 0.0 0.0 4.0 19.0 0.0 5.0 37.0 10.0 0.0 0.0 0.0 0.0 0.0 1.0 -1.0 63.0 -4.0 12.0 0.0 1.0 4.0 7.0 8.0 2.0 0.0 0.0 3.0 102.0 19.0 0.0 0.0 0.0 0.0 0.0 0.0 0.0 3.0 7.0 40.0 33.0 0.0 0.0 0.0 0.0 11.0 19.0 11.0 2.0 -1.0 27.0 18.0 6.0 0.0 0.0 0.0 0.0 2.0 4.0 0.0 30.0 12.0 0.0 0.0 8.0 0.0 0.0 0.0 0.0 0.0 3.0 37.0 20.0 0.0 0.0 0.0 2.0 3.0 0.0 3.0 4.0 
25_3_017_117
3.0 1.0 10.0 7.0 0.0 0.0 10.0 27.0 0.0 0.0 9.0 57.0 5.0 2.0 22.0 4.0 0.0 0.0 1.0 14.0 1.0 0.0 7.0 20.0 2.0 1.0 0.0 0.0 0.0 0.0 5.0 10.0 15.0 1.0 22.0 21.0 0.0 0.0 1.0 102.0 4.0 0.0 14.0 96.0 0.0 0.0 0.0 16.0 2.0 0.0 0.0 3.0 0.0 0.0 3.0 25.0 1.0 6.0 8.0 1.0 0.0 0.0 0.0 1.0 18.0 3.0 0.0 9.0 7.0 1.0 11.0 39.0 20.0 25.0 34.0 29.0 0.0 0.0 0.0 0.0 4.0 0.0 0.0 0.0 0.0 1.0 3.0 11.0 7.0 4.0 2.0 0.0 0.0 0.0 2.0 3.0 0.0 1.0 2.0 3.0 21.0 15.0 0.0 0.0 6.0 6.0 1.0 1.0 6.0 5.0 1.0 4.0 7.0 7.0 0.0 0.0 0.0 0.0 0.0 8.0 0.0 4.0 21.0 2.0 0.0 0.0 0.0 0.0 
25_3_017_118
1.0 6.0 0.0 0.0 0.0 0.0 0.0 0.0 -10.0 30.0 0.0 0.0 0.0 0.0 0.0 0.0 -42.0 102.0 0.0 0.0 0.0 0.0 0.0 0.0 -34.0 83.0 0.0 0.0 0.0 0.0 0.0 0.0 -12.0 55.0 12.0 1.0 0.0 0.0 0.0 -2.0 51.0 14.0 6.0 1.0 0.0 0.0 0.0 -20.0 -13.0 27.0 8.0 26.0 0.0 0.0 0.0 0.0 0.0 0.0 1.0 0.0 0.0 2.0 8.0 0.0 2.0 3.0 5.0 1.0 0.0 0.0 5.0 2.0 10.0 4.0 1.0 2.0 1.0 0.0 -2.0 1.0 -3.0 10.0 11.0 8.0 0.0 0.0 -1.0 2.0 0.0 0.0 0.0 0.0 0.0 0.0 2.0 8.0 0.0 0.0 0.0 0.0 0.0 2.0 4.0 0.0 0.0 0.0 5.0 10.0 2.0 0.0 0.0 0.0 0.0 0.0 4.0 3.0 0.0 0.0 3.0 2.0 0.0 0.0 0.0 0.0 0.0 0.0 6.0 7.0 
25_3_017_119
0.0 0.0 0.0 1.0 0.0 0.0 0.0 0.0 0.0 0.0 15.0 33.0 0.0 0.0 0.0 0.0 0.0 0.0 11.0 20.0 5.0 1.0 0.0 0.0 0.0 0.0 0.0 23.0 7.0 0.0 0.0 0.0 0.0 0.0 0.0 0.0 0.0 0.0 0.0 0.0 0.0 0.0 19.0 69.0 0.0 0.0 0.0 0.0 0.0 8.0 24.0 6.0 0.0 0.0 0.0 0.0 1.0 6.0 5.0 17.0 3.0 0.0 0.0 1.0 1.0 0.0 0.0 0.0 0.0 0.0 0.0 0.0 0.0 0.0 3.0 102.0 1.0 0.0 0.0 0.0 0.0 2.0 10.0 20.0 0.0 0.0 0.0 1.0 0.0 0.0 0.0 10.0 6.0 2.0 17.0 11.0 0.0 1.0 1.0 0.0 0.0 0.0 0.0 0.0 0.0 0.0 1.0 65.0 6.0 0.0 0.0 0.0 1.0 4.0 5.0 30.0 5.0 0.0 0.0 0.0 16.0 0.0 0.0 8.0 2.0 0.0 -1.0 28.0 
25_3_017_120
0.0 1.0 36.0 34.0 3.0 0.0 0.0 0.0 27.0 4.0 0.0 0.0 0.0 4.0 13.0 20.0 29.0 1.0 0.0 2.0 15.0 0.0 0.0 11.0 0.0 0.0 0.0 14.0 80.0 0.0 0.0 0.0 15.0 0.0 0.0 9.0 20.0 33.0 6.0 3.0 0.0 1.0 27.0 35.0 2.0 18.0 28.0 1.0 43.0 8.0 1.0 0.0 2.0 1.0 1.0 14.0 25.0 0.0 0.0 7.0 40.0 0.0 0.0 7.0 102.0 0.0 0.0 0.0 0.0 0.0 0.0 22.0 8.0 0.0 4.0 72.0 24.0 0.0 0.0 0.0 41.0 5.0 0.0 7.0 3.0 3.0 1.0 15.0 37.0 5.0 1.0 0.0 0.0 0.0 0.0 6.0 28.0 0.0 0.0 0.0 0.0 0.0 0.0 7.0 74.0 0.0 0.0 1.0 12.0 3.0 0.0 16.0 0.0 3.0 10.0 2.0 25.0 47.0 2.0 0.0 4.0 0.0 2.0 13.0 8.0 9.0 9.0 4.0 
25_3_017_121
8.0 3.0 2.0 3.0 1.0 1.0 3.0 8.0 1.0 1.0 1.0 17.0 15.0 0.0 0.0 0.0 0.0 2.0 3.0 49.0 21.0 0.0 0.0 1.0 13.0 18.0 1.0 0.0 0.0 0.0 -12.0 28.0 7.0 4.0 0.0 11.0 102.0 1.0 0.0 0.0 20.0 5.0 4.0 8.0 1.0 0.0 -20.0 42.0 0.0 0.0 2.0 75.0 23.0 0.0 0.0 0.0 0.0 0.0 0.0 9.0 23.0 4.0 -7.0 20.0 0.0 0.0 0.0 24.0 80.0 0.0 0.0 0.0 5.0 2.0 0.0 27.0 66.0 5.0 -12.0 29.0 0.0 0.0 11.0 30.0 9.0 19.0 10.0 0.0 0.0 0.0 12.0 14.0 52.0 32.0 0.0 0.0 0.0 0.0 0.0 3.0 6.0 0.0 0.0 0.0 0.0 0.0 0.0 4.0 90.0 26.0 0.0 0.0 0.0 0.0 0.0 0.0 8.0 67.0 59.0 0.0 0.0 0.0 0.0 0.0 57.0 44.0 14.0 0.0 
25_3_017_122
0.0 0.0 0.0 17.0 4.0 9.0 7.0 1.0 68.0 9.0 0.0 0.0 0.0 3.0 8.0 74.0 59.0 77.0 0.0 0.0 0.0 0.0 0.0 2.0 26.0 0.0 0.0 0.0 0.0 0.0 0.0 16.0 5.0 0.0 2.0 12.0 3.0 0.0 5.0 27.0 3.0 0.0 0.0 0.0 0.0 6.0 52.0 19.0 17.0 1.0 1.0 4.0 3.0 4.0 7.0 33.0 13.0 0.0 0.0 0.0 0.0 0.0 9.0 102.0 0.0 1.0 0.0 2.0 11.0 7.0 41.0 13.0 0.0 0.0 0.0 2.0 2.0 5.0 61.0 11.0 0.0 0.0 1.0 37.0 2.0 0.0 19.0 59.0 0.0 0.0 0.0 0.0 0.0 0.0 24.0 78.0 1.0 0.0 0.0 0.0 0.0 3.0 27.0 35.0 0.0 0.0 0.0 4.0 3.0 0.0 8.0 10.0 1.0 0.0 0.0 27.0 10.0 0.0 9.0 50.0 0.0 0.0 0.0 0.0 0.0 0.0 1.0 70.0 
25_3_017_123
0.0 0.0 1.0 4.0 2.0 1.0 0.0 0.0 2.0 0.0 1.0 4.0 4.0 1.0 1.0 2.0 0.0 1.0 26.0 79.0 1.0 2.0 0.0 0.0 36.0 7.0 0.0 0.0 0.0 0.0 0.0 8.0 0.0 0.0 0.0 4.0 6.0 0.0 0.0 0.0 1.0 4.0 17.0 26.0 3.0 0.0 0.0 0.0 0.0 11.0 34.0 94.0 2.0 0.0 0.0 0.0 22.0 1.0 3.0 5.0 0.0 0.0 0.0 53.0 0.0 0.0 0.0 0.0 4.0 9.0 0.0 0.0 0.0 0.0 0.0 28.0 52.0 3.0 0.0 0.0 0.0 0.0 1.0 48.0 56.0 0.0 0.0 0.0 14.0 0.0 0.0 10.0 21.0 1.0 0.0 33.0 0.0 0.0 0.0 0.0 0.0 9.0 1.0 0.0 0.0 0.0 0.0 0.0 12.0 18.0 3.0 0.0 0.0 0.0 0.0 24.0 102.0 5.0 0.0 0.0 1.0 0.0 0.0 30.0 23.0 1.0 0.0 1.0 
25_3_017_124
1.0 0.0 2.0 4.0 2.0 3.0 8.0 0.0 0.0 0.0 0.0 5.0 18.0 18.0 5.0 2.0 0.0 7.0 0.0 0.0 0.0 0.0 -11.0 57.0 0.0 0.0 0.0 0.0 0.0 0.0 38.0 52.0 1.0 -1.0 4.0 2.0 0.0 0.0 19.0 43.0 0.0 0.0 12.0 102.0 17.0 3.0 10.0 5.0 -2.0 5.0 3.0 0.0 0.0 0.0 40.0 77.0 0.0 0.0 0.0 0.0 0.0 0.0 41.0 75.0 0.0 0.0 0.0 0.0 0.0 0.0 22.0 58.0 -3.0 -1.0 32.0 73.0 11.0 5.0 2.0 0.0 0.0 0.0 0.0 0.0 0.0 0.0 56.0 70.0 0.0 0.0 0.0 0.0 0.0 0.0 34.0 55.0 1.0 10.0 5.0 2.0 0.0 0.0 2.0 33.0 -12.0 24.0 15.0 0.0 0.0 3.0 9.0 2.0 0.0 0.0 0.0 0.0 0.0 0.0 52.0 64.0 0.0 0.0 0.0 0.0 0.0 1.0 17.0 13.0 
25_3_017_125
28.0 0.0 0.0 0.0 66.0 12.0 0.0 6.0 16.0 0.0 0.0 0.0 53.0 21.0 4.0 27.0 102.0 0.0 0.0 0.0 0.0 0.0 0.0 39.0 41.0 0.0 0.0 0.0 0.0 0.0 0.0 25.0 87.0 0.0 0.0 0.0 1.0 0.0 0.0 16.0 16.0 0.0 10.0 64.0 23.0 0.0 0.0 0.0 16.0 0.0 0.0 0.0 0.0 0.0 18.0 37.0 72.0 0.0 0.0 0.0 0.0 0.0 2.0 85.0 14.0 2.0 0.0 10.0 22.0 0.0 0.0 1.0 74.0 4.0 0.0 11.0 6.0 1.0 0.0 10.0 8.0 1.0 0.0 0.0 0.0 4.0 37.0 16.0 38.0 1.0 0.0 0.0 0.0 0.0 3.0 64.0 0.0 0.0 1.0 9.0 18.0 0.0 0.0 0.0 30.0 0.0 0.0 4.0 11.0 0.0 0.0 4.0 57.0 2.0 0.0 0.0 0.0 0.0 0.0 11.0 9.0 3.0 2.0 0.0 0.0 0.0 16.0 51.0 
25_3_017_126
0.0 0.0 0.0 0.0 6.0 1.0 11.0 22.0 0.0 0.0 1.0 14.0 16.0 5.0 0.0 0.0 0.0 0.0 0.0 8.0 38.0 4.0 3.0 2.0 2.0 0.0 0.0 0.0 0.0 0.0 2.0 32.0 0.0 0.0 0.0 19.0 39.0 3.0 5.0 4.0 0.0 7.0 27.0 22.0 0.0 0.0 0.0 0.0 8.0 3.0 0.0 8.0 26.0 1.0 0.0 6.0 2.0 0.0 0.0 0.0 1.0 2.0 3.0 24.0 0.0 0.0 1.0 91.0 32.0 0.0 0.0 0.0 0.0 0.0 3.0 15.0 19.0 4.0 0.0 0.0 0.0 0.0 0.0 3.0 12.0 11.0 32.0 6.0 0.0 0.0 0.0 4.0 10.0 1.0 2.0 4.0 0.0 0.0 0.0 102.0 21.0 0.0 0.0 0.0 12.0 4.0 4.0 8.0 1.0 0.0 1.0 17.0 1.0 0.0 0.0 15.0 12.0 1.0 14.0 18.0 2.0 0.0 0.0 22.0 4.0 0.0 0.0 0.0 
25_3_017_127
0.0 0.0 5.0 102.0 13.0 6.0 1.0 0.0 -2.0 6.0 0.0 0.0 2.0 4.0 18.0 4.0 0.0 0.0 3.0 52.0 9.0 0.0 0.0 0.0 0.0 0.0 0.0 4.0 6.0 1.0 12.0 13.0 0.0 0.0 25.0 96.0 1.0 0.0 0.0 0.0 -16.0 39.0 27.0 6.0 0.0 0.0 0.0 0.0 15.0 6.0 2.0 26.0 7.0 0.0 -4.0 9.0 0.0 0.0 0.0 3.0 6.0 2.0 20.0 12.0 1.0 3.0 50.0 38.0 0.0 0.0 0.0 -1.0 0.0 0.0 2.0 11.0 15.0 14.0 2.0 2.0 0.0 0.0 0.0 18.0 12.0 11.0 16.0 4.0 0.0 0.0 0.0 0.0 5.0 1.0 11.0 11.0 -1.0 5.0 8.0 31.0 1.0 0.0 -2.0 15.0 0.0 0.0 0.0 3.0 1.0 7.0 26.0 26.0 0.0 0.0 9.0 34.0 7.0 0.0 0.0 0.0 0.0 0.0 0.0 0.0 0.0 1.0 3.0 6.0 
25_3_017_128
3.0 0.0 0.0 2.0 0.0 0.0 0.0 2.0 0.0 0.0 0.0 70.0 25.0 0.0 0.0 0.0 0.0 0.0 0.0 6.0 4.0 0.0 0.0 0.0 0.0 0.0 0.0 0.0 0.0 0.0 0.0 0.0 5.0 1.0 0.0 2.0 0.0 0.0 0.0 4.0 0.0 1.0 4.0 102.0 8.0 0.0 0.0 0.0 0.0 0.0 0.0 13.0 1.0 1.0 0.0 0.0 0.0 0.0 0.0 2.0 1.0 0.0 0.0 0.0 1.0 1.0 1.0 8.0 2.0 0.0 0.0 0.0 0.0 2.0 25.0 74.0 0.0 0.0 0.0 0.0 0.0 0.0 1.0 9.0 0.0 0.0 0.0 0.0 0.0 0.0 7.0 2.0 0.0 0.0 0.0 0.0 0.0 0.0 0.0 12.0 6.0 0.0 0.0 0.0 0.0 0.0 2.0 55.0 12.0 0.0 0.0 0.0 0.0 0.0 2.0 10.0 1.0 0.0 0.0 0.0 0.0 0.0 2.0 2.0 0.0 0.0 0.0 0.0 
25_3_017_129
0.0 0.0 4.0 7.0 0.0 0.0 0.0 0.0 3.0 1.0 4.0 0.0 0.0 0.0 -1.0 16.0 5.0 2.0 18.0 2.0 0.0 0.0 0.0 27.0 3.0 11.0 11.0 0.0 0.0 0.0 32.0 33.0 0.0 0.0 0.0 8.0 3.0 0.0 0.0 0.0 3.0 1.0 5.0 9.0 0.0 1.0 0.0 2.0 21.0 32.0 43.0 38.0 0.0 0.0 -7.0 17.0 19.0 99.0 67.0 0.0 0.0 0.0 4.0 0.0 0.0 3.0 18.0 4.0 0.0 0.0 0.0 0.0 0.0 23.0 45.0 0.0 0.0 2.0 1.0 0.0 0.0 1.0 11.0 26.0 23.0 43.0 19.0 0.0 0.0 0.0 0.0 0.0 0.0 62.0 102.0 0.0 0.0 0.0 0.0 17.0 15.0 5.0 0.0 0.0 0.0 0.0 0.0 0.0 1.0 37.0 32.0 0.0 2.0 0.0 0.0 0.0 0.0 25.0 43.0 1.0 6.0 7.0 0.0 0.0 0.0 5.0 21.0 3.0 
25_3_017_130
0.0 1.0 0.0 1.0 1.0 0.0 0.0 0.0 0.0 0.0 0.0 71.0 57.0 0.0 0.0 0.0 0.0 0.0 0.0 15.0 66.0 0.0 0.0 0.0 0.0 0.0 0.0 0.0 2.0 0.0 -7.0 19.0 0.0 0.0 0.0 2.0 5.0 1.0 0.0 0.0 0.0 0.0 28.0 102.0 0.0 0.0 0.0 0.0 0.0 0.0 7.0 25.0 26.0 2.0 0.0 1.0 0.0 0.0 0.0 1.0 54.0 4.0 -1.0 3.0 0.0 0.0 3.0 3.0 4.0 0.0 0.0 0.0 0.0 0.0 1.0 83.0 39.0 0.0 0.0 0.0 0.0 0.0 0.0 10.0 19.0 9.0 2.0 0.0 0.0 1.0 7.0 7.0 23.0 0.0 0.0 0.0 0.0 1.0 2.0 0.0 1.0 0.0 0.0 0.0 0.0 0.0 0.0 22.0 27.0 0.0 0.0 0.0 0.0 0.0 5.0 41.0 38.0 0.0 0.0 0.0 1.0 1.0 14.0 16.0 0.0 0.0 0.0 0.0 
25_3_017_131
0.0 0.0 0.0 0.0 0.0 0.0 0.0 42.0 0.0 0.0 7.0 74.0 3.0 0.0 0.0 0.0 0.0 0.0 0.0 0.0 0.0 0.0 0.0 40.0 0.0 0.0 1.0 0.0 0.0 0.0 -2.0 24.0 0.0 0.0 0.0 0.0 0.0 0.0 -26.0 78.0 4.0 1.0 22.0 102.0 0.0 0.0 0.0 -1.0 5.0 0.0 0.0 0.0 0.0 0.0 -13.0 84.0 0.0 0.0 0.0 0.0 0.0 0.0 2.0 27.0 32.0 6.0 4.0 5.0 0.0 0.0 0.0 -7.0 0.0 23.0 62.0 26.0 0.0 0.0 0.0 0.0 0.0 0.0 2.0 0.0 0.0 0.0 8.0 80.0 1.0 0.0 0.0 0.0 0.0 0.0 -1.0 29.0 0.0 0.0 0.0 6.0 11.0 1.0 0.0 0.0 0.0 0.0 0.0 9.0 24.0 9.0 4.0 0.0 0.0 0.0 0.0 0.0 0.0 0.0 29.0 34.0 0.0 2.0 4.0 0.0 0.0 0.0 -1.0 10.0 
