25_3_010_0
0.0 4.0 72.0 6.0 0.0 1.0 2.0 0.0 31.0 24.0 4.0 7.0 5.0 0.0 0.0 2.0 19.0 7.0 3.0 0.0 0.0 4.0 3.0 2.0 1.0 0.0 8.0 15.0 9.0 0.0 0.0 0.0 0.0 0.0 9.0 0.0 0.0 2.0 48.0 21.0 0.0 0.0 0.0 4.0 65.0 65.0 3.0 3.0 10.0 10.0 21.0 8.0 10.0 12.0 11.0 11.0 0.0 2.0 12.0 6.0 0.0 3.0 12.0 7.0 13.0 0.0 0.0 2.0 1.0 0.0 9.0 30.0 8.0 10.0 14.0 4.0 2.0 1.0 1.0 2.0 9.0 1.0 22.0 102.0 8.0 0.0 0.0 1.0 29.0 8.0 12.0 0.0 0.0 0.0 0.0 16.0 8.0 10.0 0.0 15.0 37.0 0.0 0.0 0.0 4.0 65.0 15.0 0.0 0.0 0.0 0.0 0.0 0.0 15.0 23.0 15.0 9.0 3.0 3.0 0.0 4.0 1.0 0.0 1.0 1.0 22.0 38.0 7.0 
25_3_010_1
0.0 9.0 53.0 1.0 0.0 0.0 8.0 3.0 0.0 0.0 1.0 3.0 13.0 51.0 7.0 0.0 20.0 6.0 7.0 7.0 25.0 22.0 0.0 0.0 49.0 21.0 0.0 0.0 0.0 0.0 0.0 11.0 17.0 0.0 0.0 0.0 0.0 0.0 6.0 51.0 8.0 3.0 2.0 4.0 5.0 5.0 9.0 4.0 0.0 6.0 30.0 97.0 15.0 0.0 15.0 1.0 5.0 0.0 0.0 0.0 2.0 3.0 31.0 28.0 49.0 9.0 0.0 0.0 0.0 2.0 0.0 24.0 8.0 102.0 40.0 0.0 0.0 0.0 0.0 3.0 31.0 23.0 9.0 7.0 5.0 11.0 13.0 3.0 7.0 12.0 3.0 0.0 1.0 0.0 5.0 8.0 1.0 3.0 4.0 15.0 64.0 3.0 0.0 0.0 4.0 0.0 4.0 4.0 0.0 4.0 31.0 17.0 8.0 8.0 3.0 0.0 9.0 17.0 9.0 2.0 8.0 9.0 11.0 5.0 0.0 0.0 0.0 1.0 
25_3_010_2
3.0 2.0 0.0 0.0 0.0 2.0 6.0 6.0 0.0 4.0 7.0 5.0 1.0 2.0 0.0 0.0 4.0 8.0 3.0 0.0 0.0 0.0 0.0 2.0 0.0 2.0 17.0 18.0 1.0 0.0 0.0 0.0 0.0 2.0 0.0 0.0 3.0 32.0 1.0 0.0 0.0 4.0 19.0 22.0 12.0 7.0 0.0 0.0 0.0 46.0 28.0 0.0 0.0 0.0 0.0 0.0 0.0 17.0 29.0 0.0 0.0 0.0 0.0 0.0 0.0 2.0 2.0 0.0 1.0 2.0 0.0 0.0 0.0 0.0 21.0 102.0 0.0 0.0 0.0 0.0 0.0 4.0 5.0 5.0 0.0 0.0 0.0 0.0 0.0 0.0 0.0 0.0 0.0 0.0 1.0 1.0 0.0 4.0 1.0 0.0 0.0 0.0 0.0 0.0 0.0 0.0 10.0 82.0 0.0 0.0 0.0 0.0 0.0 0.0 0.0 1.0 1.0 1.0 0.0 0.0 0.0 0.0 0.0 0.0 0.0 0.0 0.0 0.0 
25_3_010_3
0.0 0.0 0.0 0.0 27.0 82.0 79.0 28.0 2.0 12.0 3.0 0.0 12.0 29.0 8.0 3.0 0.0 0.0 10.0 12.0 26.0 25.0 4.0 0.0 3.0 0.0 0.0 0.0 51.0 42.0 25.0 16.0 2.0 0.0 10.0 25.0 8.0 3.0 16.0 11.0 0.0 3.0 10.0 19.0 26.0 9.0 2.0 0.0 22.0 0.0 3.0 33.0 8.0 4.0 8.0 17.0 8.0 5.0 6.0 29.0 33.0 2.0 0.0 3.0 4.0 41.0 45.0 20.0 0.0 0.0 0.0 0.0 23.0 62.0 25.0 0.0 0.0 2.0 53.0 31.0 6.0 18.0 18.0 41.0 75.0 30.0 3.0 0.0 4.0 67.0 24.0 0.0 6.0 12.0 4.0 0.0 10.0 0.0 1.0 37.0 19.0 15.0 10.0 19.0 6.0 0.0 0.0 0.0 0.0 46.0 102.0 21.0 0.0 0.0 1.0 20.0 68.0 21.0 3.0 0.0 0.0 0.0 9.0 39.0 44.0 25.0 0.0 0.0 
25_3_010_4
1.0 0.0 0.0 0.0 0.0 0.0 0.0 5.0 0.0 0.0 5.0 81.0 15.0 0.0 0.0 0.0 4.0 0.0 0.0 0.0 0.0 1.0 17.0 39.0 13.0 0.0 0.0 0.0 0.0 0.0 7.0 17.0 2.0 0.0 0.0 0.0 0.0 0.0 0.0 11.0 0.0 0.0 10.0 102.0 3.0 0.0 0.0 0.0 9.0 21.0 9.0 4.0 1.0 3.0 0.0 2.0 44.0 36.0 0.0 0.0 0.0 3.0 5.0 2.0 5.0 0.0 0.0 0.0 0.0 0.0 0.0 9.0 0.0 0.0 0.0 52.0 45.0 0.0 0.0 1.0 2.0 0.0 0.0 6.0 24.0 12.0 15.0 7.0 1.0 0.0 0.0 1.0 10.0 25.0 8.0 5.0 4.0 0.0 0.0 0.0 0.0 0.0 0.0 8.0 4.0 0.0 0.0 7.0 8.0 0.0 0.0 2.0 2.0 0.0 0.0 20.0 55.0 0.0 0.0 1.0 16.0 10.0 3.0 1.0 0.0 0.0 0.0 1.0 
25_3_010_5
0.0 0.0 0.0 0.0 13.0 102.0 1.0 0.0 0.0 0.0 0.0 0.0 9.0 50.0 31.0 55.0 1.0 0.0 0.0 1.0 2.0 0.0 22.0 27.0 0.0 7.0 8.0 0.0 2.0 0.0 2.0 1.0 0.0 0.0 0.0 0.0 14.0 60.0 0.0 0.0 0.0 0.0 1.0 20.0 38.0 63.0 9.0 0.0 0.0 0.0 0.0 0.0 5.0 15.0 25.0 6.0 0.0 0.0 1.0 7.0 10.0 11.0 5.0 0.0 0.0 0.0 0.0 4.0 6.0 0.0 0.0 0.0 0.0 0.0 16.0 34.0 0.0 0.0 0.0 0.0 5.0 2.0 7.0 0.0 0.0 0.0 2.0 11.0 3.0 7.0 6.0 4.0 4.0 2.0 0.0 0.0 0.0 0.0 0.0 7.0 5.0 0.0 0.0 0.0 0.0 2.0 15.0 41.0 0.0 0.0 0.0 0.0 2.0 25.0 29.0 1.0 7.0 2.0 0.0 0.0 8.0 11.0 4.0 0.0 0.0 1.0 26.0 16.0 
25_3_010_6
0.0 0.0 5.0 29.0 102.0 70.0 49.0 0.0 5.0 2.0 1.0 3.0 3.0 34.0 58.0 6.0 8.0 7.0 2.0 5.0 73.0 45.0 3.0 2.0 1.0 3.0 7.0 71.0 81.0 0.0 0.0 0.0 1.0 0.0 6.0 2.0 11.0 31.0 29.0 1.0 4.0 1.0 7.0 32.0 62.0 21.0 5.0 0.0 5.0 44.0 19.0 32.0 5.0 3.0 2.0 0.0 1.0 5.0 12.0 81.0 22.0 0.0 0.0 0.0 21.0 47.0 11.0 1.0 0.0 0.0 0.0 1.0 0.0 9.0 34.0 41.0 8.0 0.0 0.0 0.0 3.0 3.0 7.0 16.0 44.0 35.0 18.0 19.0 0.0 0.0 0.0 49.0 42.0 7.0 4.0 0.0 23.0 1.0 0.0 9.0 2.0 41.0 35.0 32.0 16.0 7.0 63.0 20.0 1.0 0.0 0.0 11.0 13.0 5.0 13.0 23.0 0.0 0.0 14.0 37.0 0.0 0.0 9.0 45.0 0.0 0.0 13.0 42.0 
25_3_010_7
0.0 0.0 14.0 52.0 0.0 0.0 0.0 0.0 0.0 0.0 0.0 0.0 6.0 15.0 11.0 5.0 0.0 0.0 0.0 0.0 37.0 18.0 0.0 4.0 4.0 3.0 0.0 0.0 0.0 1.0 -18.0 80.0 0.0 0.0 12.0 66.0 4.0 0.0 0.0 0.0 0.0 0.0 0.0 0.0 0.0 0.0 3.0 57.0 0.0 0.0 6.0 28.0 6.0 1.0 1.0 4.0 0.0 0.0 1.0 5.0 3.0 2.0 20.0 13.0 93.0 34.0 11.0 0.0 0.0 0.0 -23.0 20.0 27.0 5.0 0.0 0.0 0.0 0.0 -17.0 35.0 10.0 16.0 1.0 3.0 1.0 2.0 3.0 14.0 2.0 0.0 0.0 0.0 0.0 1.0 2.0 20.0 0.0 0.0 0.0 0.0 0.0 0.0 -14.0 102.0 0.0 0.0 0.0 0.0 0.0 5.0 -3.0 39.0 0.0 8.0 0.0 0.0 3.0 9.0 4.0 13.0 21.0 0.0 0.0 0.0 0.0 2.0 -9.0 18.0 
25_3_010_8
37.0 14.0 0.0 0.0 1.0 0.0 0.0 4.0 14.0 7.0 0.0 0.0 0.0 0.0 0.0 11.0 0.0 3.0 11.0 13.0 3.0 0.0 0.0 0.0 0.0 5.0 2.0 2.0 4.0 5.0 3.0 5.0 0.0 0.0 0.0 0.0 20.0 74.0 7.0 0.0 0.0 0.0 27.0 16.0 6.0 10.0 18.0 7.0 3.0 11.0 18.0 1.0 0.0 0.0 4.0 9.0 0.0 0.0 3.0 1.0 0.0 0.0 17.0 14.0 3.0 1.0 0.0 2.0 2.0 0.0 0.0 0.0 0.0 0.0 7.0 102.0 17.0 0.0 0.0 0.0 36.0 7.0 2.0 0.0 0.0 0.0 0.0 12.0 15.0 9.0 10.0 0.0 0.0 0.0 0.0 2.0 0.0 8.0 6.0 3.0 0.0 0.0 0.0 0.0 0.0 1.0 17.0 27.0 16.0 0.0 0.0 0.0 5.0 1.0 0.0 11.0 31.0 7.0 1.0 2.0 15.0 8.0 2.0 0.0 0.0 1.0 0.0 2.0 
25_3_010_9
1.0 0.0 20.0 68.0 0.0 0.0 0.0 1.0 1.0 7.0 16.0 6.0 0.0 0.0 0.0 0.0 1.0 0.0 55.0 50.0 0.0 0.0 0.0 3.0 0.0 0.0 0.0 0.0 0.0 0.0 12.0 17.0 3.0 3.0 8.0 36.0 0.0 0.0 0.0 0.0 5.0 8.0 8.0 11.0 0.0 0.0 0.0 0.0 7.0 0.0 9.0 101.0 0.0 0.0 0.0 7.0 26.0 0.0 0.0 0.0 0.0 0.0 0.0 24.0 9.0 2.0 0.0 0.0 0.0 0.0 0.0 0.0 9.0 3.0 4.0 9.0 0.0 0.0 0.0 0.0 12.0 5.0 25.0 102.0 9.0 0.0 0.0 0.0 51.0 0.0 0.0 0.0 0.0 0.0 0.0 6.0 4.0 0.0 0.0 0.0 0.0 0.0 0.0 0.0 6.0 0.0 0.0 1.0 0.0 0.0 0.0 1.0 0.0 3.0 0.0 70.0 90.0 0.0 0.0 0.0 55.0 4.0 0.0 1.0 9.0 1.0 0.0 1.0 
25_3_010_10
10.0 24.0 1.0 0.0 0.0 0.0 0.0 0.0 5.0 46.0 3.0 0.0 0.0 0.0 0.0 0.0 0.0 2.0 36.0 90.0 29.0 12.0 0.0 0.0 0.0 0.0 0.0 5.0 11.0 102.0 1.0 0.0 2.0 0.0 0.0 0.0 0.0 8.0 8.0 7.0 0.0 0.0 0.0 1.0 8.0 29.0 2.0 1.0 0.0 0.0 4.0 13.0 28.0 11.0 0.0 0.0 0.0 1.0 2.0 2.0 13.0 19.0 2.0 0.0 35.0 7.0 0.0 0.0 0.0 0.0 0.0 17.0 10.0 17.0 6.0 0.0 0.0 0.0 0.0 0.0 0.0 4.0 20.0 35.0 14.0 1.0 0.0 0.0 13.0 2.0 0.0 0.0 0.0 6.0 2.0 13.0 0.0 5.0 4.0 0.0 0.0 6.0 18.0 10.0 0.0 11.0 16.0 8.0 2.0 0.0 0.0 1.0 9.0 9.0 9.0 1.0 4.0 1.0 0.0 2.0 4.0 8.0 15.0 5.0 3.0 0.0 0.0 0.0 
25_3_010_11
0.0 0.0 0.0 0.0 5.0 6.0 6.0 2.0 0.0 0.0 2.0 2.0 1.0 2.0 3.0 2.0 9.0 10.0 9.0 0.0 1.0 5.0 0.0 -2.0 8.0 0.0 0.0 0.0 0.0 5.0 3.0 25.0 10.0 1.0 0.0 1.0 1.0 0.0 -4.0 10.0 1.0 0.0 0.0 8.0 10.0 0.0 0.0 0.0 1.0 5.0 12.0 40.0 2.0 0.0 0.0 0.0 2.0 0.0 0.0 0.0 0.0 0.0 -28.0 102.0 7.0 0.0 0.0 0.0 8.0 5.0 0.0 0.0 5.0 5.0 9.0 3.0 0.0 0.0 0.0 -1.0 0.0 0.0 6.0 36.0 9.0 9.0 5.0 0.0 0.0 0.0 0.0 0.0 0.0 0.0 18.0 37.0 0.0 0.0 0.0 1.0 18.0 4.0 0.0 0.0 0.0 0.0 0.0 3.0 13.0 9.0 0.0 0.0 4.0 0.0 0.0 11.0 12.0 3.0 0.0 1.0 9.0 11.0 0.0 0.0 1.0 6.0 0.0 2.0 
25_3_010_12
3.0 17.0 8.0 6.0 0.0 0.0 0.0 1.0 1.0 10.0 26.0 13.0 11.0 4.0 0.0 0.0 8.0 3.0 6.0 3.0 0.0 0.0 5.0 5.0 0.0 0.0 16.0 23.0 1.0 1.0 0.0 0.0 3.0 1.0 0.0 0.0 0.0 10.0 27.0 23.0 0.0 0.0 1.0 31.0 41.0 18.0 0.0 0.0 1.0 1.0 2.0 17.0 4.0 3.0 3.0 0.0 0.0 0.0 60.0 44.0 3.0 0.0 0.0 0.0 2.0 1.0 10.0 1.0 0.0 1.0 29.0 11.0 0.0 0.0 38.0 49.0 0.0 0.0 0.0 0.0 0.0 1.0 12.0 7.0 0.0 2.0 11.0 0.0 0.0 0.0 11.0 46.0 102.0 45.0 10.0 0.0 4.0 9.0 20.0 1.0 0.0 0.0 0.0 0.0 0.0 0.0 33.0 11.0 0.0 0.0 1.0 0.0 0.0 0.0 0.0 0.0 0.0 0.0 84.0 27.0 0.0 0.0 0.0 0.0 30.0 15.0 21.0 0.0 
25_3_010_13
17.0 18.0 3.0 2.0 1.0 0.0 0.0 1.0 37.0 29.0 6.0 0.0 0.0 0.0 0.0 0.0 0.0 9.0 17.0 6.0 0.0 0.0 0.0 0.0 6.0 0.0 0.0 0.0 0.0 0.0 10.0 46.0 0.0 8.0 6.0 0.0 51.0 30.0 0.0 0.0 14.0 11.0 1.0 0.0 4.0 33.0 18.0 5.0 6.0 9.0 12.0 13.0 2.0 3.0 2.0 2.0 9.0 0.0 0.0 0.0 0.0 0.0 17.0 93.0 0.0 0.0 6.0 28.0 12.0 0.0 0.0 0.0 0.0 0.0 5.0 10.0 10.0 9.0 1.0 0.0 0.0 0.0 9.0 31.0 1.0 2.0 52.0 13.0 0.0 0.0 0.0 0.0 0.0 0.0 102.0 20.0 0.0 0.0 24.0 10.0 0.0 0.0 0.0 0.0 2.0 2.0 38.0 5.0 0.0 0.0 0.0 0.0 0.0 0.0 1.0 1.0 0.0 0.0 89.0 55.0 0.0 0.0 4.0 0.0 0.0 0.0 5.0 1.0 
25_3_010_14
29.0 0.0 0.0 0.0 0.0 0.0 0.0 31.0 33.0 6.0 0.0 0.0 0.0 0.0 0.0 1.0 10.0 29.0 60.0 0.0 0.0 0.0 0.0 0.0 6.0 29.0 30.0 0.0 0.0 0.0 4.0 4.0 20.0 0.0 0.0 3.0 102.0 10.0 0.0 11.0 29.0 7.0 3.0 3.0 0.0 0.0 0.0 2.0 0.0 4.0 40.0 42.0 6.0 4.0 7.0 0.0 3.0 3.0 0.0 0.0 0.0 9.0 49.0 15.0 0.0 0.0 0.0 39.0 98.0 0.0 0.0 0.0 21.0 18.0 1.0 13.0 62.0 1.0 0.0 0.0 13.0 4.0 3.0 3.0 3.0 6.0 15.0 14.0 11.0 0.0 0.0 0.0 0.0 0.0 19.0 19.0 4.0 1.0 0.0 6.0 6.0 0.0 0.0 0.0 0.0 0.0 0.0 21.0 101.0 28.0 0.0 0.0 2.0 0.0 0.0 0.0 19.0 40.0 6.0 5.0 12.0 5.0 0.0 0.0 4.0 3.0 0.0 0.0 
25_3_010_15
8.0 6.0 6.0 1.0 0.0 0.0 0.0 2.0 2.0 1.0 13.0 25.0 0.0 0.0 0.0 0.0 0.0 0.0 6.0 57.0 6.0 3.0 0.0 0.0 0.0 0.0 2.0 36.0 1.0 0.0 0.0 0.0 0.0 0.0 0.0 3.0 11.0 14.0 5.0 1.0 0.0 0.0 0.0 24.0 14.0 0.0 1.0 0.0 0.0 0.0 72.0 73.0 0.0 0.0 0.0 0.0 0.0 0.0 12.0 12.0 0.0 0.0 0.0 0.0 0.0 0.0 4.0 38.0 8.0 0.0 0.0 0.0 0.0 0.0 5.0 14.0 2.0 0.0 7.0 0.0 0.0 0.0 2.0 44.0 102.0 71.0 7.0 0.0 0.0 0.0 0.0 1.0 55.0 28.0 0.0 0.0 0.0 0.0 14.0 18.0 0.0 0.0 0.0 0.0 0.0 0.0 1.0 0.0 0.0 0.0 43.0 29.0 0.0 0.0 0.0 0.0 20.0 18.0 26.0 4.0 0.0 0.0 0.0 0.0 90.0 56.0 0.0 0.0 
25_3_010_16
6.0 13.0 5.0 0.0 0.0 2.0 2.0 1.0 2.0 32.0 43.0 25.0 1.0 0.0 0.0 0.0 6.0 1.0 3.0 9.0 24.0 33.0 6.0 7.0 0.0 0.0 48.0 35.0 12.0 8.0 14.0 0.0 39.0 28.0 9.0 0.0 0.0 0.0 0.0 9.0 6.0 0.0 2.0 26.0 38.0 13.0 2.0 5.0 17.0 57.0 27.0 40.0 12.0 0.0 0.0 5.0 0.0 4.0 17.0 19.0 26.0 42.0 11.0 12.0 25.0 1.0 0.0 1.0 1.0 5.0 58.0 73.0 0.0 28.0 102.0 11.0 0.0 0.0 1.0 0.0 1.0 4.0 34.0 33.0 10.0 3.0 25.0 11.0 2.0 0.0 5.0 6.0 9.0 5.0 48.0 79.0 0.0 0.0 29.0 64.0 26.0 35.0 20.0 0.0 30.0 21.0 74.0 36.0 1.0 0.0 0.0 28.0 17.0 0.0 0.0 0.0 0.0 1.0 41.0 41.0 12.0 7.0 23.0 12.0 0.0 0.0 10.0 13.0 
25_3_010_17
1.0 16.0 13.0 6.0 2.0 0.0 0.0 0.0 17.0 8.0 0.0 0.0 0.0 0.0 1.0 8.0 2.0 3.0 25.0 28.0 0.0 0.0 0.0 0.0 1.0 2.0 4.0 5.0 5.0 4.0 2.0 3.0 23.0 62.0 4.0 0.0 0.0 3.0 9.0 2.0 33.0 4.0 0.0 0.0 0.0 0.0 14.0 69.0 0.0 1.0 40.0 79.0 6.0 0.0 0.0 0.0 35.0 13.0 2.0 0.0 0.0 0.0 8.0 11.0 4.0 0.0 0.0 0.0 0.0 64.0 68.0 16.0 0.0 0.0 0.0 0.0 5.0 42.0 91.0 15.0 0.0 0.0 6.0 81.0 102.0 4.0 0.0 0.0 16.0 11.0 4.0 7.0 9.0 7.0 2.0 3.0 6.0 6.0 1.0 0.0 0.0 34.0 17.0 0.0 4.0 11.0 1.0 0.0 0.0 9.0 2.0 0.0 0.0 4.0 1.0 26.0 67.0 2.0 0.0 0.0 1.0 12.0 2.0 8.0 86.0 39.0 0.0 0.0 
25_3_010_18
1.0 5.0 0.0 0.0 1.0 0.0 0.0 0.0 0.0 1.0 2.0 7.0 4.0 0.0 0.0 0.0 0.0 0.0 3.0 78.0 3.0 0.0 0.0 0.0 0.0 0.0 2.0 29.0 4.0 0.0 0.0 0.0 1.0 3.0 0.0 0.0 0.0 0.0 0.0 0.0 1.0 4.0 3.0 5.0 0.0 0.0 0.0 0.0 0.0 0.0 4.0 102.0 0.0 0.0 0.0 0.0 0.0 2.0 4.0 35.0 0.0 0.0 0.0 0.0 0.0 1.0 0.0 0.0 3.0 1.0 0.0 0.0 0.0 2.0 4.0 4.0 5.0 1.0 0.0 0.0 0.0 0.0 4.0 89.0 4.0 0.0 0.0 0.0 0.0 1.0 5.0 30.0 4.0 0.0 0.0 0.0 0.0 4.0 1.0 0.0 1.0 5.0 0.0 0.0 0.0 5.0 4.0 0.0 4.0 6.0 0.0 0.0 0.0 0.0 3.0 67.0 4.0 0.0 0.0 0.0 0.0 2.0 4.0 20.0 5.0 3.0 0.0 0.0 
25_3_010_19
19.0 1.0 0.0 0.0 0.0 0.0 0.0 22.0 0.0 0.0 2.0 54.0 8.0 0.0 0.0 0.0 6.0 0.0 0.0 51.0 13.0 0.0 15.0 34.0 3.0 0.0 3.0 65.0 17.0 1.0 6.0 9.0 23.0 0.0 3.0 1.0 0.0 0.0 0.0 23.0 0.0 15.0 25.0 32.0 0.0 0.0 0.0 0.0 17.0 2.0 9.0 90.0 2.0 0.0 0.0 16.0 26.0 18.0 63.0 40.0 0.0 0.0 0.0 2.0 4.0 6.0 3.0 0.0 0.0 1.0 4.0 11.0 0.0 10.0 75.0 2.0 0.0 0.0 0.0 0.0 0.0 0.0 37.0 27.0 2.0 4.0 6.0 0.0 0.0 0.0 90.0 25.0 0.0 0.0 0.0 0.0 0.0 2.0 19.0 13.0 0.0 0.0 0.0 0.0 0.0 2.0 18.0 4.0 1.0 5.0 1.0 0.0 0.0 0.0 102.0 25.0 0.0 4.0 2.0 0.0 0.0 0.0 20.0 7.0 0.0 0.0 0.0 0.0 
25_3_010_20
10.0 15.0 5.0 3.0 0.0 0.0 0.0 0.0 0.0 0.0 5.0 46.0 5.0 0.0 0.0 0.0 0.0 0.0 0.0 28.0 18.0 1.0 5.0 4.0 0.0 0.0 0.0 60.0 20.0 0.0 0.0 0.0 13.0 6.0 2.0 1.0 0.0 0.0 0.0 5.0 1.0 1.0 10.0 37.0 0.0 0.0 0.0 0.0 0.0 0.0 5.0 22.0 4.0 3.0 3.0 2.0 0.0 0.0 11.0 102.0 4.0 0.0 0.0 0.0 1.0 0.0 0.0 0.0 4.0 16.0 6.0 7.0 1.0 0.0 1.0 13.0 22.0 0.0 2.0 0.0 0.0 0.0 29.0 65.0 13.0 0.0 0.0 0.0 0.0 0.0 32.0 38.0 0.0 0.0 0.0 0.0 0.0 0.0 0.0 21.0 15.0 1.0 0.0 0.0 2.0 1.0 2.0 4.0 1.0 0.0 0.0 2.0 0.0 0.0 0.0 51.0 27.0 29.0 4.0 0.0 0.0 0.0 0.0 6.0 56.0 69.0 0.0 0.0 
25_3_010_21
5.0 1.0 5.0 9.0 16.0 2.0 0.0 0.0 7.0 7.0 0.0 3.0 14.0 1.0 -2.0 4.0 3.0 12.0 41.0 20.0 0.0 0.0 0.0 0.0 0.0 1.0 40.0 31.0 9.0 6.0 2.0 0.0 3.0 5.0 0.0 9.0 78.0 6.0 0.0 0.0 4.0 10.0 4.0 6.0 13.0 19.0 7.0 0.0 1.0 4.0 19.0 36.0 10.0 0.0 0.0 0.0 0.0 0.0 0.0 0.0 9.0 65.0 6.0 27.0 0.0 0.0 0.0 0.0 27.0 4.0 0.0 0.0 0.0 3.0 2.0 17.0 90.0 0.0 0.0 2.0 1.0 3.0 15.0 67.0 45.0 16.0 0.0 0.0 38.0 10.0 0.0 0.0 6.0 3.0 -46.0 102.0 0.0 0.0 0.0 0.0 0.0 3.0 1.0 0.0 0.0 0.0 0.0 0.0 34.0 11.0 1.0 0.0 0.0 0.0 0.0 0.0 30.0 96.0 3.0 0.0 0.0 0.0 1.0 0.0 91.0 74.0 0.0 0.0 
25_3_010_22
0.0 0.0 0.0 0.0 0.0 0.0 44.0 29.0 0.0 0.0 0.0 3.0 13.0 12.0 47.0 15.0 -5.0 21.0 0.0 28.0 23.0 1.0 0.0 1.0 -2.0 7.0 3.0 59.0 50.0 8.0 0.0 0.0 0.0 0.0 0.0 0.0 0.0 0.0 47.0 94.0 0.0 1.0 78.0 37.0 0.0 6.0 21.0 5.0 -7.0 73.0 48.0 19.0 1.0 0.0 0.0 -3.0 -4.0 18.0 13.0 18.0 13.0 26.0 6.0 0.0 96.0 0.0 0.0 0.0 0.0 0.0 -19.0 62.0 59.0 28.0 41.0 102.0 1.0 0.0 0.0 -27.0 6.0 0.0 7.0 16.0 6.0 4.0 9.0 82.0 0.0 0.0 0.0 0.0 2.0 51.0 60.0 0.0 77.0 0.0 1.0 0.0 4.0 5.0 -10.0 29.0 7.0 0.0 1.0 2.0 4.0 34.0 22.0 27.0 0.0 0.0 0.0 6.0 17.0 55.0 7.0 35.0 34.0 2.0 3.0 4.0 4.0 3.0 -24.0 58.0 
25_3_010_23
0.0 0.0 0.0 0.0 4.0 2.0 1.0 1.0 0.0 0.0 0.0 15.0 7.0 0.0 0.0 0.0 2.0 0.0 0.0 3.0 0.0 0.0 -25.0 100.0 0.0 0.0 0.0 1.0 0.0 0.0 -1.0 7.0 0.0 0.0 0.0 8.0 8.0 0.0 0.0 0.0 0.0 0.0 0.0 17.0 2.0 0.0 0.0 0.0 35.0 2.0 3.0 28.0 0.0 0.0 -5.0 44.0 8.0 0.0 0.0 1.0 0.0 0.0 -11.0 50.0 0.0 0.0 0.0 17.0 5.0 0.0 0.0 0.0 0.0 0.0 3.0 19.0 0.0 0.0 0.0 0.0 1.0 1.0 4.0 49.0 0.0 0.0 -8.0 45.0 0.0 0.0 0.0 0.0 0.0 0.0 -14.0 102.0 0.0 0.0 3.0 12.0 0.0 0.0 0.0 0.0 0.0 0.0 2.0 20.0 0.0 0.0 0.0 0.0 0.0 0.0 5.0 33.0 0.0 0.0 11.0 20.0 0.0 0.0 0.0 0.0 0.0 0.0 12.0 57.0 
25_3_010_24
0.0 0.0 0.0 0.0 0.0 0.0 0.0 0.0 0.0 0.0 0.0 0.0 0.0 0.0 0.0 0.0 0.0 0.0 57.0 47.0 0.0 0.0 0.0 0.0 0.0 0.0 15.0 5.0 0.0 0.0 33.0 7.0 0.0 0.0 0.0 0.0 1.0 1.0 0.0 0.0 0.0 0.0 0.0 5.0 0.0 1.0 0.0 0.0 0.0 0.0 40.0 102.0 0.0 0.0 5.0 3.0 0.0 0.0 0.0 0.0 0.0 0.0 31.0 28.0 0.0 0.0 0.0 0.0 0.0 1.0 0.0 0.0 0.0 0.0 1.0 21.0 2.0 1.0 0.0 0.0 0.0 0.0 3.0 86.0 5.0 3.0 14.0 11.0 0.0 0.0 0.0 0.0 0.0 0.0 7.0 18.0 0.0 0.0 0.0 0.0 0.0 0.0 0.0 0.0 0.0 0.0 0.0 11.0 3.0 0.0 0.0 0.0 0.0 0.0 0.0 34.0 31.0 2.0 3.0 2.0 0.0 0.0 0.0 0.0 0.0 0.0 2.0 7.0 
25_3_010_25
0.0 0.0 0.0 0.0 0.0 1.0 0.0 0.0 0.0 0.0 0.0 3.0 1.0 0.0 0.0 0.0 2.0 0.0 8.0 68.0 0.0 0.0 0.0 7.0 0.0 0.0 0.0 0.0 0.0 0.0 4.0 26.0 0.0 0.0 0.0 0.0 0.0 0.0 0.0 0.0 0.0 0.0 1.0 8.0 0.0 0.0 0.0 0.0 2.0 0.0 19.0 95.0 0.0 0.0 0.0 15.0 1.0 0.0 0.0 0.0 0.0 0.0 0.0 41.0 0.0 0.0 0.0 0.0 0.0 0.0 0.0 0.0 0.0 0.0 2.0 22.0 0.0 0.0 0.0 0.0 4.0 0.0 11.0 102.0 0.0 0.0 0.0 19.0 6.0 0.0 0.0 0.0 0.0 0.0 0.0 44.0 0.0 0.0 0.0 0.0 0.0 0.0 0.0 0.0 0.0 0.0 0.0 13.0 3.0 0.0 0.0 0.0 0.0 0.0 0.0 71.0 20.0 0.0 0.0 14.0 5.0 0.0 0.0 0.0 0.0 0.0 0.0 37.0 
25_3_010_26
1.0 0.0 2.0 5.0 0.0 0.0 0.0 0.0 3.0 0.0 2.0 0.0 0.0 0.0 0.0 7.0 0.0 6.0 63.0 13.0 0.0 0.0 0.0 0.0 0.0 13.0 25.0 10.0 0.0 0.0 0.0 0.0 3.0 4.0 8.0 1.0 0.0 0.0 0.0 0.0 8.0 5.0 14.0 14.0 0.0 0.0 0.0 1.0 7.0 5.0 48.0 85.0 0.0 0.0 0.0 9.0 4.0 0.0 1.0 2.0 6.0 2.0 5.0 16.0 0.0 8.0 14.0 0.0 0.0 0.0 0.0 0.0 2.0 21.0 14.0 7.0 0.0 0.0 0.0 0.0 3.0 0.0 4.0 102.0 9.0 0.0 0.0 12.0 16.0 6.0 7.0 10.0 0.0 0.0 3.0 16.0 0.0 14.0 3.0 0.0 0.0 0.0 0.0 0.0 0.0 11.0 10.0 0.0 0.0 0.0 0.0 0.0 0.0 0.0 3.0 52.0 16.0 0.0 0.0 0.0 11.0 1.0 0.0 0.0 3.0 0.0 3.0 12.0 
25_3_010_27
2.0 19.0 11.0 0.0 0.0 0.0 22.0 5.0 2.0 2.0 0.0 0.0 0.0 19.0 36.0 7.0 0.0 0.0 0.0 0.0 0.0 17.0 42.0 8.0 0.0 5.0 2.0 2.0 2.0 2.0 9.0 8.0 0.0 0.0 0.0 0.0 0.0 13.0 102.0 16.0 0.0 0.0 0.0 0.0 1.0 37.0 37.0 0.0 1.0 5.0 14.0 18.0 3.0 8.0 1.0 0.0 4.0 15.0 13.0 2.0 0.0 0.0 -9.0 19.0 0.0 0.0 0.0 0.0 0.0 3.0 48.0 62.0 0.0 0.0 0.0 11.0 24.0 32.0 7.0 0.0 0.0 0.0 4.0 54.0 2.0 7.0 16.0 0.0 1.0 1.0 0.0 16.0 31.0 27.0 2.0 0.0 0.0 0.0 0.0 0.0 0.0 0.0 14.0 66.0 0.0 0.0 0.0 54.0 6.0 1.0 3.0 4.0 0.0 0.0 1.0 28.0 3.0 0.0 9.0 11.0 0.0 3.0 3.0 6.0 15.0 18.0 20.0 37.0 
25_3_010_28
1.0 35.0 69.0 2.0 0.0 0.0 0.0 0.0 0.0 70.0 78.0 4.0 0.0 11.0 2.0 0.0 0.0 43.0 32.0 5.0 24.0 9.0 0.0 0.0 23.0 18.0 3.0 0.0 1.0 1.0 0.0 3.0 10.0 33.0 29.0 6.0 4.0 3.0 0.0 0.0 0.0 0.0 0.0 2.0 5.0 86.0 79.0 8.0 0.0 8.0 32.0 97.0 73.0 20.0 0.0 0.0 13.0 17.0 11.0 4.0 0.0 0.0 54.0 14.0 23.0 17.0 36.0 7.0 24.0 96.0 21.0 9.0 58.0 22.0 2.0 0.0 0.0 46.0 51.0 84.0 0.0 0.0 36.0 82.0 68.0 102.0 0.0 0.0 0.0 0.0 0.0 7.0 4.0 42.0 80.0 10.0 6.0 0.0 0.0 0.0 31.0 41.0 10.0 1.0 34.0 17.0 4.0 0.0 2.0 4.0 16.0 2.0 0.0 1.0 52.0 58.0 0.0 0.0 0.0 0.0 29.0 21.0 10.0 3.0 0.0 0.0 18.0 33.0 
25_3_010_29
0.0 0.0 3.0 22.0 11.0 0.0 0.0 0.0 1.0 0.0 0.0 13.0 5.0 0.0 2.0 8.0 0.0 0.0 0.0 62.0 10.0 0.0 0.0 0.0 0.0 0.0 0.0 0.0 0.0 0.0 0.0 0.0 0.0 0.0 9.0 26.0 0.0 0.0 0.0 0.0 0.0 0.0 0.0 9.0 4.0 3.0 8.0 8.0 0.0 0.0 1.0 102.0 4.0 0.0 0.0 0.0 0.0 0.0 0.0 0.0 0.0 1.0 0.0 0.0 0.0 0.0 7.0 17.0 0.0 0.0 0.0 0.0 0.0 0.0 7.0 8.0 1.0 1.0 4.0 3.0 0.0 0.0 22.0 71.0 0.0 0.0 0.0 0.0 0.0 0.0 1.0 2.0 0.0 0.0 0.0 0.0 0.0 0.0 0.0 7.0 10.0 0.0 0.0 0.0 0.0 0.0 46.0 20.0 0.0 0.0 0.0 0.0 0.0 0.0 22.0 14.0 0.0 0.0 0.0 0.0 0.0 0.0 3.0 1.0 0.0 0.0 0.0 0.0 
25_3_010_30
0.0 1.0 7.0 5.0 0.0 0.0 0.0 0.0 0.0 6.0 20.0 11.0 0.0 0.0 0.0 0.0 25.0 7.0 0.0 0.0 0.0 0.0 -13.0 26.0 11.0 0.0 0.0 0.0 0.0 0.0 -33.0 79.0 0.0 0.0 1.0 5.0 3.0 5.0 7.0 0.0 0.0 0.0 14.0 51.0 12.0 0.0 0.0 0.0 2.0 8.0 11.0 3.0 0.0 0.0 -8.0 27.0 5.0 6.0 0.0 0.0 0.0 0.0 -21.0 102.0 1.0 0.0 1.0 3.0 4.0 3.0 4.0 3.0 0.0 0.0 6.0 64.0 25.0 0.0 0.0 0.0 0.0 0.0 29.0 10.0 0.0 3.0 2.0 11.0 0.0 0.0 0.0 0.0 0.0 0.0 14.0 85.0 4.0 6.0 5.0 2.0 0.0 0.0 0.0 0.0 0.0 0.0 9.0 29.0 12.0 0.0 0.0 0.0 0.0 0.0 0.0 7.0 8.0 18.0 36.0 0.0 0.0 0.0 0.0 0.0 0.0 2.0 14.0 21.0 
25_3_010_31
0.0 0.0 9.0 8.0 0.0 0.0 0.0 0.0 0.0 3.0 20.0 10.0 0.0 0.0 0.0 0.0 13.0 13.0 9.0 0.0 0.0 0.0 -9.0 24.0 5.0 0.0 0.0 0.0 0.0 0.0 -30.0 82.0 0.0 0.0 1.0 6.0 3.0 7.0 9.0 0.0 0.0 0.0 26.0 56.0 8.0 0.0 0.0 0.0 3.0 4.0 13.0 4.0 0.0 0.0 -8.0 33.0 7.0 9.0 1.0 0.0 0.0 0.0 -17.0 102.0 4.0 5.0 4.0 8.0 1.0 2.0 1.0 4.0 0.0 0.0 23.0 66.0 14.0 0.0 0.0 0.0 0.0 3.0 43.0 0.0 0.0 0.0 8.0 10.0 0.0 0.0 0.0 0.0 0.0 0.0 32.0 80.0 0.0 3.0 9.0 5.0 0.0 0.0 0.0 0.0 0.0 0.0 6.0 34.0 15.0 4.0 0.0 0.0 0.0 0.0 1.0 3.0 3.0 29.0 44.0 3.0 0.0 0.0 0.0 0.0 0.0 0.0 11.0 32.0 
25_3_010_32
12.0 18.0 19.0 1.0 0.0 0.0 0.0 4.0 29.0 26.0 39.0 0.0 0.0 0.0 0.0 19.0 0.0 4.0 81.0 30.0 1.0 0.0 0.0 0.0 14.0 18.0 21.0 4.0 0.0 0.0 0.0 2.0 16.0 6.0 14.0 42.0 6.0 3.0 15.0 8.0 9.0 22.0 14.0 0.0 1.0 24.0 23.0 2.0 0.0 0.0 102.0 93.0 19.0 3.0 1.0 0.0 14.0 6.0 9.0 0.0 0.0 2.0 16.0 63.0 55.0 12.0 18.0 1.0 0.0 0.0 5.0 36.0 17.0 0.0 11.0 10.0 1.0 3.0 8.0 22.0 0.0 0.0 9.0 64.0 43.0 62.0 29.0 10.0 3.0 2.0 7.0 36.0 25.0 19.0 10.0 13.0 14.0 0.0 0.0 1.0 15.0 19.0 36.0 12.0 43.0 19.0 56.0 15.0 1.0 0.0 0.0 2.0 95.0 71.0 40.0 7.0 0.0 0.0 0.0 6.0 2.0 5.0 35.0 19.0 0.0 0.0 0.0 0.0 
25_3_010_33
0.0 0.0 0.0 28.0 37.0 0.0 0.0 0.0 26.0 9.0 1.0 23.0 33.0 0.0 0.0 0.0 20.0 17.0 26.0 32.0 0.0 0.0 0.0 4.0 0.0 0.0 9.0 58.0 0.0 0.0 0.0 0.0 0.0 1.0 17.0 18.0 4.0 0.0 0.0 0.0 0.0 0.0 6.0 78.0 35.0 0.0 0.0 0.0 0.0 0.0 3.0 77.0 0.0 0.0 5.0 17.0 0.0 0.0 6.0 56.0 0.0 0.0 0.0 0.0 0.0 1.0 20.0 9.0 0.0 0.0 0.0 0.0 0.0 0.0 22.0 58.0 2.0 1.0 0.0 0.0 0.0 0.0 11.0 102.0 1.0 0.0 20.0 8.0 0.0 0.0 7.0 45.0 0.0 0.0 0.0 0.0 0.0 0.0 20.0 12.0 0.0 0.0 0.0 0.0 0.0 0.0 3.0 9.0 3.0 3.0 7.0 1.0 0.0 0.0 45.0 88.0 0.0 0.0 4.0 1.0 0.0 0.0 3.0 13.0 0.0 1.0 0.0 0.0 
25_3_010_34
0.0 2.0 0.0 2.0 10.0 0.0 0.0 0.0 0.0 2.0 4.0 24.0 45.0 7.0 0.0 2.0 0.0 0.0 0.0 0.0 102.0 99.0 0.0 0.0 0.0 0.0 0.0 0.0 55.0 94.0 0.0 0.0 0.0 0.0 5.0 18.0 36.0 1.0 0.0 0.0 2.0 0.0 0.0 0.0 2.0 1.0 3.0 5.0 0.0 0.0 2.0 27.0 18.0 2.0 0.0 0.0 4.0 3.0 2.0 6.0 8.0 13.0 0.0 0.0 0.0 0.0 29.0 29.0 2.0 0.0 0.0 0.0 11.0 22.0 9.0 3.0 0.0 0.0 0.0 1.0 0.0 4.0 7.0 8.0 4.0 4.0 3.0 1.0 0.0 0.0 0.0 1.0 27.0 16.0 0.0 0.0 0.0 0.0 29.0 26.0 1.0 1.0 0.0 0.0 11.0 3.0 9.0 0.0 0.0 0.0 1.0 27.0 1.0 0.0 0.0 0.0 0.0 1.0 9.0 17.0 0.0 0.0 0.0 0.0 7.0 12.0 8.0 0.0 
25_3_010_35
0.0 0.0 0.0 0.0 0.0 0.0 31.0 78.0 0.0 0.0 3.0 3.0 2.0 3.0 4.0 4.0 1.0 0.0 0.0 0.0 0.0 0.0 16.0 16.0 9.0 1.0 0.0 0.0 0.0 0.0 0.0 6.0 0.0 0.0 0.0 0.0 0.0 0.0 42.0 102.0 0.0 0.0 0.0 0.0 1.0 21.0 13.0 1.0 2.0 2.0 0.0 3.0 5.0 5.0 2.0 2.0 3.0 12.0 2.0 0.0 0.0 0.0 0.0 0.0 0.0 0.0 0.0 1.0 4.0 16.0 50.0 16.0 1.0 4.0 1.0 0.0 0.0 0.0 1.0 1.0 0.0 0.0 6.0 15.0 5.0 4.0 0.0 0.0 0.0 15.0 7.0 5.0 14.0 8.0 0.0 0.0 0.0 0.0 1.0 6.0 0.0 1.0 2.0 0.0 0.0 0.0 0.0 0.0 0.0 5.0 30.0 1.0 0.0 0.0 0.0 0.0 16.0 30.0 2.0 0.0 0.0 0.0 0.0 0.0 16.0 12.0 0.0 0.0 
25_3_010_36
0.0 0.0 0.0 0.0 5.0 8.0 2.0 0.0 0.0 0.0 1.0 36.0 15.0 2.0 0.0 0.0 9.0 1.0 5.0 13.0 6.0 0.0 -10.0 19.0 0.0 0.0 0.0 0.0 0.0 0.0 -13.0 64.0 0.0 0.0 0.0 4.0 2.0 1.0 7.0 0.0 0.0 0.0 21.0 74.0 0.0 0.0 0.0 0.0 5.0 0.0 0.0 6.0 31.0 7.0 -2.0 19.0 0.0 0.0 0.0 4.0 2.0 0.0 -15.0 102.0 6.0 0.0 4.0 8.0 0.0 0.0 -1.0 2.0 0.0 0.0 4.0 41.0 37.0 3.0 0.0 0.0 1.0 0.0 3.0 18.0 9.0 3.0 7.0 27.0 0.0 0.0 0.0 19.0 9.0 1.0 0.0 89.0 22.0 0.0 2.0 2.0 0.0 0.0 0.0 -8.0 0.0 1.0 25.0 24.0 0.0 0.0 0.0 0.0 2.0 0.0 6.0 1.0 1.0 0.0 9.0 18.0 0.0 0.0 0.0 0.0 2.0 9.0 59.0 13.0 
25_3_010_37
0.0 0.0 1.0 17.0 38.0 40.0 25.0 0.0 0.0 10.0 30.0 48.0 19.0 6.0 26.0 6.0 2.0 0.0 0.0 0.0 0.0 6.0 77.0 32.0 0.0 0.0 0.0 2.0 31.0 49.0 0.0 0.0 15.0 19.0 18.0 27.0 0.0 24.0 32.0 7.0 0.0 0.0 1.0 49.0 41.0 94.0 21.0 0.0 0.0 0.0 0.0 0.0 1.0 5.0 74.0 57.0 0.0 0.0 0.0 0.0 12.0 53.0 31.0 4.0 12.0 17.0 11.0 1.0 0.0 5.0 12.0 1.0 0.0 0.0 39.0 87.0 3.0 0.0 0.0 0.0 59.0 68.0 15.0 0.0 0.0 0.0 -1.0 34.0 102.0 62.0 0.0 0.0 0.0 0.0 0.0 8.0 6.0 19.0 5.0 19.0 2.0 2.0 3.0 2.0 0.0 4.0 34.0 17.0 25.0 69.0 13.0 0.0 2.0 0.0 3.0 5.0 48.0 40.0 9.0 9.0 11.0 3.0 0.0 0.0 0.0 6.0 11.0 37.0 
25_3_010_38
0.0 46.0 27.0 2.0 5.0 10.0 0.0 0.0 0.0 43.0 17.0 3.0 23.0 7.0 0.0 0.0 17.0 33.0 3.0 1.0 5.0 0.0 0.0 5.0 2.0 0.0 0.0 3.0 19.0 12.0 2.0 4.0 0.0 2.0 1.0 3.0 0.0 43.0 45.0 27.0 0.0 0.0 38.0 102.0 47.0 24.0 0.0 0.0 15.0 28.0 16.0 7.0 0.0 1.0 26.0 7.0 19.0 3.0 0.0 1.0 2.0 5.0 25.0 15.0 39.0 17.0 0.0 0.0 0.0 44.0 30.0 30.0 0.0 4.0 25.0 54.0 76.0 47.0 0.0 0.0 0.0 0.0 1.0 5.0 7.0 71.0 67.0 0.0 0.0 0.0 0.0 0.0 39.0 24.0 53.0 5.0 20.0 10.0 5.0 0.0 0.0 0.0 0.0 4.0 0.0 3.0 61.0 36.0 0.0 0.0 0.0 0.0 30.0 2.0 2.0 1.0 0.0 0.0 48.0 32.0 10.0 1.0 0.0 0.0 7.0 23.0 24.0 5.0 
25_3_010_39
0.0 0.0 0.0 0.0 0.0 0.0 2.0 3.0 0.0 0.0 0.0 77.0 21.0 0.0 0.0 0.0 0.0 -1.0 5.0 17.0 14.0 4.0 0.0 0.0 0.0 0.0 0.0 0.0 1.0 1.0 16.0 8.0 0.0 0.0 0.0 0.0 0.0 0.0 0.0 5.0 0.0 0.0 16.0 100.0 0.0 0.0 0.0 0.0 0.0 -2.0 6.0 18.0 11.0 7.0 3.0 2.0 0.0 0.0 0.0 1.0 0.0 0.0 4.0 16.0 1.0 0.0 0.0 0.0 0.0 0.0 -3.0 7.0 0.0 -1.0 6.0 102.0 8.0 0.0 0.0 0.0 0.0 -2.0 12.0 18.0 5.0 0.0 1.0 8.0 0.0 0.0 3.0 1.0 0.0 0.0 -3.0 26.0 1.0 0.0 0.0 0.0 0.0 0.0 0.0 1.0 0.0 0.0 1.0 45.0 22.0 0.0 0.0 0.0 0.0 0.0 0.0 33.0 14.0 0.0 0.0 0.0 0.0 0.0 0.0 2.0 0.0 0.0 -2.0 21.0 
25_3_010_40
1.0 0.0 0.0 3.0 67.0 47.0 0.0 2.0 0.0 0.0 0.0 10.0 26.0 102.0 22.0 0.0 17.0 1.0 0.0 29.0 12.0 6.0 1.0 23.0 20.0 42.0 27.0 0.0 0.0 0.0 1.0 23.0 53.0 37.0 0.0 0.0 0.0 0.0 0.0 3.0 0.0 33.0 61.0 42.0 1.0 0.0 0.0 0.0 0.0 6.0 41.0 95.0 2.0 0.0 0.0 0.0 51.0 15.0 43.0 21.0 0.0 3.0 9.0 29.0 17.0 79.0 9.0 0.0 0.0 0.0 0.0 0.0 7.0 98.0 26.0 0.0 0.0 0.0 0.0 2.0 1.0 14.0 30.0 47.0 15.0 6.0 2.0 0.0 3.0 1.0 0.0 0.0 10.0 23.0 11.0 7.0 13.0 1.0 0.0 0.0 1.0 2.0 0.0 4.0 2.0 1.0 1.0 1.0 5.0 11.0 6.0 4.0 3.0 20.0 12.0 5.0 6.0 6.0 6.0 4.0 7.0 16.0 2.0 0.0 5.0 7.0 2.0 0.0 
25_3_010_41
7.0 58.0 14.0 15.0 1.0 0.0 0.0 0.0 0.0 36.0 41.0 77.0 58.0 3.0 0.0 0.0 41.0 18.0 5.0 2.0 2.0 6.0 2.0 17.0 11.0 1.0 1.0 0.0 0.0 0.0 14.0 21.0 2.0 2.0 0.0 0.0 5.0 43.0 46.0 31.0 0.0 0.0 2.0 8.0 77.0 72.0 0.0 0.0 0.0 0.0 0.0 16.0 64.0 50.0 19.0 2.0 0.0 0.0 1.0 20.0 6.0 2.0 27.0 9.0 2.0 0.0 0.0 0.0 0.0 12.0 77.0 87.0 0.0 0.0 5.0 99.0 52.0 4.0 0.0 0.0 7.0 0.0 33.0 89.0 0.0 0.0 0.0 1.0 14.0 7.0 9.0 8.0 2.0 0.0 3.0 5.0 0.0 9.0 23.0 7.0 0.0 2.0 22.0 6.0 0.0 3.0 102.0 35.0 0.0 0.0 0.0 0.0 0.0 1.0 15.0 51.0 3.0 0.0 4.0 0.0 0.0 5.0 25.0 4.0 0.0 0.0 3.0 4.0 
25_3_010_42
1.0 17.0 23.0 46.0 32.0 0.0 0.0 0.0 15.0 31.0 55.0 12.0 34.0 25.0 0.0 0.0 8.0 6.0 2.0 2.0 0.0 0.0 12.0 26.0 2.0 0.0 5.0 21.0 4.0 1.0 4.0 4.0 0.0 26.0 24.0 1.0 0.0 30.0 11.0 3.0 0.0 0.0 2.0 1.0 48.0 102.0 4.0 0.0 3.0 0.0 1.0 13.0 28.0 50.0 16.0 6.0 6.0 3.0 6.0 16.0 13.0 3.0 5.0 6.0 34.0 0.0 0.0 0.0 0.0 13.0 29.0 93.0 0.0 0.0 0.0 25.0 62.0 47.0 4.0 0.0 0.0 0.0 6.0 102.0 32.0 0.0 0.0 0.0 6.0 3.0 2.0 1.0 0.0 0.0 4.0 13.0 0.0 0.0 1.0 0.0 0.0 3.0 68.0 60.0 1.0 2.0 49.0 36.0 2.0 0.0 0.0 0.0 0.0 0.0 15.0 90.0 8.0 0.0 0.0 0.0 0.0 3.0 14.0 2.0 0.0 0.0 0.0 1.0 
25_3_010_43
0.0 0.0 0.0 0.0 6.0 2.0 0.0 0.0 0.0 1.0 8.0 3.0 6.0 0.0 0.0 0.0 0.0 1.0 63.0 79.0 0.0 0.0 0.0 0.0 0.0 0.0 5.0 15.0 1.0 2.0 16.0 1.0 0.0 0.0 3.0 5.0 1.0 0.0 0.0 0.0 0.0 3.0 63.0 26.0 2.0 0.0 0.0 0.0 0.0 1.0 42.0 102.0 2.0 0.0 0.0 0.0 0.0 0.0 0.0 0.0 0.0 0.0 36.0 33.0 0.0 0.0 20.0 51.0 5.0 0.0 0.0 0.0 4.0 45.0 58.0 23.0 0.0 0.0 9.0 14.0 0.0 1.0 24.0 68.0 2.0 2.0 6.0 4.0 0.0 0.0 0.0 0.0 0.0 0.0 38.0 33.0 0.0 0.0 18.0 88.0 1.0 0.0 0.0 0.0 12.0 8.0 24.0 42.0 1.0 0.0 8.0 70.0 0.0 0.0 17.0 55.0 0.0 0.0 3.0 17.0 14.0 2.0 0.0 0.0 0.0 0.0 2.0 25.0 
25_3_010_44
9.0 0.0 0.0 0.0 0.0 1.0 10.0 19.0 0.0 0.0 0.0 3.0 7.0 6.0 2.0 3.0 0.0 0.0 0.0 4.0 5.0 0.0 -3.0 33.0 0.0 0.0 0.0 0.0 0.0 8.0 3.0 24.0 9.0 0.0 0.0 0.0 2.0 6.0 13.0 53.0 35.0 40.0 12.0 22.0 8.0 0.0 0.0 -19.0 102.0 1.0 0.0 4.0 0.0 0.0 -5.0 -18.0 57.0 3.0 0.0 0.0 0.0 0.0 -7.0 3.0 68.0 0.0 0.0 0.0 0.0 0.0 -4.0 -12.0 -7.0 29.0 11.0 21.0 10.0 16.0 1.0 0.0 7.0 0.0 0.0 0.0 1.0 29.0 0.0 24.0 14.0 2.0 0.0 0.0 0.0 0.0 2.0 17.0 3.0 0.0 0.0 0.0 5.0 39.0 0.0 1.0 1.0 0.0 0.0 0.0 3.0 29.0 3.0 5.0 0.0 0.0 0.0 0.0 8.0 10.0 0.0 0.0 10.0 1.0 0.0 1.0 0.0 0.0 0.0 6.0 
25_3_010_45
0.0 0.0 0.0 20.0 27.0 0.0 0.0 0.0 5.0 0.0 0.0 5.0 9.0 1.0 1.0 7.0 0.0 0.0 12.0 64.0 0.0 0.0 0.0 0.0 0.0 0.0 0.0 2.0 0.0 0.0 0.0 0.0 0.0 0.0 14.0 26.0 0.0 0.0 0.0 0.0 0.0 0.0 1.0 22.0 1.0 1.0 8.0 7.0 0.0 0.0 6.0 102.0 0.0 0.0 0.0 0.0 0.0 0.0 0.0 1.0 0.0 0.0 0.0 0.0 0.0 0.0 15.0 19.0 0.0 0.0 0.0 0.0 0.0 0.0 1.0 11.0 3.0 1.0 14.0 5.0 0.0 0.0 21.0 90.0 0.0 0.0 0.0 0.0 0.0 0.0 0.0 0.0 0.0 1.0 0.0 0.0 0.0 0.0 2.0 4.0 2.0 0.0 0.0 0.0 0.0 0.0 30.0 21.0 0.0 0.0 2.0 1.0 0.0 0.0 19.0 29.0 0.0 0.0 0.0 0.0 0.0 0.0 2.0 0.0 0.0 0.0 0.0 0.0 
25_3_010_46
0.0 0.0 0.0 0.0 0.0 28.0 24.0 8.0 0.0 0.0 0.0 20.0 45.0 56.0 6.0 2.0 0.0 0.0 4.0 37.0 51.0 5.0 0.0 0.0 20.0 14.0 10.0 28.0 3.0 0.0 0.0 0.0 18.0 8.0 3.0 0.0 0.0 0.0 0.0 8.0 23.0 50.0 21.0 23.0 1.0 0.0 0.0 4.0 0.0 0.0 7.0 102.0 10.0 1.0 2.0 1.0 7.0 4.0 4.0 52.0 75.0 24.0 12.0 6.0 3.0 1.0 7.0 14.0 2.0 0.0 0.0 0.0 14.0 41.0 34.0 14.0 0.0 0.0 0.0 0.0 5.0 15.0 24.0 12.0 1.0 0.0 11.0 25.0 6.0 1.0 0.0 3.0 55.0 14.0 9.0 10.0 14.0 3.0 2.0 4.0 0.0 0.0 0.0 12.0 0.0 1.0 0.0 18.0 58.0 30.0 6.0 4.0 24.0 14.0 1.0 11.0 11.0 2.0 4.0 19.0 7.0 43.0 11.0 1.0 0.0 0.0 0.0 0.0 
25_3_010_47
19.0 3.0 0.0 8.0 12.0 0.0 0.0 5.0 28.0 19.0 8.0 7.0 1.0 0.0 0.0 0.0 0.0 0.0 5.0 86.0 11.0 0.0 0.0 0.0 0.0 0.0 0.0 3.0 0.0 0.0 0.0 0.0 0.0 0.0 0.0 29.0 41.0 0.0 0.0 0.0 15.0 6.0 0.0 1.0 6.0 0.0 4.0 9.0 0.0 0.0 22.0 83.0 0.0 0.0 0.0 0.0 0.0 0.0 1.0 2.0 0.0 0.0 0.0 0.0 0.0 0.0 12.0 32.0 2.0 0.0 0.0 0.0 0.0 0.0 0.0 15.0 1.0 1.0 6.0 8.0 0.0 0.0 5.0 102.0 0.0 0.0 0.0 0.0 0.0 0.0 0.0 1.0 0.0 0.0 0.0 0.0 0.0 0.0 12.0 18.0 0.0 0.0 0.0 0.0 0.0 0.0 1.0 14.0 1.0 1.0 13.0 5.0 0.0 0.0 13.0 68.0 0.0 0.0 0.0 0.0 0.0 0.0 0.0 0.0 0.0 0.0 0.0 0.0 
25_3_010_48
0.0 0.0 0.0 11.0 12.0 12.0 5.0 0.0 0.0 0.0 0.0 21.0 8.0 5.0 16.0 0.0 0.0 0.0 0.0 0.0 1.0 2.0 15.0 35.0 0.0 0.0 1.0 0.0 0.0 0.0 3.0 6.0 0.0 0.0 0.0 0.0 6.0 28.0 1.0 0.0 0.0 0.0 8.0 68.0 11.0 3.0 0.0 0.0 11.0 0.0 0.0 1.0 1.0 0.0 0.0 66.0 1.0 0.0 2.0 2.0 0.0 0.0 0.0 0.0 0.0 0.0 2.0 6.0 2.0 0.0 0.0 0.0 0.0 0.0 10.0 102.0 0.0 0.0 0.0 0.0 18.0 0.0 0.0 0.0 0.0 0.0 0.0 77.0 0.0 0.0 10.0 11.0 0.0 0.0 0.0 0.0 0.0 2.0 2.0 4.0 0.0 0.0 0.0 0.0 0.0 0.0 3.0 92.0 4.0 0.0 0.0 0.0 19.0 0.0 0.0 0.0 0.0 0.0 0.0 62.0 0.0 0.0 5.0 16.0 0.0 0.0 0.0 0.0 
25_3_010_49
0.0 0.0 0.0 0.0 0.0 0.0 13.0 16.0 0.0 0.0 0.0 78.0 11.0 1.0 0.0 0.0 1.0 0.0 0.0 0.0 0.0 0.0 15.0 102.0 0.0 0.0 0.0 0.0 0.0 1.0 2.0 5.0 0.0 0.0 0.0 0.0 0.0 1.0 12.0 9.0 0.0 0.0 1.0 97.0 9.0 0.0 0.0 3.0 0.0 0.0 0.0 0.0 0.0 0.0 28.0 99.0 2.0 0.0 0.0 0.0 0.0 0.0 2.0 11.0 0.0 0.0 0.0 0.0 2.0 0.0 2.0 2.0 1.0 0.0 2.0 83.0 7.0 0.0 0.0 0.0 10.0 3.0 0.0 0.0 0.0 0.0 15.0 77.0 8.0 23.0 0.0 0.0 0.0 0.0 0.0 0.0 0.0 2.0 6.0 7.0 1.0 0.0 0.0 0.0 1.0 2.0 20.0 31.0 0.0 0.0 0.0 4.0 5.0 14.0 19.0 0.0 0.0 0.0 0.0 22.0 16.0 15.0 0.0 0.0 0.0 0.0 0.0 13.0 
25_3_010_50
0.0 0.0 7.0 9.0 2.0 0.0 0.0 0.0 0.0 0.0 1.0 23.0 5.0 0.0 0.0 0.0 12.0 12.0 4.0 0.0 0.0 0.0 0.0 8.0 40.0 0.0 0.0 0.0 0.0 0.0 0.0 67.0 1.0 32.0 20.0 7.0 1.0 0.0 0.0 0.0 2.0 16.0 14.0 14.0 0.0 0.0 0.0 0.0 26.0 8.0 10.0 23.0 0.0 0.0 0.0 10.0 59.0 3.0 4.0 0.0 0.0 0.0 0.0 33.0 12.0 35.0 4.0 0.0 0.0 0.0 3.0 11.0 7.0 5.0 0.0 0.0 1.0 6.0 22.0 14.0 6.0 0.0 4.0 41.0 22.0 0.0 2.0 5.0 10.0 0.0 0.0 0.0 0.0 0.0 39.0 64.0 0.0 0.0 0.0 0.0 0.0 34.0 40.0 0.0 0.0 0.0 0.0 1.0 3.0 1.0 24.0 6.0 0.0 0.0 0.0 46.0 20.0 0.0 0.0 0.0 11.0 0.0 0.0 0.0 0.0 0.0 26.0 102.0 
25_3_010_51
5.0 13.0 9.0 17.0 40.0 4.0 1.0 2.0 15.0 2.0 3.0 1.0 0.0 1.0 11.0 10.0 9.0 3.0 7.0 0.0 0.0 0.0 8.0 15.0 0.0 0.0 55.0 13.0 0.0 0.0 0.0 0.0 0.0 0.0 1.0 12.0 50.0 24.0 0.0 0.0 0.0 0.0 1.0 5.0 13.0 16.0 29.0 5.0 0.0 0.0 15.0 42.0 5.0 5.0 1.0 0.0 0.0 0.0 24.0 19.0 4.0 0.0 0.0 0.0 0.0 0.0 29.0 73.0 0.0 0.0 0.0 0.0 16.0 3.0 8.0 2.0 0.0 0.0 4.0 8.0 0.0 0.0 13.0 36.0 10.0 1.0 0.0 0.0 0.0 5.0 52.0 28.0 11.0 0.0 0.0 0.0 0.0 0.0 28.0 29.0 0.0 0.0 0.0 0.0 0.0 6.0 4.0 0.0 0.0 0.0 7.0 3.0 0.0 0.0 43.0 18.0 3.0 0.0 0.0 0.0 0.0 0.0 102.0 94.0 0.0 0.0 0.0 0.0 
25_3_010_52
0.0 0.0 4.0 3.0 0.0 0.0 0.0 13.0 3.0 0.0 0.0 3.0 2.0 0.0 0.0 3.0 0.0 0.0 0.0 0.0 0.0 0.0 -42.0 102.0 15.0 26.0 1.0 0.0 0.0 0.0 -5.0 6.0 6.0 0.0 0.0 0.0 0.0 0.0 -17.0 68.0 8.0 0.0 0.0 2.0 3.0 3.0 2.0 2.0 4.0 5.0 0.0 3.0 6.0 3.0 -7.0 25.0 3.0 67.0 0.0 0.0 0.0 0.0 0.0 -9.0 15.0 0.0 0.0 0.0 0.0 0.0 -15.0 81.0 40.0 0.0 0.0 0.0 0.0 0.0 -17.0 32.0 6.0 0.0 5.0 20.0 2.0 0.0 -1.0 0.0 -2.0 6.0 3.0 6.0 6.0 12.0 1.0 0.0 1.0 2.0 0.0 1.0 0.0 0.0 4.0 21.0 3.0 0.0 0.0 0.0 0.0 0.0 -10.0 47.0 0.0 0.0 0.0 2.0 6.0 3.0 1.0 15.0 0.0 0.0 0.0 1.0 11.0 8.0 0.0 8.0 
25_3_010_53
0.0 0.0 0.0 0.0 4.0 2.0 1.0 0.0 1.0 0.0 2.0 8.0 7.0 0.0 0.0 0.0 3.0 0.0 0.0 29.0 18.0 0.0 0.0 6.0 0.0 0.0 0.0 51.0 19.0 0.0 0.0 0.0 0.0 0.0 0.0 0.0 6.0 11.0 0.0 0.0 0.0 0.0 2.0 38.0 10.0 0.0 0.0 0.0 7.0 0.0 2.0 31.0 0.0 0.0 0.0 17.0 0.0 0.0 6.0 102.0 1.0 0.0 0.0 0.0 0.0 2.0 17.0 3.0 2.0 0.0 0.0 0.0 1.0 1.0 35.0 31.0 0.0 0.0 0.0 0.0 3.0 0.0 11.0 34.0 0.0 0.0 0.0 16.0 0.0 0.0 11.0 85.0 0.0 0.0 0.0 0.0 0.0 0.0 43.0 5.0 0.0 0.0 0.0 0.0 9.0 10.0 34.0 1.0 0.0 0.0 0.0 11.0 1.0 0.0 7.0 44.0 0.0 0.0 0.0 20.0 0.0 0.0 8.0 50.0 0.0 0.0 0.0 0.0 
25_3_010_54
0.0 3.0 3.0 0.0 0.0 4.0 8.0 0.0 0.0 32.0 21.0 0.0 0.0 0.0 2.0 2.0 68.0 0.0 0.0 0.0 0.0 0.0 -9.0 5.0 17.0 0.0 0.0 0.0 2.0 0.0 -9.0 19.0 0.0 2.0 23.0 8.0 0.0 0.0 0.0 0.0 10.0 6.0 18.0 22.0 0.0 0.0 0.0 -4.0 60.0 7.0 5.0 1.0 0.0 0.0 -2.0 -13.0 53.0 3.0 0.0 0.0 0.0 0.0 -50.0 102.0 0.0 0.0 0.0 6.0 5.0 4.0 2.0 0.0 0.0 0.0 0.0 43.0 31.0 2.0 0.0 0.0 11.0 2.0 9.0 15.0 0.0 0.0 -13.0 29.0 6.0 0.0 6.0 12.0 0.0 0.0 -26.0 100.0 0.0 0.0 0.0 1.0 3.0 2.0 8.0 5.0 0.0 0.0 0.0 20.0 46.0 1.0 0.0 0.0 0.0 0.0 4.0 22.0 21.0 4.0 3.0 1.0 1.0 0.0 2.0 8.0 0.0 0.0 4.0 42.0 
25_3_010_55
0.0 0.0 42.0 46.0 1.0 1.0 0.0 0.0 0.0 0.0 92.0 20.0 4.0 11.0 12.0 0.0 2.0 2.0 5.0 2.0 2.0 18.0 22.0 5.0 0.0 0.0 0.0 0.0 0.0 2.0 55.0 21.0 0.0 0.0 16.0 102.0 23.0 0.0 0.0 0.0 0.0 0.0 4.0 21.0 22.0 15.0 4.0 0.0 3.0 0.0 10.0 11.0 6.0 13.0 53.0 14.0 1.0 0.0 0.0 0.0 0.0 0.0 46.0 52.0 0.0 0.0 10.0 67.0 14.0 0.0 0.0 0.0 0.0 0.0 0.0 28.0 32.0 11.0 3.0 0.0 0.0 0.0 0.0 0.0 0.0 8.0 47.0 24.0 9.0 9.0 3.0 0.0 0.0 0.0 3.0 14.0 26.0 14.0 2.0 0.0 8.0 5.0 0.0 0.0 0.0 4.0 1.0 2.0 38.0 31.0 0.0 0.0 0.0 0.0 0.0 0.0 6.0 30.0 8.0 0.0 0.0 0.0 0.0 0.0 0.0 4.0 17.0 2.0 
25_3_010_56
0.0 0.0 36.0 57.0 2.0 0.0 0.0 0.0 0.0 0.0 25.0 22.0 1.0 5.0 31.0 0.0 11.0 1.0 5.0 4.0 0.0 2.0 24.0 28.0 1.0 0.0 0.0 0.0 0.0 3.0 22.0 30.0 0.0 0.0 3.0 102.0 27.0 0.0 0.0 0.0 0.0 0.0 0.0 21.0 6.0 13.0 18.0 0.0 0.0 0.0 0.0 4.0 3.0 5.0 40.0 46.0 6.0 5.0 4.0 0.0 0.0 0.0 6.0 30.0 0.0 0.0 0.0 49.0 39.0 1.0 0.0 0.0 0.0 0.0 0.0 20.0 41.0 6.0 0.0 0.0 1.0 0.0 0.0 0.0 0.0 2.0 37.0 20.0 6.0 4.0 1.0 0.0 0.0 0.0 4.0 9.0 2.0 3.0 15.0 13.0 5.0 0.0 0.0 0.0 0.0 1.0 2.0 1.0 27.0 35.0 0.0 0.0 0.0 0.0 0.0 0.0 2.0 38.0 8.0 0.0 0.0 0.0 0.0 0.0 0.0 8.0 9.0 0.0 
25_3_010_57
1.0 5.0 3.0 0.0 0.0 2.0 1.0 0.0 5.0 26.0 12.0 0.0 0.0 0.0 1.0 0.0 18.0 7.0 2.0 0.0 0.0 0.0 -21.0 42.0 0.0 0.0 0.0 0.0 0.0 0.0 -10.0 30.0 0.0 1.0 10.0 6.0 0.0 0.0 0.0 0.0 0.0 6.0 16.0 17.0 0.0 0.0 0.0 0.0 34.0 4.0 1.0 0.0 0.0 0.0 -13.0 23.0 20.0 2.0 0.0 0.0 0.0 0.0 -45.0 102.0 0.0 0.0 0.0 2.0 9.0 3.0 5.0 0.0 0.0 0.0 11.0 47.0 12.0 0.0 0.0 0.0 6.0 3.0 10.0 6.0 0.0 0.0 -8.0 24.0 5.0 4.0 1.0 0.0 0.0 0.0 -18.0 95.0 0.0 0.0 0.0 3.0 3.0 1.0 6.0 1.0 0.0 0.0 2.0 38.0 28.0 0.0 0.0 0.0 0.0 0.0 16.0 13.0 2.0 1.0 1.0 2.0 0.0 0.0 0.0 0.0 0.0 0.0 5.0 61.0 
25_3_010_58
0.0 9.0 3.0 0.0 0.0 0.0 0.0 0.0 1.0 10.0 2.0 0.0 0.0 0.0 0.0 0.0 0.0 0.0 23.0 77.0 0.0 0.0 0.0 0.0 0.0 0.0 17.0 60.0 0.0 0.0 0.0 0.0 0.0 0.0 0.0 0.0 0.0 3.0 2.0 0.0 0.0 0.0 0.0 7.0 3.0 1.0 0.0 0.0 0.0 0.0 15.0 100.0 0.0 0.0 0.0 0.0 0.0 0.0 13.0 83.0 0.0 0.0 0.0 0.0 0.0 0.0 0.0 0.0 8.0 3.0 0.0 0.0 0.0 0.0 2.0 20.0 4.0 3.0 0.0 0.0 0.0 0.0 20.0 102.0 0.0 0.0 0.0 0.0 0.0 0.0 14.0 78.0 0.0 0.0 0.0 0.0 0.0 0.0 0.0 0.0 2.0 1.0 0.0 0.0 0.0 0.0 2.0 34.0 3.0 1.0 0.0 0.0 0.0 0.0 12.0 88.0 0.0 0.0 0.0 0.0 0.0 0.0 5.0 62.0 2.0 1.0 0.0 0.0 
25_3_010_59
0.0 5.0 1.0 0.0 0.0 0.0 0.0 0.0 0.0 4.0 3.0 4.0 0.0 0.0 0.0 0.0 0.0 0.0 13.0 84.0 0.0 0.0 0.0 0.0 0.0 0.0 10.0 70.0 0.0 0.0 0.0 0.0 0.0 2.0 1.0 0.0 0.0 7.0 0.0 0.0 0.0 3.0 2.0 7.0 4.0 4.0 0.0 0.0 0.0 0.0 9.0 102.0 0.0 0.0 0.0 0.0 0.0 0.0 10.0 81.0 2.0 0.0 0.0 0.0 0.0 2.0 3.0 0.0 0.0 1.0 0.0 0.0 0.0 3.0 8.0 14.0 2.0 1.0 0.0 0.0 0.0 0.0 15.0 99.0 0.0 0.0 0.0 0.0 0.0 0.0 15.0 76.0 0.0 0.0 0.0 0.0 0.0 0.0 0.0 0.0 0.0 3.0 1.0 0.0 0.0 0.0 1.0 22.0 4.0 2.0 0.0 0.0 0.0 0.0 7.0 86.0 0.0 0.0 0.0 0.0 0.0 0.0 4.0 64.0 2.0 0.0 0.0 0.0 
25_3_010_60
0.0 0.0 0.0 3.0 5.0 5.0 3.0 0.0 18.0 3.0 0.0 1.0 0.0 1.0 7.0 10.0 21.0 0.0 3.0 11.0 2.0 1.0 10.0 4.0 0.0 0.0 0.0 0.0 0.0 0.0 27.0 42.0 0.0 -5.0 16.0 9.0 1.0 0.0 1.0 9.0 0.0 0.0 4.0 51.0 19.0 10.0 20.0 16.0 1.0 8.0 0.0 0.0 0.0 0.0 13.0 102.0 1.0 0.0 0.0 0.0 0.0 0.0 8.0 24.0 0.0 -10.0 27.0 3.0 0.0 0.0 9.0 27.0 0.0 -2.0 35.0 36.0 9.0 1.0 4.0 22.0 0.0 0.0 0.0 0.0 0.0 0.0 55.0 69.0 2.0 0.0 0.0 0.0 0.0 0.0 0.0 12.0 0.0 0.0 5.0 0.0 0.0 0.0 9.0 29.0 0.0 0.0 0.0 2.0 5.0 29.0 3.0 3.0 0.0 0.0 0.0 0.0 0.0 2.0 36.0 25.0 2.0 0.0 0.0 0.0 0.0 0.0 -2.0 4.0 
25_3_010_61
0.0 0.0 0.0 9.0 5.0 2.0 1.0 0.0 0.0 0.0 2.0 26.0 2.0 0.0 0.0 0.0 0.0 3.0 16.0 3.0 0.0 0.0 2.0 4.0 1.0 0.0 0.0 0.0 0.0 1.0 17.0 4.0 1.0 0.0 0.0 12.0 8.0 1.0 0.0 8.0 0.0 0.0 25.0 58.0 6.0 0.0 0.0 0.0 28.0 18.0 10.0 0.0 0.0 0.0 1.0 7.0 26.0 13.0 0.0 0.0 0.0 0.0 0.0 4.0 8.0 1.0 3.0 3.0 7.0 3.0 1.0 38.0 0.0 0.0 12.0 102.0 18.0 3.0 0.0 0.0 5.0 8.0 1.0 3.0 23.0 12.0 2.0 0.0 28.0 6.0 4.0 0.0 1.0 8.0 3.0 5.0 0.0 0.0 1.0 1.0 8.0 13.0 15.0 3.0 0.0 0.0 0.0 9.0 48.0 38.0 0.0 0.0 0.0 1.0 5.0 27.0 39.0 3.0 0.0 0.0 9.0 32.0 4.0 0.0 0.0 9.0 4.0 0.0 
25_3_010_62
0.0 0.0 0.0 0.0 0.0 0.0 0.0 2.0 -5.0 13.0 3.0 0.0 0.0 0.0 0.0 0.0 -18.0 14.0 93.0 11.0 1.0 0.0 0.0 0.0 0.0 -5.0 21.0 5.0 4.0 0.0 4.0 9.0 0.0 0.0 0.0 0.0 0.0 0.0 0.0 4.0 -8.0 0.0 65.0 40.0 0.0 0.0 0.0 0.0 -33.0 79.0 15.0 6.0 0.0 0.0 0.0 1.0 -1.0 0.0 14.0 8.0 0.0 0.0 0.0 24.0 0.0 0.0 0.0 0.0 0.0 0.0 2.0 2.0 0.0 0.0 6.0 102.0 4.0 0.0 0.0 0.0 0.0 0.0 0.0 21.0 12.0 1.0 12.0 0.0 0.0 0.0 0.0 7.0 5.0 0.0 16.0 11.0 0.0 0.0 0.0 0.0 0.0 0.0 1.0 1.0 0.0 0.0 3.0 58.0 9.0 0.0 0.0 0.0 0.0 -1.0 11.0 10.0 2.0 1.0 0.0 0.0 0.0 0.0 0.0 0.0 3.0 2.0 7.0 4.0 
25_3_010_63
0.0 0.0 0.0 0.0 0.0 15.0 11.0 0.0 0.0 0.0 0.0 5.0 11.0 6.0 1.0 0.0 3.0 1.0 7.0 21.0 16.0 0.0 0.0 -1.0 68.0 3.0 4.0 1.0 0.0 0.0 -2.0 -18.0 0.0 0.0 0.0 0.0 7.0 11.0 6.0 0.0 0.0 0.0 0.0 1.0 11.0 26.0 10.0 0.0 0.0 0.0 6.0 74.0 25.0 1.0 0.0 0.0 5.0 1.0 8.0 18.0 22.0 0.0 -2.0 4.0 0.0 0.0 0.0 10.0 9.0 6.0 3.0 0.0 0.0 0.0 8.0 13.0 0.0 0.0 15.0 6.0 0.0 0.0 33.0 102.0 5.0 0.0 0.0 0.0 13.0 0.0 0.0 2.0 35.0 8.0 -5.0 36.0 0.0 0.0 0.0 24.0 8.0 0.0 0.0 2.0 1.0 0.0 1.0 15.0 3.0 0.0 -1.0 9.0 0.0 0.0 6.0 59.0 54.0 7.0 0.0 0.0 0.0 0.0 0.0 0.0 9.0 14.0 0.0 60.0 
25_3_010_64
0.0 0.0 0.0 0.0 0.0 0.0 0.0 0.0 0.0 0.0 0.0 8.0 20.0 0.0 0.0 0.0 0.0 3.0 17.0 34.0 12.0 0.0 0.0 0.0 2.0 4.0 4.0 0.0 0.0 0.0 8.0 5.0 0.0 0.0 0.0 0.0 0.0 0.0 0.0 0.0 0.0 0.0 0.0 14.0 2.0 0.0 0.0 0.0 0.0 0.0 8.0 102.0 0.0 0.0 2.0 2.0 0.0 0.0 0.0 0.0 0.0 0.0 22.0 24.0 0.0 0.0 0.0 0.0 1.0 1.0 0.0 0.0 0.0 0.0 1.0 17.0 2.0 0.0 0.0 0.0 3.0 0.0 18.0 94.0 0.0 0.0 0.0 12.0 1.0 0.0 0.0 0.0 0.0 0.0 4.0 42.0 0.0 0.0 0.0 0.0 0.0 0.0 0.0 0.0 0.0 0.0 2.0 24.0 0.0 0.0 0.0 0.0 0.0 0.0 12.0 77.0 0.0 0.0 0.0 16.0 0.0 0.0 0.0 0.0 0.0 0.0 2.0 39.0 
25_3_010_65
0.0 0.0 0.0 3.0 3.0 23.0 17.0 0.0 1.0 13.0 7.0 0.0 0.0 3.0 2.0 3.0 19.0 16.0 22.0 0.0 0.0 0.0 -8.0 18.0 0.0 0.0 0.0 0.0 0.0 11.0 23.0 35.0 0.0 0.0 15.0 47.0 5.0 7.0 4.0 0.0 7.0 11.0 20.0 10.0 0.0 8.0 14.0 -1.0 10.0 9.0 18.0 29.0 10.0 0.0 -17.0 44.0 33.0 0.0 0.0 0.0 0.0 1.0 -23.0 92.0 0.0 0.0 6.0 83.0 11.0 1.0 0.0 0.0 0.0 0.0 0.0 12.0 12.0 14.0 41.0 6.0 0.0 0.0 11.0 35.0 70.0 83.0 11.0 13.0 0.0 0.0 0.0 0.0 11.0 12.0 35.0 102.0 0.0 0.0 6.0 80.0 4.0 0.0 3.0 15.0 0.0 0.0 1.0 1.0 1.0 0.0 19.0 52.0 0.0 0.0 16.0 36.0 50.0 10.0 45.0 49.0 0.0 0.0 0.0 3.0 7.0 17.0 38.0 31.0 
25_3_010_66
1.0 0.0 3.0 13.0 50.0 32.0 8.0 1.0 38.0 4.0 1.0 7.0 3.0 0.0 6.0 20.0 13.0 20.0 11.0 2.0 1.0 0.0 0.0 0.0 5.0 26.0 13.0 32.0 10.0 0.0 0.0 0.0 23.0 8.0 9.0 28.0 16.0 0.0 4.0 7.0 18.0 16.0 37.0 102.0 31.0 0.0 0.0 0.0 31.0 76.0 12.0 0.0 0.0 0.0 8.0 20.0 0.0 27.0 1.0 0.0 6.0 33.0 7.0 0.0 9.0 62.0 32.0 0.0 0.0 0.0 0.0 0.0 0.0 4.0 41.0 47.0 32.0 4.0 0.0 0.0 20.0 2.0 8.0 2.0 0.0 10.0 24.0 74.0 4.0 0.0 0.0 0.0 5.0 39.0 21.0 43.0 7.0 22.0 4.0 0.0 0.0 0.0 0.0 0.0 9.0 1.0 0.0 3.0 21.0 4.0 1.0 0.0 0.0 0.0 0.0 4.0 8.0 35.0 54.0 22.0 0.0 2.0 1.0 0.0 1.0 1.0 32.0 50.0 
25_3_010_67
0.0 0.0 0.0 0.0 0.0 0.0 35.0 52.0 0.0 0.0 0.0 1.0 2.0 4.0 17.0 2.0 0.0 0.0 36.0 63.0 0.0 0.0 0.0 0.0 0.0 0.0 6.0 4.0 0.0 0.0 17.0 8.0 4.0 0.0 0.0 0.0 0.0 0.0 25.0 44.0 3.0 7.0 5.0 5.0 0.0 0.0 0.0 0.0 0.0 0.0 15.0 82.0 6.0 3.0 5.0 1.0 0.0 0.0 2.0 11.0 3.0 1.0 14.0 13.0 10.0 4.0 0.0 0.0 0.0 0.0 -41.0 102.0 1.0 36.0 13.0 2.0 0.0 0.0 0.0 0.0 1.0 1.0 21.0 31.0 0.0 0.0 0.0 2.0 3.0 6.0 20.0 41.0 1.0 0.0 0.0 2.0 16.0 0.0 0.0 0.0 0.0 0.0 -24.0 58.0 21.0 11.0 4.0 1.0 0.0 0.0 0.0 -2.0 0.0 0.0 7.0 5.0 2.0 0.0 0.0 0.0 0.0 0.0 6.0 23.0 5.0 4.0 11.0 0.0 
25_3_010_68
0.0 0.0 0.0 7.0 18.0 6.0 1.0 0.0 0.0 0.0 1.0 44.0 16.0 0.0 0.0 0.0 24.0 3.0 3.0 1.0 0.0 0.0 0.0 7.0 74.0 5.0 0.0 0.0 0.0 0.0 0.0 17.0 0.0 1.0 2.0 37.0 20.0 11.0 2.0 0.0 0.0 0.0 10.0 96.0 4.0 0.0 0.0 0.0 0.0 2.0 2.0 4.0 0.0 3.0 7.0 3.0 17.0 46.0 65.0 65.0 10.0 0.0 0.0 1.0 0.0 48.0 64.0 3.0 0.0 0.0 0.0 0.0 4.0 30.0 20.0 32.0 12.0 0.0 0.0 0.0 1.0 0.0 0.0 0.0 4.0 7.0 8.0 13.0 0.0 0.0 1.0 102.0 70.0 0.0 0.0 0.0 3.0 21.0 23.0 10.0 1.0 0.0 0.0 0.0 21.0 9.0 3.0 4.0 0.0 0.0 0.0 13.0 8.0 4.0 5.0 3.0 1.0 5.0 2.0 1.0 0.0 0.0 21.0 19.0 5.0 0.0 0.0 0.0 
25_3_010_69
0.0 0.0 0.0 1.0 7.0 7.0 1.0 0.0 0.0 0.0 0.0 33.0 6.0 0.0 0.0 0.0 4.0 1.0 2.0 3.0 0.0 0.0 0.0 3.0 34.0 0.0 0.0 0.0 0.0 0.0 0.0 24.0 0.0 5.0 10.0 17.0 6.0 3.0 1.0 0.0 0.0 0.0 15.0 50.0 0.0 0.0 0.0 0.0 0.0 1.0 2.0 2.0 0.0 1.0 3.0 1.0 21.0 23.0 26.0 6.0 1.0 0.0 0.0 6.0 0.0 34.0 21.0 3.0 0.0 0.0 0.0 0.0 4.0 15.0 8.0 15.0 4.0 0.0 0.0 0.0 0.0 0.0 0.0 0.0 1.0 3.0 7.0 5.0 0.0 0.0 1.0 102.0 19.0 0.0 0.0 0.0 2.0 23.0 10.0 4.0 0.0 0.0 0.0 0.0 12.0 0.0 0.0 0.0 0.0 0.0 2.0 11.0 1.0 1.0 5.0 2.0 1.0 2.0 0.0 0.0 0.0 0.0 7.0 22.0 12.0 0.0 0.0 0.0 
25_3_010_70
0.0 0.0 0.0 1.0 0.0 0.0 1.0 1.0 -41.0 102.0 23.0 7.0 0.0 0.0 0.0 0.0 -16.0 51.0 42.0 22.0 0.0 0.0 0.0 0.0 0.0 0.0 4.0 4.0 1.0 0.0 12.0 11.0 0.0 0.0 14.0 19.0 0.0 0.0 1.0 0.0 0.0 1.0 50.0 60.0 0.0 4.0 8.0 0.0 -5.0 12.0 17.0 26.0 3.0 2.0 1.0 0.0 0.0 2.0 0.0 0.0 0.0 0.0 15.0 32.0 0.0 0.0 18.0 53.0 0.0 0.0 0.0 0.0 -4.0 10.0 6.0 29.0 3.0 3.0 4.0 0.0 0.0 0.0 3.0 34.0 5.0 3.0 16.0 2.0 0.0 0.0 0.0 4.0 1.0 1.0 17.0 2.0 -4.0 8.0 39.0 27.0 0.0 0.0 0.0 0.0 -1.0 3.0 7.0 6.0 7.0 5.0 1.0 0.0 0.0 0.0 0.0 1.0 2.0 2.0 10.0 3.0 0.0 0.0 0.0 0.0 4.0 5.0 3.0 0.0 
25_3_010_71
0.0 3.0 7.0 4.0 9.0 21.0 0.0 0.0 0.0 11.0 17.0 10.0 46.0 34.0 0.0 0.0 3.0 32.0 6.0 2.0 42.0 58.0 0.0 0.0 33.0 19.0 7.0 1.0 0.0 55.0 10.0 -7.0 0.0 0.0 0.0 16.0 14.0 14.0 0.0 0.0 0.0 9.0 33.0 31.0 13.0 0.0 0.0 0.0 9.0 7.0 4.0 1.0 11.0 18.0 10.0 41.0 0.0 0.0 0.0 0.0 6.0 68.0 10.0 1.0 0.0 0.0 0.0 27.0 34.0 23.0 4.0 0.0 0.0 0.0 56.0 96.0 2.0 0.0 0.0 0.0 75.0 26.0 12.0 0.0 0.0 0.0 -42.0 95.0 13.0 0.0 0.0 0.0 0.0 0.0 -39.0 96.0 0.0 3.0 89.0 38.0 0.0 0.0 0.0 1.0 0.0 0.0 54.0 59.0 10.0 2.0 2.0 3.0 0.0 5.0 8.0 25.0 6.0 0.0 -17.0 102.0 0.0 0.0 0.0 0.0 0.0 6.0 13.0 89.0 
25_3_010_72
0.0 0.0 0.0 4.0 21.0 56.0 0.0 0.0 2.0 2.0 1.0 0.0 1.0 33.0 20.0 1.0 5.0 15.0 8.0 0.0 0.0 0.0 9.0 5.0 5.0 33.0 3.0 0.0 0.0 1.0 1.0 0.0 35.0 34.0 7.0 1.0 0.0 0.0 0.0 1.0 0.0 0.0 3.0 1.0 0.0 31.0 40.0 13.0 0.0 17.0 53.0 55.0 20.0 4.0 0.0 0.0 46.0 14.0 1.0 0.0 0.0 0.0 7.0 20.0 62.0 8.0 0.0 0.0 0.0 0.0 0.0 35.0 33.0 37.0 65.0 0.0 0.0 0.0 10.0 40.0 0.0 18.0 94.0 62.0 3.0 8.0 13.0 10.0 13.0 1.0 0.0 0.0 2.0 30.0 16.0 15.0 11.0 8.0 9.0 6.0 0.0 0.0 0.0 0.0 24.0 102.0 54.0 15.0 4.0 2.0 2.0 6.0 26.0 4.0 8.0 0.0 0.0 0.0 27.0 88.0 2.0 3.0 1.0 0.0 1.0 7.0 10.0 10.0 
25_3_010_73
14.0 0.0 0.0 0.0 0.0 0.0 0.0 23.0 0.0 1.0 13.0 16.0 0.0 0.0 0.0 0.0 10.0 23.0 12.0 1.0 0.0 0.0 0.0 3.0 3.0 16.0 17.0 4.0 0.0 0.0 1.0 0.0 1.0 1.0 0.0 1.0 0.0 0.0 16.0 13.0 0.0 2.0 3.0 4.0 7.0 14.0 13.0 6.0 1.0 2.0 8.0 25.0 61.0 6.0 6.0 4.0 4.0 0.0 0.0 0.0 0.0 1.0 16.0 16.0 0.0 2.0 11.0 5.0 5.0 2.0 1.0 0.0 32.0 8.0 0.0 0.0 0.0 0.0 1.0 24.0 0.0 1.0 24.0 102.0 4.0 0.0 0.0 0.0 47.0 21.0 3.0 0.0 0.0 0.0 0.0 9.0 0.0 22.0 23.0 0.0 0.0 0.0 0.0 0.0 13.0 40.0 6.0 0.0 0.0 0.0 0.0 0.0 0.0 23.0 46.0 26.0 7.0 0.0 0.0 0.0 14.0 7.0 6.0 2.0 3.0 8.0 14.0 15.0 
25_3_010_74
0.0 0.0 0.0 0.0 0.0 1.0 10.0 6.0 0.0 0.0 0.0 80.0 4.0 0.0 2.0 0.0 0.0 0.0 0.0 20.0 1.0 0.0 25.0 70.0 0.0 0.0 0.0 0.0 0.0 0.0 3.0 19.0 0.0 0.0 0.0 1.0 2.0 0.0 0.0 11.0 1.0 0.0 13.0 102.0 0.0 0.0 0.0 1.0 0.0 0.0 0.0 6.0 1.0 0.0 34.0 90.0 0.0 0.0 0.0 0.0 0.0 1.0 6.0 9.0 1.0 0.0 0.0 1.0 0.0 0.0 2.0 4.0 0.0 0.0 8.0 92.0 3.0 0.0 0.0 0.0 5.0 0.0 0.0 0.0 0.0 0.0 28.0 77.0 9.0 11.0 0.0 0.0 0.0 0.0 1.0 2.0 5.0 1.0 5.0 5.0 0.0 0.0 0.0 1.0 0.0 0.0 29.0 35.0 0.0 0.0 1.0 10.0 3.0 8.0 9.0 0.0 0.0 0.0 4.0 27.0 12.0 21.0 5.0 0.0 0.0 0.0 0.0 1.0 
25_3_010_75
0.0 0.0 0.0 1.0 7.0 73.0 25.0 13.0 0.0 0.0 0.0 3.0 25.0 76.0 33.0 0.0 23.0 0.0 0.0 1.0 2.0 0.0 5.0 47.0 39.0 4.0 0.0 0.0 0.0 0.0 0.0 19.0 0.0 0.0 0.0 0.0 0.0 18.0 72.0 22.0 0.0 0.0 5.0 64.0 24.0 12.0 3.0 0.0 0.0 0.0 0.0 9.0 9.0 2.0 26.0 24.0 23.0 7.0 11.0 2.0 0.0 0.0 0.0 8.0 0.0 7.0 19.0 2.0 0.0 3.0 13.0 0.0 0.0 0.0 8.0 19.0 19.0 57.0 29.0 0.0 0.0 0.0 9.0 34.0 53.0 25.0 6.0 0.0 7.0 15.0 23.0 16.0 3.0 1.0 5.0 1.0 3.0 3.0 0.0 0.0 0.0 2.0 47.0 12.0 2.0 9.0 3.0 0.0 7.0 11.0 29.0 2.0 2.0 0.0 0.0 4.0 97.0 27.0 1.0 2.0 0.0 0.0 0.0 0.0 26.0 102.0 26.0 0.0 
25_3_010_76
0.0 0.0 5.0 44.0 2.0 0.0 0.0 0.0 0.0 -1.0 16.0 76.0 12.0 0.0 0.0 0.0 -3.0 6.0 2.0 7.0 8.0 9.0 7.0 0.0 0.0 0.0 0.0 0.0 1.0 3.0 10.0 13.0 1.0 -1.0 26.0 80.0 0.0 0.0 0.0 0.0 0.0 -9.0 46.0 46.0 0.0 2.0 14.0 21.0 0.0 0.0 3.0 32.0 14.0 12.0 0.0 2.0 0.0 0.0 0.0 0.0 0.0 0.0 8.0 27.0 0.0 1.0 12.0 102.0 0.0 0.0 0.0 0.0 2.0 0.0 0.0 34.0 14.0 0.0 2.0 31.0 0.0 -7.0 37.0 38.0 0.0 0.0 -2.0 8.0 0.0 0.0 0.0 0.0 0.0 0.0 -1.0 41.0 0.0 0.0 1.0 64.0 8.0 0.0 0.0 0.0 0.0 0.0 0.0 30.0 15.0 2.0 0.0 0.0 0.0 0.0 10.0 32.0 0.0 0.0 0.0 5.0 0.0 0.0 0.0 0.0 0.0 0.0 -2.0 41.0 
25_3_010_77
1.0 0.0 0.0 0.0 2.0 24.0 15.0 5.0 7.0 3.0 1.0 0.0 2.0 3.0 6.0 8.0 1.0 2.0 4.0 1.0 2.0 4.0 0.0 0.0 1.0 2.0 1.0 0.0 0.0 0.0 0.0 1.0 54.0 5.0 1.0 1.0 1.0 0.0 0.0 12.0 6.0 7.0 13.0 37.0 0.0 0.0 0.0 0.0 29.0 5.0 3.0 0.0 0.0 1.0 0.0 9.0 1.0 2.0 2.0 0.0 3.0 0.0 0.0 2.0 102.0 6.0 0.0 0.0 0.0 0.0 0.0 45.0 9.0 18.0 15.0 26.0 0.0 0.0 0.0 0.0 34.0 0.0 0.0 0.0 0.0 0.0 0.0 27.0 2.0 1.0 5.0 9.0 0.0 0.0 0.0 0.0 34.0 3.0 0.0 0.0 1.0 0.0 4.0 30.0 20.0 12.0 0.0 0.0 0.0 0.0 0.0 21.0 3.0 1.0 1.0 0.0 0.0 0.0 10.0 24.0 2.0 2.0 2.0 1.0 0.0 0.0 1.0 2.0 
25_3_010_78
0.0 0.0 0.0 0.0 0.0 1.0 22.0 7.0 0.0 0.0 9.0 20.0 3.0 2.0 0.0 0.0 0.0 1.0 23.0 10.0 3.0 3.0 0.0 0.0 0.0 0.0 19.0 36.0 2.0 0.0 0.0 0.0 0.0 0.0 1.0 1.0 0.0 2.0 3.0 7.0 0.0 0.0 5.0 63.0 6.0 1.0 0.0 4.0 0.0 0.0 0.0 3.0 11.0 14.0 22.0 9.0 0.0 0.0 11.0 59.0 51.0 2.0 0.0 0.0 0.0 0.0 0.0 0.0 3.0 10.0 2.0 0.0 0.0 0.0 0.0 22.0 33.0 5.0 0.0 0.0 0.0 0.0 0.0 2.0 8.0 3.0 45.0 14.0 0.0 0.0 0.0 102.0 58.0 0.0 0.0 0.0 19.0 2.0 0.0 0.0 0.0 0.0 -1.0 0.0 10.0 1.0 5.0 5.0 10.0 0.0 0.0 -2.0 40.0 5.0 5.0 0.0 4.0 1.0 6.0 2.0 0.0 2.0 21.0 67.0 15.0 0.0 0.0 0.0 
25_3_010_79
0.0 0.0 0.0 2.0 15.0 66.0 27.0 1.0 0.0 0.0 0.0 16.0 29.0 47.0 10.0 0.0 20.0 0.0 0.0 4.0 1.0 0.0 0.0 45.0 7.0 24.0 27.0 0.0 0.0 0.0 5.0 5.0 1.0 3.0 13.0 6.0 7.0 23.0 0.0 0.0 0.0 0.0 17.0 102.0 5.0 0.0 0.0 0.0 9.0 7.0 33.0 15.0 0.0 0.0 0.0 14.0 47.0 25.0 65.0 6.0 0.0 0.0 0.0 44.0 2.0 60.0 29.0 0.0 0.0 0.0 0.0 0.0 3.0 36.0 21.0 38.0 6.0 0.0 0.0 0.0 0.0 0.0 35.0 77.0 6.0 0.0 0.0 0.0 4.0 0.0 1.0 10.0 3.0 7.0 32.0 18.0 0.0 32.0 16.0 1.0 0.0 0.0 0.0 0.0 8.0 37.0 0.0 0.0 0.0 2.0 6.0 2.0 0.0 1.0 13.0 15.0 13.0 19.0 0.0 0.0 1.0 2.0 1.0 0.0 8.0 16.0 3.0 1.0 
25_3_010_80
2.0 0.0 1.0 20.0 14.0 17.0 6.0 4.0 0.0 0.0 1.0 51.0 36.0 8.0 0.0 0.0 0.0 2.0 6.0 69.0 27.0 4.0 0.0 0.0 50.0 15.0 5.0 1.0 0.0 0.0 0.0 1.0 27.0 43.0 13.0 4.0 0.0 0.0 0.0 1.0 0.0 0.0 15.0 102.0 4.0 0.0 0.0 0.0 0.0 1.0 0.0 48.0 55.0 4.0 4.0 13.0 13.0 4.0 2.0 37.0 40.0 23.0 73.0 15.0 18.0 19.0 14.0 6.0 0.0 0.0 0.0 4.0 0.0 31.0 35.0 23.0 0.0 0.0 1.0 1.0 4.0 0.0 0.0 0.0 17.0 3.0 24.0 40.0 6.0 0.0 0.0 10.0 82.0 8.0 6.0 30.0 0.0 3.0 10.0 22.0 30.0 15.0 0.0 0.0 17.0 5.0 0.0 0.0 3.0 3.0 11.0 28.0 15.0 4.0 2.0 1.0 1.0 0.0 4.0 5.0 13.0 8.0 3.0 25.0 11.0 0.0 0.0 0.0 
25_3_010_81
0.0 0.0 0.0 0.0 44.0 29.0 0.0 0.0 0.0 2.0 14.0 18.0 13.0 16.0 2.0 0.0 8.0 16.0 4.0 0.0 0.0 0.0 2.0 2.0 0.0 5.0 13.0 11.0 4.0 0.0 0.0 0.0 0.0 4.0 16.0 51.0 8.0 5.0 0.0 0.0 0.0 0.0 6.0 58.0 19.0 8.0 0.0 0.0 10.0 16.0 20.0 36.0 5.0 0.0 0.0 1.0 12.0 3.0 0.0 0.0 0.0 0.0 0.0 7.0 11.0 8.0 27.0 28.0 0.0 0.0 0.0 3.0 0.0 3.0 31.0 23.0 4.0 0.0 3.0 1.0 26.0 2.0 40.0 102.0 0.0 0.0 0.0 4.0 41.0 0.0 0.0 0.0 0.0 4.0 0.0 25.0 7.0 21.0 21.0 4.0 0.0 0.0 0.0 0.0 0.0 0.0 1.0 2.0 13.0 1.0 29.0 8.0 0.0 0.0 0.0 81.0 42.0 26.0 43.0 2.0 8.0 0.0 0.0 3.0 23.0 30.0 18.0 14.0 
25_3_010_82
0.0 0.0 1.0 0.0 7.0 53.0 41.0 24.0 0.0 0.0 0.0 0.0 0.0 53.0 60.0 11.0 0.0 0.0 0.0 0.0 2.0 5.0 33.0 4.0 3.0 0.0 1.0 1.0 5.0 3.0 6.0 6.0 0.0 0.0 0.0 0.0 0.0 27.0 102.0 4.0 0.0 0.0 7.0 32.0 30.0 45.0 22.0 5.0 0.0 0.0 0.0 7.0 11.0 10.0 8.0 3.0 9.0 0.0 0.0 16.0 7.0 0.0 0.0 28.0 20.0 34.0 0.0 0.0 0.0 0.0 0.0 7.0 7.0 14.0 9.0 10.0 6.0 6.0 10.0 6.0 0.0 0.0 0.0 9.0 23.0 15.0 2.0 0.0 3.0 0.0 0.0 31.0 10.0 0.0 0.0 11.0 0.0 0.0 0.0 0.0 0.0 14.0 27.0 1.0 4.0 1.0 2.0 0.0 0.0 0.0 12.0 4.0 0.0 0.0 4.0 32.0 0.0 0.0 0.0 0.0 0.0 0.0 4.0 29.0 0.0 0.0 0.0 0.0 
25_3_010_83
0.0 0.0 0.0 0.0 0.0 0.0 37.0 28.0 0.0 0.0 0.0 1.0 14.0 11.0 13.0 6.0 0.0 0.0 16.0 64.0 13.0 0.0 0.0 0.0 0.0 0.0 1.0 7.0 1.0 7.0 21.0 2.0 0.0 0.0 0.0 0.0 0.0 1.0 29.0 50.0 0.0 1.0 4.0 12.0 2.0 2.0 4.0 7.0 0.0 0.0 25.0 102.0 2.0 0.0 6.0 7.0 0.0 0.0 1.0 1.0 1.0 0.0 17.0 26.0 2.0 2.0 0.0 0.0 0.0 0.0 18.0 40.0 1.0 2.0 5.0 22.0 1.0 0.0 0.0 0.0 0.0 0.0 2.0 74.0 10.0 4.0 16.0 5.0 8.0 1.0 3.0 15.0 4.0 2.0 -3.0 32.0 10.0 6.0 0.0 0.0 0.0 0.0 -21.0 47.0 0.0 24.0 20.0 2.0 0.0 0.0 0.0 0.0 1.0 0.0 9.0 28.0 2.0 0.0 -3.0 6.0 0.0 5.0 10.0 45.0 4.0 0.0 0.0 0.0 
25_3_010_84
20.0 8.0 15.0 3.0 0.0 0.0 0.0 6.0 0.0 1.0 30.0 39.0 3.0 0.0 0.0 0.0 0.0 3.0 20.0 24.0 11.0 2.0 0.0 0.0 10.0 10.0 0.0 0.0 0.0 0.0 0.0 6.0 9.0 17.0 33.0 3.0 0.0 0.0 0.0 9.0 0.0 3.0 37.0 8.0 3.0 1.0 7.0 2.0 6.0 12.0 64.0 69.0 0.0 0.0 0.0 0.0 26.0 0.0 0.0 0.0 0.0 2.0 1.0 36.0 5.0 9.0 4.0 0.0 0.0 3.0 18.0 1.0 0.0 0.0 0.0 23.0 8.0 10.0 36.0 3.0 0.0 0.0 7.0 102.0 21.0 53.0 38.0 0.0 11.0 0.0 0.0 2.0 24.0 22.0 14.0 27.0 4.0 3.0 1.0 0.0 0.0 2.0 3.0 11.0 7.0 1.0 1.0 22.0 1.0 0.0 0.0 13.0 10.0 0.0 2.0 23.0 4.0 1.0 30.0 34.0 0.0 0.0 5.0 50.0 25.0 0.0 0.0 0.0 
25_3_010_85
0.0 0.0 0.0 0.0 0.0 0.0 0.0 4.0 0.0 0.0 0.0 21.0 3.0 0.0 0.0 0.0 0.0 0.0 0.0 23.0 1.0 0.0 2.0 64.0 0.0 0.0 0.0 0.0 0.0 0.0 3.0 43.0 0.0 0.0 0.0 1.0 1.0 0.0 0.0 1.0 0.0 0.0 1.0 24.0 0.0 0.0 0.0 0.0 5.0 0.0 2.0 37.0 0.0 0.0 -7.0 81.0 0.0 0.0 0.0 0.0 0.0 0.0 -7.0 73.0 0.0 0.0 0.0 4.0 1.0 0.0 0.0 0.0 0.0 0.0 2.0 24.0 0.0 0.0 0.0 0.0 18.0 2.0 13.0 43.0 0.0 0.0 0.0 41.0 19.0 0.0 0.0 0.0 0.0 0.0 0.0 80.0 0.0 0.0 2.0 4.0 0.0 0.0 0.0 0.0 0.0 0.0 15.0 19.0 0.0 0.0 0.0 0.0 3.0 1.0 15.0 32.0 0.0 0.0 -1.0 30.0 2.0 0.0 0.0 0.0 0.0 0.0 -2.0 102.0 
25_3_010_86
1.0 3.0 7.0 12.0 3.0 0.0 0.0 0.0 6.0 24.0 19.0 29.0 7.0 0.0 0.0 4.0 14.0 25.0 9.0 0.0 0.0 0.0 14.0 5.0 0.0 0.0 0.0 1.0 5.0 3.0 34.0 10.0 10.0 0.0 0.0 0.0 0.0 12.0 22.0 27.0 0.0 0.0 16.0 89.0 73.0 11.0 4.0 0.0 28.0 1.0 0.0 0.0 1.0 4.0 17.0 38.0 20.0 0.0 3.0 1.0 0.0 0.0 1.0 14.0 57.0 42.0 2.0 0.0 0.0 0.0 0.0 7.0 0.0 28.0 100.0 102.0 0.0 0.0 0.0 0.0 102.0 54.0 8.0 0.0 0.0 0.0 0.0 6.0 37.0 50.0 2.0 0.0 0.0 0.0 0.0 0.0 3.0 17.0 4.0 1.0 2.0 0.0 0.0 0.0 0.0 10.0 21.0 34.0 15.0 0.0 0.0 0.0 1.0 2.0 0.0 0.0 8.0 13.0 46.0 45.0 0.0 0.0 0.0 0.0 26.0 30.0 16.0 0.0 
25_3_010_87
0.0 0.0 0.0 72.0 17.0 1.0 0.0 0.0 12.0 10.0 42.0 12.0 0.0 0.0 0.0 10.0 90.0 34.0 52.0 8.0 0.0 0.0 0.0 43.0 18.0 48.0 57.0 5.0 0.0 0.0 0.0 6.0 0.0 12.0 17.0 62.0 12.0 0.0 0.0 0.0 0.0 1.0 31.0 102.0 10.0 0.0 0.0 0.0 12.0 0.0 0.0 14.0 7.0 7.0 41.0 32.0 13.0 27.0 6.0 0.0 0.0 0.0 11.0 14.0 4.0 72.0 11.0 0.0 0.0 0.0 0.0 0.0 0.0 7.0 15.0 50.0 16.0 11.0 1.0 0.0 1.0 2.0 0.0 0.0 10.0 37.0 14.0 3.0 0.0 10.0 4.0 0.0 1.0 12.0 40.0 4.0 3.0 0.0 0.0 0.0 0.0 6.0 11.0 8.0 8.0 7.0 7.0 3.0 9.0 18.0 7.0 1.0 1.0 10.0 8.0 2.0 6.0 5.0 0.0 0.0 7.0 11.0 0.0 0.0 0.0 2.0 10.0 5.0 
25_3_010_88
0.0 0.0 0.0 0.0 0.0 20.0 31.0 0.0 0.0 0.0 1.0 7.0 3.0 16.0 14.0 0.0 1.0 16.0 12.0 1.0 0.0 0.0 0.0 0.0 12.0 7.0 19.0 0.0 0.0 0.0 -10.0 20.0 0.0 0.0 0.0 0.0 0.0 29.0 15.0 0.0 0.0 0.0 12.0 61.0 8.0 4.0 4.0 0.0 5.0 1.0 12.0 9.0 1.0 9.0 23.0 0.0 0.0 5.0 9.0 34.0 11.0 0.0 -5.0 13.0 0.0 0.0 0.0 0.0 20.0 27.0 10.0 1.0 0.0 0.0 2.0 96.0 20.0 0.0 0.0 0.0 0.0 0.0 0.0 9.0 7.0 6.0 33.0 13.0 0.0 0.0 0.0 13.0 53.0 61.0 30.0 4.0 0.0 0.0 1.0 7.0 2.0 0.0 2.0 11.0 0.0 0.0 2.0 102.0 9.0 1.0 0.0 4.0 0.0 0.0 2.0 2.0 1.0 0.0 4.0 43.0 0.0 2.0 9.0 15.0 8.0 5.0 14.0 71.0 
25_3_010_89
9.0 11.0 0.0 0.0 0.0 0.0 0.0 0.0 10.0 18.0 5.0 0.0 0.0 0.0 0.0 0.0 0.0 1.0 98.0 74.0 0.0 0.0 0.0 0.0 1.0 0.0 3.0 7.0 1.0 0.0 28.0 55.0 13.0 19.0 0.0 0.0 2.0 0.0 0.0 0.0 4.0 28.0 25.0 7.0 0.0 0.0 0.0 0.0 0.0 0.0 57.0 102.0 0.0 0.0 0.0 0.0 15.0 2.0 11.0 0.0 0.0 0.0 0.0 59.0 3.0 1.0 0.0 0.0 9.0 3.0 0.0 0.0 0.0 2.0 6.0 11.0 21.0 0.0 0.0 0.0 0.0 0.0 4.0 72.0 42.0 9.0 0.0 0.0 0.0 0.0 0.0 0.0 0.0 6.0 42.0 22.0 22.0 22.0 0.0 0.0 0.0 0.0 0.0 0.0 5.0 17.0 1.0 3.0 4.0 0.0 0.0 0.0 0.0 0.0 6.0 23.0 31.0 1.0 0.0 0.0 0.0 0.0 0.0 0.0 0.0 4.0 21.0 21.0 
25_3_010_90
0.0 0.0 0.0 6.0 22.0 27.0 26.0 7.0 0.0 1.0 1.0 0.0 0.0 7.0 21.0 30.0 1.0 4.0 36.0 11.0 3.0 2.0 1.0 1.0 0.0 35.0 52.0 6.0 3.0 1.0 0.0 0.0 0.0 0.0 2.0 4.0 6.0 35.0 31.0 0.0 0.0 0.0 0.0 4.0 8.0 5.0 19.0 6.0 0.0 0.0 25.0 102.0 4.0 0.0 0.0 2.0 0.0 0.0 13.0 26.0 33.0 15.0 4.0 0.0 0.0 0.0 5.0 17.0 10.0 6.0 0.0 0.0 1.0 0.0 4.0 6.0 7.0 13.0 -1.0 16.0 0.0 0.0 11.0 88.0 18.0 10.0 31.0 14.0 0.0 0.0 0.0 47.0 37.0 21.0 37.0 8.0 21.0 0.0 0.0 0.0 0.0 0.0 0.0 -5.0 0.0 0.0 0.0 2.0 9.0 9.0 0.0 14.0 0.0 0.0 0.0 16.0 35.0 7.0 29.0 17.0 0.0 0.0 0.0 56.0 33.0 3.0 12.0 3.0 
25_3_010_91
0.0 0.0 1.0 13.0 1.0 0.0 0.0 0.0 0.0 0.0 7.0 59.0 9.0 0.0 0.0 0.0 0.0 0.0 23.0 22.0 1.0 0.0 0.0 0.0 0.0 0.0 3.0 0.0 0.0 0.0 4.0 13.0 1.0 2.0 0.0 4.0 1.0 0.0 0.0 0.0 0.0 0.0 5.0 96.0 34.0 0.0 0.0 0.0 0.0 0.0 17.0 25.0 0.0 1.0 1.0 0.0 0.0 0.0 0.0 0.0 0.0 0.0 14.0 19.0 4.0 4.0 0.0 0.0 0.0 0.0 0.0 -2.0 0.0 0.0 57.0 102.0 0.0 0.0 0.0 0.0 0.0 0.0 2.0 7.0 0.0 1.0 3.0 2.0 0.0 0.0 0.0 0.0 0.0 0.0 0.0 20.0 1.0 0.0 11.0 12.0 0.0 0.0 0.0 0.0 0.0 0.0 49.0 54.0 0.0 0.0 0.0 1.0 0.0 0.0 0.0 0.0 0.0 0.0 8.0 2.0 0.0 0.0 0.0 0.0 0.0 0.0 1.0 8.0 
25_3_010_92
0.0 0.0 15.0 102.0 6.0 0.0 0.0 0.0 -1.0 -1.0 20.0 9.0 9.0 12.0 0.0 0.0 0.0 0.0 0.0 0.0 0.0 5.0 15.0 16.0 0.0 0.0 0.0 0.0 0.0 15.0 5.0 1.0 0.0 -9.0 57.0 95.0 0.0 0.0 1.0 5.0 0.0 0.0 3.0 34.0 12.0 12.0 15.0 14.0 0.0 0.0 1.0 7.0 1.0 0.0 5.0 27.0 0.0 0.0 0.0 0.0 0.0 3.0 10.0 11.0 0.0 0.0 3.0 89.0 11.0 0.0 7.0 5.0 0.0 -5.0 36.0 40.0 0.0 0.0 -1.0 23.0 0.0 1.0 2.0 2.0 0.0 0.0 -3.0 43.0 0.0 0.0 0.0 0.0 0.0 0.0 0.0 31.0 0.0 0.0 0.0 47.0 18.0 1.0 0.0 0.0 0.0 -1.0 13.0 44.0 1.0 0.0 0.0 0.0 0.0 1.0 0.0 0.0 0.0 0.0 -4.0 43.0 0.0 0.0 0.0 0.0 0.0 0.0 0.0 18.0 
25_3_010_93
0.0 0.0 1.0 5.0 3.0 0.0 4.0 1.0 17.0 5.0 3.0 2.0 16.0 6.0 1.0 2.0 25.0 -1.0 2.0 0.0 2.0 1.0 -8.0 33.0 0.0 0.0 0.0 0.0 0.0 0.0 32.0 31.0 0.0 -4.0 16.0 1.0 0.0 0.0 8.0 34.0 0.0 0.0 10.0 91.0 21.0 4.0 12.0 17.0 -5.0 14.0 0.0 0.0 0.0 0.0 11.0 102.0 0.0 0.0 0.0 0.0 0.0 0.0 10.0 39.0 0.0 -2.0 7.0 1.0 0.0 0.0 13.0 51.0 -1.0 3.0 43.0 55.0 9.0 3.0 2.0 8.0 0.0 0.0 0.0 0.0 0.0 0.0 52.0 65.0 2.0 0.0 0.0 0.0 0.0 0.0 5.0 21.0 0.0 2.0 0.0 0.0 0.0 0.0 12.0 26.0 0.0 -2.0 11.0 1.0 10.0 27.0 7.0 0.0 0.0 0.0 0.0 0.0 0.0 5.0 31.0 32.0 0.0 1.0 0.0 0.0 0.0 0.0 0.0 6.0 
25_3_010_94
0.0 0.0 0.0 0.0 0.0 0.0 -1.0 3.0 5.0 0.0 7.0 0.0 0.0 0.0 0.0 0.0 0.0 0.0 91.0 15.0 0.0 0.0 0.0 0.0 0.0 0.0 37.0 9.0 2.0 3.0 10.0 0.0 0.0 0.0 0.0 0.0 0.0 2.0 2.0 1.0 0.0 0.0 46.0 41.0 0.0 0.0 0.0 0.0 1.0 0.0 45.0 24.0 2.0 0.0 0.0 0.0 -3.0 14.0 10.0 4.0 3.0 1.0 4.0 4.0 3.0 2.0 0.0 0.0 0.0 0.0 0.0 1.0 0.0 0.0 9.0 102.0 2.0 0.0 0.0 0.0 0.0 0.0 46.0 12.0 1.0 0.0 0.0 0.0 0.0 3.0 36.0 1.0 0.0 0.0 0.0 0.0 0.0 2.0 1.0 0.0 0.0 0.0 0.0 3.0 0.0 0.0 70.0 63.0 0.0 0.0 0.0 0.0 0.0 0.0 34.0 4.0 1.0 0.0 0.0 0.0 0.0 0.0 1.0 0.0 0.0 2.0 10.0 0.0 
25_3_010_95
1.0 0.0 0.0 0.0 0.0 0.0 0.0 4.0 0.0 2.0 23.0 35.0 0.0 0.0 0.0 0.0 0.0 0.0 19.0 52.0 6.0 1.0 0.0 0.0 -1.0 7.0 15.0 5.0 0.0 0.0 8.0 15.0 2.0 0.0 0.0 0.0 0.0 1.0 1.0 0.0 0.0 0.0 20.0 87.0 0.0 0.0 0.0 0.0 0.0 0.0 9.0 21.0 9.0 1.0 0.0 0.0 -1.0 3.0 29.0 18.0 0.0 0.0 1.0 0.0 0.0 1.0 0.0 0.0 0.0 0.0 0.0 5.0 0.0 1.0 0.0 55.0 40.0 0.0 0.0 0.0 0.0 0.0 18.0 49.0 17.0 0.0 0.0 0.0 0.0 0.0 13.0 13.0 0.0 0.0 0.0 0.0 2.0 2.0 0.0 0.0 0.0 0.0 -1.0 1.0 0.0 2.0 2.0 20.0 7.0 0.0 0.0 0.0 0.0 0.0 16.0 102.0 6.0 0.0 0.0 0.0 0.0 0.0 0.0 0.0 1.0 1.0 3.0 1.0 
25_3_010_96
4.0 4.0 21.0 2.0 0.0 0.0 2.0 -1.0 0.0 1.0 102.0 25.0 15.0 1.0 0.0 0.0 5.0 29.0 10.0 11.0 7.0 2.0 -5.0 6.0 69.0 10.0 3.0 1.0 0.0 0.0 -6.0 -8.0 1.0 0.0 34.0 34.0 0.0 0.0 0.0 0.0 0.0 0.0 3.0 40.0 10.0 7.0 11.0 2.0 0.0 0.0 1.0 58.0 41.0 8.0 0.0 0.0 31.0 1.0 3.0 15.0 27.0 5.0 -28.0 48.0 0.0 0.0 2.0 30.0 15.0 2.0 0.0 0.0 2.0 0.0 0.0 10.0 11.0 14.0 12.0 4.0 0.0 0.0 0.0 10.0 63.0 62.0 7.0 0.0 0.0 0.0 21.0 92.0 65.0 6.0 0.0 0.0 0.0 0.0 0.0 16.0 35.0 3.0 0.0 1.0 0.0 0.0 0.0 4.0 10.0 1.0 -5.0 54.0 0.0 0.0 0.0 2.0 35.0 7.0 3.0 17.0 0.0 0.0 0.0 5.0 88.0 31.0 0.0 0.0 
25_3_010_97
0.0 1.0 19.0 6.0 0.0 0.0 0.0 0.0 2.0 29.0 12.0 0.0 0.0 0.0 0.0 0.0 17.0 43.0 0.0 0.0 0.0 0.0 -2.0 6.0 25.0 12.0 0.0 0.0 2.0 2.0 0.0 1.0 0.0 3.0 31.0 2.0 0.0 2.0 8.0 1.0 0.0 4.0 14.0 6.0 8.0 5.0 0.0 0.0 0.0 27.0 22.0 9.0 6.0 3.0 0.0 0.0 28.0 36.0 12.0 10.0 0.0 0.0 0.0 9.0 0.0 0.0 0.0 1.0 2.0 29.0 20.0 0.0 0.0 0.0 21.0 54.0 25.0 1.0 0.0 0.0 0.0 12.0 42.0 36.0 0.0 0.0 0.0 0.0 4.0 15.0 5.0 0.0 0.0 0.0 -6.0 45.0 0.0 0.0 29.0 16.0 1.0 1.0 0.0 0.0 0.0 17.0 102.0 37.0 0.0 0.0 0.0 0.0 4.0 54.0 23.0 9.0 0.0 0.0 5.0 14.0 0.0 2.0 3.0 0.0 0.0 0.0 28.0 19.0 
25_3_010_98
47.0 0.0 0.0 0.0 0.0 0.0 -1.0 -12.0 14.0 9.0 0.0 0.0 0.0 0.0 0.0 -3.0 -8.0 41.0 0.0 0.0 0.0 0.0 -1.0 0.0 -33.0 102.0 0.0 0.0 0.0 0.0 0.0 0.0 14.0 0.0 0.0 0.0 0.0 3.0 24.0 16.0 1.0 27.0 17.0 10.0 2.0 3.0 0.0 -2.0 -3.0 72.0 7.0 0.0 0.0 0.0 0.0 -8.0 -2.0 0.0 20.0 13.0 4.0 0.0 0.0 0.0 3.0 0.0 0.0 0.0 0.0 0.0 -7.0 41.0 -1.0 2.0 11.0 64.0 0.0 0.0 0.0 0.0 1.0 14.0 16.0 1.0 0.0 0.0 -1.0 -1.0 3.0 26.0 2.0 2.0 0.0 0.0 0.0 -5.0 1.0 0.0 0.0 0.0 0.0 0.0 0.0 17.0 1.0 0.0 1.0 40.0 3.0 0.0 0.0 1.0 0.0 0.0 0.0 3.0 14.0 9.0 2.0 0.0 0.0 0.0 0.0 0.0 12.0 10.0 2.0 0.0 
25_3_010_99
0.0 21.0 28.0 15.0 2.0 0.0 0.0 0.0 15.0 7.0 26.0 11.0 0.0 0.0 4.0 10.0 21.0 0.0 0.0 0.0 0.0 1.0 43.0 27.0 2.0 0.0 0.0 0.0 0.0 8.0 23.0 5.0 0.0 19.0 25.0 18.0 58.0 21.0 0.0 0.0 26.0 24.0 17.0 8.0 9.0 14.0 32.0 31.0 81.0 41.0 4.0 5.0 0.0 0.0 0.0 0.0 102.0 11.0 0.0 0.0 0.0 0.0 0.0 30.0 0.0 2.0 25.0 59.0 48.0 9.0 0.0 0.0 0.0 0.0 0.0 11.0 22.0 25.0 8.0 0.0 0.0 0.0 3.0 20.0 8.0 36.0 15.0 4.0 6.0 0.0 0.0 0.0 0.0 0.0 28.0 95.0 0.0 5.0 36.0 18.0 1.0 0.0 0.0 0.0 0.0 1.0 2.0 0.0 0.0 9.0 4.0 0.0 2.0 15.0 2.0 0.0 0.0 8.0 7.0 0.0 24.0 0.0 0.0 0.0 0.0 0.0 9.0 36.0 
25_3_010_100
38.0 15.0 0.0 0.0 0.0 0.0 0.0 2.0 30.0 4.0 0.0 0.0 0.0 0.0 1.0 21.0 9.0 6.0 53.0 32.0 1.0 0.0 1.0 17.0 10.0 3.0 18.0 13.0 0.0 2.0 28.0 33.0 6.0 0.0 0.0 4.0 34.0 9.0 0.0 0.0 51.0 12.0 9.0 0.0 0.0 0.0 0.0 9.0 33.0 23.0 68.0 70.0 0.0 0.0 0.0 8.0 89.0 52.0 40.0 3.0 0.0 0.0 0.0 8.0 0.0 0.0 0.0 35.0 55.0 0.0 0.0 0.0 11.0 7.0 4.0 14.0 8.0 0.0 0.0 4.0 0.0 2.0 11.0 102.0 22.0 8.0 1.0 0.0 9.0 0.0 0.0 0.0 0.0 0.0 29.0 42.0 0.0 1.0 8.0 24.0 11.0 0.0 0.0 0.0 0.0 0.0 1.0 14.0 49.0 4.0 0.0 0.0 0.0 0.0 0.0 49.0 30.0 4.0 0.0 0.0 5.0 1.0 0.0 0.0 0.0 7.0 15.0 9.0 
25_3_010_101
5.0 4.0 2.0 0.0 0.0 5.0 3.0 1.0 7.0 15.0 14.0 1.0 0.0 0.0 1.0 1.0 2.0 53.0 14.0 0.0 0.0 0.0 0.0 0.0 17.0 31.0 0.0 0.0 0.0 0.0 8.0 11.0 0.0 0.0 0.0 0.0 4.0 44.0 45.0 4.0 0.0 9.0 68.0 55.0 35.0 2.0 0.0 0.0 64.0 47.0 3.0 2.0 0.0 1.0 6.0 9.0 31.0 2.0 0.0 0.0 0.0 4.0 35.0 21.0 12.0 23.0 45.0 6.0 0.0 0.0 9.0 17.0 2.0 16.0 96.0 102.0 16.0 3.0 0.0 6.0 8.0 0.0 0.0 0.0 2.0 49.0 28.0 28.0 27.0 38.0 5.0 0.0 3.0 4.0 0.0 4.0 15.0 93.0 78.0 1.0 0.0 0.0 0.0 0.0 6.0 3.0 31.0 0.0 0.0 0.0 48.0 61.0 1.0 0.0 3.0 4.0 8.0 15.0 18.0 3.0 0.0 0.0 0.0 0.0 2.0 38.0 18.0 4.0 
25_3_010_102
0.0 0.0 0.0 0.0 60.0 49.0 0.0 0.0 0.0 0.0 0.0 0.0 33.0 86.0 8.0 0.0 3.0 0.0 0.0 0.0 12.0 11.0 31.0 102.0 37.0 0.0 0.0 0.0 0.0 0.0 0.0 31.0 0.0 0.0 0.0 1.0 11.0 45.0 0.0 0.0 0.0 0.0 7.0 60.0 42.0 4.0 0.0 0.0 0.0 0.0 0.0 0.0 6.0 1.0 32.0 56.0 27.0 0.0 0.0 0.0 0.0 0.0 0.0 32.0 0.0 4.0 41.0 13.0 2.0 0.0 0.0 0.0 0.0 0.0 40.0 28.0 6.0 5.0 11.0 0.0 0.0 0.0 1.0 0.0 0.0 1.0 44.0 14.0 9.0 0.0 2.0 0.0 0.0 0.0 7.0 30.0 0.0 0.0 0.0 10.0 45.0 28.0 0.0 0.0 0.0 0.0 6.0 6.0 10.0 20.0 8.0 0.0 1.0 11.0 16.0 0.0 0.0 0.0 1.0 0.0 21.0 1.0 1.0 0.0 0.0 0.0 1.0 46.0 
25_3_010_103
0.0 0.0 0.0 1.0 9.0 9.0 12.0 1.0 0.0 1.0 7.0 0.0 0.0 4.0 25.0 6.0 25.0 37.0 14.0 0.0 0.0 0.0 3.0 9.0 1.0 27.0 7.0 0.0 0.0 1.0 26.0 6.0 0.0 0.0 0.0 27.0 12.0 0.0 5.0 3.0 0.0 0.0 44.0 27.0 0.0 0.0 1.0 0.0 9.0 0.0 2.0 0.0 0.0 0.0 24.0 70.0 4.0 14.0 1.0 0.0 0.0 0.0 6.0 17.0 0.0 0.0 0.0 12.0 45.0 1.0 0.0 0.0 0.0 0.0 8.0 74.0 9.0 0.0 0.0 0.0 40.0 25.0 0.0 0.0 0.0 0.0 -14.0 66.0 6.0 85.0 16.0 0.0 0.0 0.0 0.0 0.0 0.0 0.0 0.0 16.0 56.0 0.0 0.0 0.0 0.0 0.0 7.0 102.0 46.0 0.0 0.0 0.0 11.0 65.0 20.0 6.0 4.0 0.0 1.0 0.0 18.0 62.0 13.0 3.0 1.0 0.0 2.0 4.0 
25_3_010_104
0.0 0.0 3.0 3.0 5.0 8.0 0.0 0.0 11.0 9.0 1.0 0.0 0.0 0.0 0.0 4.0 13.0 14.0 0.0 0.0 0.0 0.0 0.0 6.0 0.0 0.0 1.0 4.0 4.0 4.0 2.0 2.0 0.0 0.0 0.0 0.0 32.0 60.0 0.0 0.0 0.0 0.0 0.0 0.0 35.0 68.0 10.0 0.0 2.0 4.0 9.0 14.0 6.0 13.0 13.0 1.0 10.0 16.0 11.0 0.0 0.0 0.0 4.0 5.0 0.0 0.0 0.0 0.0 13.0 63.0 15.0 1.0 0.0 0.0 1.0 66.0 44.0 50.0 0.0 0.0 1.0 2.0 27.0 54.0 14.0 18.0 5.0 1.0 1.0 21.0 24.0 15.0 8.0 1.0 0.0 0.0 17.0 9.0 2.0 1.0 2.0 1.0 5.0 20.0 0.0 0.0 9.0 102.0 14.0 0.0 0.0 0.0 0.0 6.0 4.0 22.0 17.0 12.0 2.0 0.0 0.0 1.0 7.0 90.0 20.0 0.0 0.0 0.0 
25_3_010_105
2.0 1.0 2.0 1.0 5.0 20.0 17.0 9.0 0.0 0.0 14.0 62.0 15.0 1.0 0.0 0.0 0.0 0.0 31.0 60.0 0.0 0.0 0.0 0.0 3.0 3.0 5.0 7.0 0.0 0.0 0.0 0.0 9.0 102.0 14.0 0.0 0.0 0.0 0.0 0.0 1.0 66.0 44.0 50.0 0.0 0.0 0.0 0.0 0.0 0.0 35.0 68.0 10.0 0.0 0.0 0.0 1.0 0.0 0.0 0.0 0.0 4.0 11.0 9.0 4.0 22.0 17.0 12.0 2.0 0.0 0.0 6.0 27.0 54.0 14.0 18.0 5.0 1.0 1.0 2.0 11.0 12.0 6.0 13.0 13.0 1.0 2.0 4.0 0.0 0.0 0.0 0.0 0.0 6.0 13.0 14.0 7.0 90.0 20.0 0.0 0.0 0.0 0.0 1.0 22.0 16.0 8.0 1.0 0.0 0.0 1.0 20.0 11.0 0.0 0.0 0.0 4.0 5.0 10.0 16.0 1.0 4.0 4.0 4.0 2.0 2.0 0.0 0.0 
25_3_010_106
2.0 6.0 5.0 5.0 5.0 0.0 0.0 0.0 0.0 0.0 6.0 53.0 28.0 0.0 0.0 0.0 0.0 0.0 0.0 47.0 26.0 0.0 0.0 0.0 0.0 0.0 0.0 2.0 1.0 0.0 0.0 0.0 48.0 34.0 1.0 0.0 0.0 0.0 0.0 0.0 1.0 19.0 20.0 20.0 0.0 0.0 0.0 0.0 0.0 0.0 3.0 102.0 15.0 0.0 0.0 0.0 0.0 0.0 2.0 4.0 0.0 0.0 0.0 0.0 13.0 1.0 0.0 1.0 15.0 2.0 2.0 7.0 7.0 1.0 1.0 11.0 2.0 0.0 4.0 17.0 0.0 0.0 9.0 97.0 8.0 0.0 0.0 0.0 0.0 0.0 1.0 2.0 1.0 0.0 0.0 0.0 0.0 0.0 0.0 22.0 16.0 0.0 0.0 0.0 9.0 0.0 0.0 4.0 2.0 0.0 0.0 21.0 0.0 0.0 0.0 83.0 15.0 0.0 0.0 0.0 0.0 0.0 0.0 2.0 0.0 0.0 0.0 0.0 
25_3_010_107
0.0 0.0 0.0 5.0 13.0 0.0 0.0 0.0 0.0 0.0 0.0 30.0 32.0 0.0 0.0 0.0 16.0 3.0 28.0 19.0 2.0 0.0 0.0 -7.0 59.0 7.0 1.0 0.0 0.0 0.0 -28.0 45.0 0.0 0.0 0.0 0.0 6.0 33.0 19.0 0.0 0.0 0.0 11.0 87.0 35.0 7.0 0.0 0.0 0.0 0.0 7.0 37.0 40.0 1.0 -1.0 3.0 0.0 0.0 0.0 7.0 19.0 0.0 -18.0 50.0 1.0 0.0 14.0 8.0 0.0 0.0 10.0 8.0 0.0 0.0 30.0 101.0 19.0 0.0 0.0 0.0 0.0 2.0 20.0 21.0 10.0 5.0 -15.0 80.0 0.0 0.0 0.0 14.0 94.0 6.0 2.0 3.0 0.0 0.0 0.0 17.0 7.0 0.0 1.0 1.0 0.0 0.0 23.0 102.0 21.0 0.0 0.0 0.0 11.0 0.0 18.0 17.0 12.0 17.0 -11.0 97.0 0.0 0.0 0.0 38.0 41.0 1.0 -7.0 59.0 
25_3_010_108
0.0 0.0 0.0 0.0 0.0 0.0 0.0 0.0 0.0 0.0 4.0 44.0 1.0 0.0 0.0 0.0 0.0 0.0 1.0 24.0 24.0 3.0 2.0 3.0 14.0 8.0 3.0 1.0 2.0 0.0 2.0 6.0 0.0 0.0 0.0 0.0 0.0 1.0 0.0 0.0 0.0 0.0 23.0 74.0 0.0 0.0 0.0 0.0 6.0 5.0 2.0 0.0 4.0 8.0 4.0 15.0 0.0 0.0 3.0 15.0 7.0 15.0 1.0 0.0 0.0 0.0 0.0 3.0 1.0 0.0 0.0 0.0 0.0 0.0 20.0 102.0 0.0 0.0 0.0 0.0 9.0 3.0 1.0 0.0 0.0 0.0 2.0 34.0 0.0 7.0 47.0 9.0 0.0 0.0 0.0 0.0 0.0 0.0 0.0 3.0 0.0 0.0 0.0 0.0 0.0 0.0 10.0 62.0 23.0 0.0 0.0 0.0 2.0 2.0 26.0 4.0 0.0 0.0 0.0 9.0 0.0 3.0 41.0 5.0 0.0 0.0 0.0 0.0 
25_3_010_109
10.0 21.0 9.0 7.0 0.0 0.0 -1.0 8.0 3.0 3.0 1.0 8.0 6.0 0.0 -1.0 5.0 2.0 1.0 8.0 12.0 0.0 0.0 0.0 0.0 0.0 0.0 24.0 17.0 0.0 0.0 0.0 0.0 0.0 0.0 0.0 0.0 1.0 27.0 26.0 2.0 0.0 0.0 3.0 38.0 21.0 3.0 2.0 0.0 7.0 10.0 23.0 12.0 0.0 0.0 0.0 0.0 0.0 5.0 4.0 15.0 14.0 16.0 0.0 17.0 26.0 6.0 0.0 0.0 0.0 0.0 -5.0 24.0 0.0 1.0 38.0 71.0 2.0 0.0 0.0 0.0 14.0 38.0 21.0 9.0 0.0 0.0 0.0 0.0 0.0 0.0 0.0 0.0 0.0 2.0 9.0 54.0 10.0 0.0 0.0 25.0 11.0 0.0 -5.0 22.0 0.0 0.0 31.0 56.0 0.0 0.0 0.0 0.0 4.0 3.0 8.0 25.0 1.0 0.0 -2.0 15.0 0.0 0.0 0.0 0.0 0.0 0.0 -28.0 102.0 
25_3_010_110
0.0 0.0 0.0 0.0 3.0 3.0 2.0 0.0 0.0 0.0 0.0 36.0 102.0 0.0 0.0 0.0 4.0 2.0 0.0 15.0 78.0 5.0 0.0 0.0 11.0 1.0 0.0 0.0 2.0 0.0 -25.0 56.0 0.0 0.0 0.0 0.0 2.0 3.0 1.0 0.0 0.0 0.0 16.0 81.0 2.0 0.0 0.0 0.0 0.0 1.0 0.0 6.0 79.0 16.0 2.0 11.0 0.0 0.0 0.0 0.0 96.0 11.0 0.0 6.0 0.0 0.0 0.0 0.0 0.0 8.0 2.0 0.0 0.0 0.0 0.0 47.0 51.0 1.0 0.0 0.0 0.0 4.0 6.0 9.0 6.0 16.0 20.0 1.0 7.0 12.0 19.0 19.0 42.0 2.0 -1.0 7.0 0.0 0.0 0.0 0.0 0.0 4.0 0.0 0.0 0.0 0.0 0.0 14.0 23.0 1.0 0.0 0.0 0.0 3.0 29.0 43.0 38.0 0.0 0.0 0.0 1.0 4.0 17.0 21.0 1.0 0.0 -22.0 63.0 
25_3_010_111
0.0 0.0 13.0 42.0 0.0 0.0 0.0 0.0 0.0 0.0 1.0 10.0 5.0 4.0 31.0 2.0 0.0 0.0 4.0 15.0 2.0 0.0 6.0 25.0 0.0 1.0 13.0 1.0 0.0 1.0 21.0 49.0 0.0 10.0 15.0 37.0 1.0 0.0 0.0 0.0 0.0 0.0 4.0 8.0 1.0 0.0 -7.0 29.0 12.0 19.0 20.0 47.0 0.0 0.0 -11.0 32.0 32.0 71.0 25.0 1.0 0.0 0.0 -17.0 43.0 0.0 1.0 7.0 9.0 0.0 0.0 0.0 0.0 0.0 4.0 2.0 6.0 4.0 0.0 -3.0 8.0 0.0 0.0 15.0 79.0 15.0 5.0 3.0 0.0 2.0 3.0 0.0 0.0 0.0 10.0 102.0 34.0 0.0 1.0 4.0 0.0 2.0 3.0 0.0 0.0 0.0 0.0 6.0 15.0 4.0 0.0 0.0 0.0 0.0 0.0 3.0 10.0 2.0 11.0 55.0 3.0 2.0 2.0 0.0 0.0 2.0 4.0 23.0 2.0 
25_3_010_112
0.0 0.0 0.0 1.0 0.0 0.0 0.0 0.0 0.0 0.0 5.0 76.0 7.0 0.0 0.0 0.0 16.0 1.0 0.0 1.0 0.0 0.0 1.0 20.0 0.0 2.0 10.0 17.0 2.0 1.0 0.0 0.0 0.0 0.0 0.0 2.0 1.0 0.0 0.0 0.0 0.0 0.0 10.0 102.0 4.0 0.0 0.0 0.0 6.0 2.0 6.0 1.0 0.0 0.0 -1.0 26.0 0.0 3.0 56.0 9.0 0.0 0.0 0.0 0.0 0.0 0.0 0.0 1.0 0.0 0.0 0.0 0.0 0.0 0.0 0.0 63.0 47.0 0.0 0.0 0.0 1.0 1.0 11.0 5.0 29.0 11.0 1.0 3.0 0.0 0.0 32.0 26.0 6.0 0.0 0.0 0.0 0.0 0.0 0.0 0.0 1.0 1.0 0.0 0.0 0.0 0.0 0.0 0.0 17.0 4.0 0.0 0.0 0.0 0.0 0.0 0.0 34.0 47.0 0.0 0.0 0.0 1.0 3.0 65.0 51.0 0.0 0.0 0.0 
25_3_010_113
0.0 0.0 0.0 12.0 51.0 61.0 24.0 0.0 20.0 0.0 0.0 5.0 5.0 0.0 3.0 33.0 11.0 2.0 24.0 20.0 1.0 0.0 0.0 10.0 12.0 0.0 0.0 0.0 0.0 0.0 0.0 64.0 0.0 1.0 9.0 100.0 17.0 0.0 12.0 6.0 4.0 0.0 0.0 40.0 4.0 2.0 6.0 12.0 6.0 3.0 18.0 49.0 0.0 0.0 0.0 34.0 12.0 0.0 0.0 0.0 0.0 0.0 3.0 102.0 15.0 31.0 89.0 37.0 0.0 0.0 0.0 0.0 5.0 3.0 14.0 10.0 0.0 0.0 1.0 15.0 0.0 0.0 14.0 42.0 2.0 0.0 6.0 39.0 17.0 0.0 0.0 0.0 0.0 0.0 5.0 92.0 20.0 33.0 4.0 0.0 0.0 0.0 10.0 28.0 3.0 6.0 30.0 4.0 0.0 0.0 1.0 17.0 0.0 2.0 16.0 7.0 0.0 0.0 8.0 52.0 17.0 6.0 0.0 0.0 0.0 0.0 1.0 25.0 
25_3_010_114
0.0 0.0 11.0 68.0 0.0 0.0 0.0 0.0 0.0 0.0 2.0 17.0 1.0 0.0 0.0 0.0 0.0 0.0 17.0 90.0 0.0 0.0 0.0 0.0 0.0 0.0 0.0 2.0 0.0 0.0 0.0 0.0 0.0 0.0 1.0 8.0 0.0 0.0 0.0 0.0 0.0 0.0 1.0 11.0 1.0 0.0 0.0 0.0 0.0 0.0 17.0 102.0 0.0 0.0 0.0 0.0 0.0 0.0 0.0 1.0 0.0 0.0 0.0 0.0 0.0 0.0 0.0 1.0 1.0 0.0 0.0 0.0 0.0 0.0 4.0 27.0 0.0 0.0 0.0 0.0 0.0 0.0 16.0 99.0 0.0 0.0 0.0 0.0 0.0 0.0 0.0 0.0 0.0 0.0 0.0 0.0 0.0 0.0 0.0 1.0 1.0 0.0 0.0 0.0 0.0 0.0 2.0 35.0 1.0 0.0 0.0 0.0 0.0 0.0 8.0 70.0 0.0 0.0 0.0 0.0 0.0 0.0 0.0 0.0 0.0 0.0 0.0 0.0 
25_3_010_115
0.0 0.0 0.0 5.0 30.0 0.0 0.0 0.0 0.0 0.0 2.0 37.0 25.0 0.0 0.0 0.0 0.0 0.0 1.0 7.0 2.0 0.0 0.0 0.0 0.0 0.0 0.0 0.0 0.0 0.0 2.0 7.0 0.0 1.0 1.0 0.0 2.0 0.0 0.0 2.0 0.0 0.0 3.0 85.0 35.0 0.0 0.0 0.0 0.0 0.0 0.0 10.0 1.0 0.0 0.0 1.0 0.0 0.0 0.0 0.0 0.0 0.0 0.0 7.0 4.0 0.0 0.0 0.0 0.0 0.0 0.0 -1.0 0.0 0.0 19.0 102.0 0.0 0.0 0.0 0.0 0.0 0.0 2.0 6.0 0.0 0.0 0.0 5.0 0.0 0.0 0.0 0.0 0.0 0.0 2.0 3.0 0.0 0.0 0.0 0.0 0.0 0.0 0.0 0.0 0.0 0.0 4.0 91.0 1.0 0.0 0.0 0.0 0.0 0.0 1.0 1.0 0.0 0.0 -2.0 8.0 0.0 0.0 0.0 0.0 0.0 0.0 2.0 4.0 
25_3_010_116
2.0 0.0 0.0 0.0 0.0 2.0 24.0 10.0 -3.0 10.0 43.0 16.0 0.0 2.0 4.0 0.0 0.0 0.0 95.0 78.0 17.0 23.0 0.0 0.0 0.0 11.0 7.0 20.0 23.0 10.0 0.0 8.0 21.0 12.0 0.0 0.0 0.0 0.0 -3.0 3.0 -1.0 9.0 50.0 100.0 0.0 0.0 0.0 0.0 0.0 0.0 5.0 36.0 15.0 10.0 29.0 15.0 0.0 0.0 1.0 74.0 33.0 3.0 0.0 0.0 3.0 0.0 0.0 0.0 0.0 0.0 0.0 17.0 -1.0 3.0 13.0 102.0 9.0 0.0 0.0 0.0 0.0 0.0 0.0 17.0 11.0 4.0 15.0 25.0 0.0 0.0 0.0 13.0 27.0 50.0 30.0 0.0 0.0 0.0 0.0 0.0 1.0 4.0 14.0 3.0 0.0 0.0 0.0 21.0 57.0 1.0 0.0 0.0 16.0 1.0 0.0 8.0 16.0 1.0 1.0 -1.0 4.0 0.0 0.0 0.0 0.0 4.0 15.0 46.0 
25_3_010_117
0.0 0.0 0.0 0.0 29.0 20.0 1.0 0.0 0.0 0.0 0.0 0.0 85.0 102.0 0.0 0.0 0.0 0.0 0.0 0.0 42.0 78.0 38.0 12.0 0.0 0.0 0.0 0.0 0.0 0.0 16.0 13.0 1.0 0.0 0.0 0.0 0.0 0.0 0.0 0.0 0.0 0.0 0.0 10.0 8.0 0.0 0.0 0.0 0.0 0.0 8.0 66.0 5.0 0.0 0.0 0.0 3.0 1.0 1.0 0.0 0.0 0.0 0.0 3.0 0.0 0.0 0.0 0.0 1.0 1.0 1.0 0.0 0.0 0.0 2.0 20.0 2.0 0.0 0.0 0.0 0.0 0.0 9.0 61.0 0.0 0.0 0.0 0.0 0.0 0.0 0.0 1.0 3.0 0.0 1.0 0.0 0.0 0.0 0.0 0.0 1.0 0.0 0.0 0.0 0.0 0.0 2.0 24.0 0.0 0.0 0.0 0.0 0.0 0.0 6.0 42.0 0.0 0.0 0.0 1.0 0.0 0.0 0.0 0.0 1.0 1.0 0.0 1.0 
25_3_010_118
-1.0 2.0 7.0 16.0 20.0 17.0 1.0 0.0 5.0 0.0 0.0 3.0 0.0 11.0 -35.0 102.0 4.0 0.0 2.0 56.0 25.0 0.0 -1.0 1.0 0.0 0.0 0.0 0.0 0.0 0.0 -18.0 86.0 0.0 0.0 0.0 1.0 30.0 47.0 4.0 0.0 0.0 0.0 8.0 51.0 26.0 38.0 1.0 0.0 5.0 4.0 7.0 27.0 23.0 0.0 1.0 -3.0 0.0 0.0 0.0 0.0 6.0 2.0 11.0 70.0 0.0 0.0 0.0 4.0 40.0 12.0 0.0 0.0 0.0 0.0 4.0 42.0 44.0 5.0 0.0 0.0 0.0 0.0 0.0 1.0 26.0 45.0 11.0 0.0 0.0 0.0 0.0 2.0 21.0 11.0 28.0 48.0 -4.0 13.0 9.0 14.0 5.0 0.0 0.0 0.0 0.0 0.0 1.0 26.0 16.0 3.0 0.0 0.0 0.0 0.0 0.0 1.0 17.0 10.0 0.0 0.0 0.0 0.0 0.0 0.0 7.0 9.0 7.0 10.0 
25_3_010_119
0.0 0.0 0.0 0.0 1.0 1.0 0.0 0.0 2.0 1.0 0.0 0.0 1.0 0.0 0.0 0.0 0.0 0.0 31.0 7.0 0.0 0.0 0.0 0.0 0.0 0.0 84.0 27.0 0.0 0.0 2.0 0.0 0.0 0.0 0.0 2.0 3.0 1.0 0.0 0.0 0.0 0.0 0.0 5.0 1.0 0.0 0.0 0.0 0.0 0.0 99.0 85.0 6.0 0.0 0.0 0.0 2.0 7.0 27.0 2.0 0.0 5.0 31.0 13.0 0.0 0.0 1.0 2.0 1.0 0.0 0.0 0.0 0.0 0.0 0.0 7.0 7.0 1.0 0.0 0.0 0.0 0.0 4.0 102.0 67.0 0.0 0.0 0.0 1.0 29.0 21.0 6.0 8.0 2.0 0.0 1.0 0.0 0.0 0.0 0.0 1.0 0.0 0.0 0.0 0.0 0.0 0.0 0.0 0.0 0.0 0.0 0.0 0.0 0.0 12.0 27.0 47.0 4.0 0.0 0.0 0.0 9.0 65.0 68.0 24.0 0.0 0.0 0.0 
25_3_010_120
0.0 0.0 0.0 0.0 0.0 0.0 17.0 12.0 0.0 0.0 0.0 10.0 8.0 3.0 5.0 6.0 0.0 0.0 1.0 73.0 5.0 0.0 0.0 5.0 0.0 0.0 0.0 1.0 1.0 0.0 4.0 24.0 0.0 1.0 1.0 1.0 1.0 9.0 9.0 1.0 15.0 4.0 11.0 8.0 0.0 0.0 0.0 -3.0 0.0 0.0 8.0 102.0 0.0 0.0 -3.0 16.0 3.0 0.0 3.0 0.0 0.0 0.0 -9.0 41.0 12.0 73.0 33.0 0.0 0.0 0.0 0.0 -6.0 38.0 72.0 19.0 0.0 0.0 0.0 0.0 -18.0 13.0 4.0 66.0 20.0 0.0 0.0 -5.0 10.0 11.0 1.0 1.0 0.0 0.0 0.0 -29.0 67.0 74.0 7.0 8.0 1.0 0.0 0.0 -2.0 -20.0 20.0 0.0 2.0 0.0 0.0 0.0 -13.0 30.0 5.0 0.0 5.0 27.0 11.0 0.0 0.0 -1.0 35.0 0.0 0.0 0.0 0.0 0.0 -23.0 43.0 
25_3_010_121
0.0 0.0 1.0 19.0 2.0 0.0 0.0 0.0 0.0 0.0 3.0 22.0 6.0 2.0 3.0 1.0 0.0 10.0 15.0 0.0 0.0 0.0 0.0 2.0 0.0 11.0 20.0 0.0 0.0 0.0 0.0 0.0 0.0 0.0 0.0 5.0 8.0 0.0 0.0 0.0 0.0 0.0 0.0 6.0 51.0 17.0 0.0 0.0 0.0 4.0 18.0 28.0 17.0 0.0 0.0 0.0 0.0 5.0 11.0 2.0 0.0 0.0 0.0 0.0 0.0 0.0 0.0 0.0 0.0 0.0 0.0 0.0 0.0 0.0 2.0 21.0 6.0 0.0 0.0 0.0 0.0 1.0 17.0 102.0 2.0 0.0 0.0 0.0 3.0 0.0 0.0 0.0 0.0 0.0 4.0 19.0 0.0 0.0 0.0 0.0 1.0 0.0 0.0 0.0 0.0 0.0 0.0 11.0 5.0 1.0 0.0 0.0 0.0 0.0 0.0 87.0 9.0 0.0 0.0 0.0 0.0 0.0 0.0 0.0 0.0 0.0 8.0 19.0 
25_3_010_122
0.0 0.0 0.0 0.0 0.0 0.0 9.0 78.0 2.0 0.0 27.0 69.0 0.0 0.0 0.0 17.0 48.0 27.0 8.0 0.0 0.0 0.0 0.0 8.0 34.0 0.0 0.0 0.0 0.0 1.0 2.0 12.0 19.0 0.0 0.0 0.0 0.0 0.0 0.0 70.0 10.0 0.0 24.0 102.0 1.0 0.0 0.0 12.0 8.0 6.0 4.0 9.0 5.0 14.0 53.0 15.0 5.0 0.0 0.0 0.0 0.0 0.0 37.0 52.0 25.0 0.0 1.0 3.0 0.0 0.0 0.0 31.0 17.0 2.0 14.0 33.0 5.0 1.0 0.0 4.0 13.0 0.0 0.0 0.0 0.0 8.0 49.0 36.0 0.0 0.0 0.0 0.0 0.0 0.0 24.0 20.0 1.0 0.0 0.0 3.0 0.0 1.0 3.0 17.0 10.0 0.0 0.0 4.0 4.0 1.0 3.0 18.0 1.0 0.0 0.0 0.0 0.0 1.0 49.0 40.0 4.0 1.0 1.0 1.0 0.0 7.0 21.0 2.0 
25_3_010_123
1.0 0.0 0.0 0.0 0.0 0.0 -1.0 4.0 0.0 0.0 24.0 51.0 0.0 0.0 0.0 0.0 1.0 0.0 16.0 62.0 0.0 0.0 1.0 0.0 0.0 0.0 0.0 3.0 0.0 1.0 18.0 29.0 0.0 2.0 0.0 0.0 0.0 0.0 0.0 1.0 -1.0 3.0 20.0 95.0 0.0 0.0 0.0 0.0 0.0 0.0 3.0 36.0 13.0 2.0 5.0 0.0 -3.0 8.0 5.0 9.0 0.0 0.0 1.0 41.0 0.0 3.0 1.0 2.0 0.0 0.0 0.0 1.0 0.0 0.0 5.0 102.0 2.0 0.0 0.0 0.0 0.0 0.0 0.0 10.0 23.0 3.0 0.0 0.0 0.0 1.0 9.0 12.0 0.0 0.0 0.0 13.0 1.0 1.0 0.0 0.0 0.0 0.0 0.0 0.0 0.0 0.0 2.0 72.0 8.0 0.0 0.0 0.0 2.0 1.0 1.0 8.0 3.0 1.0 0.0 0.0 0.0 0.0 7.0 24.0 0.0 0.0 0.0 0.0 
25_3_010_124
11.0 4.0 0.0 0.0 0.0 3.0 0.0 2.0 3.0 8.0 12.0 19.0 0.0 0.0 0.0 0.0 0.0 0.0 34.0 97.0 2.0 0.0 0.0 0.0 1.0 0.0 6.0 6.0 2.0 3.0 11.0 17.0 69.0 47.0 3.0 5.0 23.0 3.0 4.0 0.0 0.0 18.0 58.0 49.0 6.0 0.0 0.0 0.0 6.0 5.0 12.0 19.0 49.0 12.0 3.0 15.0 0.0 0.0 0.0 0.0 16.0 23.0 64.0 7.0 102.0 9.0 0.0 0.0 0.0 23.0 29.0 26.0 26.0 14.0 11.0 26.0 10.0 13.0 14.0 13.0 0.0 0.0 0.0 5.0 19.0 18.0 59.0 9.0 0.0 0.0 0.0 2.0 14.0 4.0 47.0 38.0 0.0 0.0 0.0 0.0 0.0 21.0 29.0 13.0 0.0 0.0 0.0 0.0 0.0 6.0 42.0 13.0 0.0 0.0 0.0 9.0 5.0 0.0 7.0 6.0 0.0 0.0 0.0 0.0 2.0 0.0 12.0 35.0 
25_3_010_125
-5.0 27.0 1.0 0.0 0.0 0.0 0.0 0.0 19.0 19.0 0.0 0.0 0.0 0.0 0.0 -9.0 -26.0 89.0 0.0 0.0 0.0 0.0 0.0 0.0 -25.0 102.0 0.0 0.0 0.0 0.0 0.0 0.0 9.0 43.0 7.0 0.0 0.0 0.0 0.0 -8.0 46.0 23.0 0.0 0.0 0.0 0.0 -3.0 -11.0 -3.0 10.0 28.0 27.0 1.0 0.0 0.0 0.0 -3.0 9.0 1.0 0.0 0.0 7.0 7.0 0.0 0.0 0.0 0.0 2.0 1.0 4.0 7.0 1.0 4.0 15.0 7.0 2.0 0.0 0.0 -3.0 4.0 -1.0 9.0 19.0 3.0 0.0 0.0 2.0 4.0 0.0 0.0 0.0 0.0 0.0 0.0 14.0 3.0 0.0 0.0 15.0 8.0 0.0 0.0 0.0 0.0 0.0 0.0 17.0 1.0 0.0 3.0 4.0 0.0 0.0 0.0 0.0 0.0 0.0 2.0 21.0 5.0 0.0 0.0 0.0 0.0 0.0 0.0 11.0 1.0 
25_3_010_126
0.0 -1.0 4.0 0.0 0.0 0.0 0.0 0.0 0.0 -40.0 102.0 2.0 0.0 0.0 0.0 0.0 0.0 -2.0 5.0 1.0 0.0 0.0 3.0 8.0 0.0 0.0 0.0 0.0 0.0 0.0 0.0 11.0 -6.0 9.0 17.0 0.0 0.0 0.0 0.0 0.0 0.0 -15.0 40.0 13.0 12.0 1.0 0.0 0.0 2.0 -1.0 4.0 3.0 11.0 2.0 0.0 1.0 0.0 0.0 0.0 0.0 0.0 0.0 -6.0 25.0 -9.0 6.0 44.0 2.0 0.0 0.0 0.0 0.0 1.0 22.0 3.0 0.0 0.0 0.0 0.0 -4.0 -3.0 0.0 17.0 14.0 0.0 0.0 0.0 0.0 0.0 0.0 0.0 0.0 0.0 0.0 -5.0 26.0 0.0 -1.0 10.0 26.0 5.0 0.0 0.0 0.0 2.0 0.0 0.0 0.0 1.0 1.0 1.0 6.0 0.0 0.0 0.0 11.0 10.0 0.0 0.0 0.0 0.0 0.0 0.0 0.0 0.0 0.0 2.0 11.0 
25_3_010_127
0.0 0.0 7.0 42.0 7.0 2.0 0.0 0.0 10.0 0.0 8.0 11.0 5.0 4.0 -11.0 39.0 6.0 0.0 0.0 26.0 14.0 0.0 -46.0 102.0 1.0 0.0 0.0 26.0 17.0 0.0 -8.0 24.0 0.0 0.0 0.0 7.0 64.0 10.0 0.0 0.0 0.0 0.0 0.0 0.0 28.0 94.0 7.0 0.0 1.0 6.0 3.0 18.0 17.0 15.0 -3.0 18.0 0.0 0.0 4.0 33.0 13.0 0.0 1.0 4.0 0.0 0.0 0.0 4.0 34.0 1.0 0.0 0.0 0.0 0.0 4.0 13.0 19.0 8.0 2.0 0.0 0.0 0.0 6.0 51.0 15.0 11.0 3.0 0.0 0.0 0.0 0.0 2.0 33.0 16.0 6.0 0.0 2.0 0.0 0.0 0.0 3.0 13.0 1.0 2.0 0.0 0.0 4.0 25.0 29.0 4.0 0.0 0.0 0.0 0.0 0.0 10.0 20.0 12.0 1.0 0.0 0.0 0.0 0.0 3.0 18.0 6.0 1.0 0.0 
25_3_010_128
1.0 0.0 4.0 15.0 2.0 0.0 2.0 2.0 0.0 10.0 36.0 3.0 0.0 0.0 0.0 0.0 0.0 9.0 84.0 7.0 0.0 0.0 0.0 0.0 8.0 47.0 16.0 2.0 0.0 0.0 0.0 0.0 8.0 36.0 40.0 2.0 0.0 0.0 0.0 0.0 7.0 19.0 29.0 8.0 2.0 0.0 0.0 0.0 0.0 0.0 48.0 102.0 6.0 0.0 0.0 0.0 12.0 17.0 7.0 7.0 7.0 5.0 14.0 6.0 0.0 8.0 25.0 18.0 0.0 0.0 0.0 0.0 11.0 69.0 21.0 15.0 3.0 0.0 0.0 0.0 4.0 16.0 32.0 26.0 1.0 11.0 4.0 10.0 0.0 33.0 11.0 0.0 0.0 24.0 56.0 2.0 0.0 6.0 28.0 7.0 1.0 0.0 0.0 0.0 0.0 3.0 45.0 20.0 5.0 0.0 0.0 0.0 8.0 53.0 10.0 1.0 2.0 2.0 0.0 0.0 0.0 43.0 22.0 0.0 0.0 8.0 10.0 0.0 
25_3_010_129
0.0 0.0 0.0 0.0 0.0 5.0 24.0 2.0 0.0 0.0 15.0 72.0 1.0 3.0 1.0 0.0 0.0 0.0 7.0 38.0 11.0 49.0 34.0 0.0 0.0 0.0 0.0 0.0 18.0 39.0 14.0 11.0 8.0 0.0 0.0 0.0 0.0 0.0 0.0 17.0 0.0 0.0 6.0 102.0 2.0 0.0 0.0 0.0 0.0 0.0 0.0 0.0 0.0 9.0 56.0 60.0 0.0 0.0 0.0 53.0 51.0 3.0 0.0 0.0 3.0 0.0 0.0 0.0 0.0 0.0 2.0 17.0 7.0 1.0 33.0 53.0 3.0 0.0 5.0 3.0 22.0 5.0 6.0 0.0 0.0 5.0 55.0 54.0 0.0 0.0 24.0 79.0 4.0 0.0 0.0 0.0 25.0 10.0 7.0 0.0 0.0 0.0 0.0 1.0 10.0 8.0 45.0 51.0 0.0 0.0 0.0 1.0 82.0 34.0 3.0 0.0 0.0 0.0 0.0 21.0 0.0 8.0 46.0 23.0 0.0 0.0 0.0 1.0 
25_3_010_130
0.0 0.0 0.0 0.0 1.0 15.0 34.0 17.0 0.0 0.0 0.0 11.0 71.0 29.0 0.0 0.0 0.0 0.0 0.0 0.0 0.0 4.0 33.0 45.0 0.0 0.0 0.0 2.0 20.0 9.0 0.0 0.0 0.0 0.0 0.0 0.0 0.0 0.0 13.0 70.0 0.0 2.0 33.0 41.0 29.0 5.0 2.0 0.0 0.0 0.0 0.0 0.0 2.0 2.0 10.0 59.0 0.0 0.0 0.0 15.0 2.0 0.0 0.0 0.0 13.0 0.0 0.0 0.0 0.0 0.0 -29.0 102.0 0.0 5.0 31.0 60.0 0.0 0.0 0.0 0.0 0.0 0.0 0.0 0.0 0.0 0.0 -8.0 91.0 0.0 0.0 1.0 8.0 7.0 0.0 0.0 0.0 28.0 9.0 9.0 7.0 0.0 0.0 -7.0 7.0 5.0 46.0 43.0 0.0 0.0 0.0 -5.0 19.0 1.0 1.0 0.0 0.0 0.0 0.0 4.0 81.0 0.0 4.0 21.0 0.0 0.0 0.0 0.0 0.0 
25_3_010_131
8.0 13.0 0.0 0.0 31.0 22.0 0.0 0.0 46.0 13.0 0.0 0.0 0.0 2.0 -18.0 47.0 75.0 71.0 0.0 0.0 0.0 0.0 0.0 0.0 30.0 102.0 0.0 0.0 0.0 0.0 0.0 0.0 17.0 23.0 4.0 7.0 22.0 1.0 0.0 0.0 1.0 11.0 16.0 23.0 11.0 1.0 0.0 0.0 18.0 14.0 1.0 0.0 0.0 0.0 -18.0 43.0 0.0 14.0 10.0 4.0 28.0 1.0 0.0 1.0 17.0 16.0 0.0 0.0 3.0 2.0 0.0 0.0 0.0 14.0 11.0 18.0 7.0 0.0 0.0 0.0 4.0 25.0 3.0 0.0 0.0 0.0 -3.0 32.0 21.0 38.0 0.0 0.0 3.0 0.0 0.0 1.0 0.0 0.0 0.0 0.0 14.0 8.0 0.0 0.0 0.0 0.0 0.0 1.0 15.0 12.0 0.0 0.0 0.0 7.0 5.0 11.0 34.0 4.0 0.0 0.0 3.0 33.0 3.0 2.0 19.0 4.0 0.0 0.0 
25_3_010_132
3.0 0.0 0.0 1.0 8.0 1.0 2.0 25.0 0.0 0.0 0.0 8.0 58.0 11.0 0.0 0.0 8.0 0.0 0.0 0.0 3.0 5.0 7.0 27.0 7.0 0.0 0.0 0.0 0.0 0.0 1.0 8.0 4.0 0.0 0.0 0.0 11.0 8.0 2.0 24.0 0.0 0.0 12.0 29.0 7.0 0.0 0.0 0.0 0.0 3.0 0.0 2.0 6.0 6.0 5.0 6.0 12.0 0.0 0.0 0.0 0.0 0.0 0.0 5.0 0.0 0.0 0.0 17.0 102.0 4.0 0.0 0.0 0.0 0.0 0.0 19.0 29.0 3.0 0.0 0.0 0.0 0.0 0.0 0.0 11.0 16.0 32.0 7.0 2.0 0.0 0.0 8.0 19.0 0.0 0.0 2.0 0.0 0.0 0.0 38.0 43.0 0.0 0.0 0.0 0.0 3.0 3.0 44.0 24.0 0.0 0.0 0.0 22.0 0.0 0.0 0.0 0.0 3.0 2.0 36.0 0.0 0.0 0.0 21.0 37.0 0.0 0.0 0.0 
25_3_010_133
0.0 0.0 0.0 42.0 21.0 0.0 13.0 17.0 0.0 0.0 3.0 24.0 7.0 0.0 4.0 6.0 0.0 0.0 0.0 14.0 34.0 5.0 6.0 6.0 0.0 0.0 0.0 0.0 0.0 0.0 9.0 29.0 0.0 0.0 0.0 54.0 49.0 6.0 3.0 2.0 -6.0 0.0 49.0 4.0 0.0 0.0 0.0 1.0 7.0 3.0 3.0 5.0 11.0 6.0 0.0 0.0 0.0 0.0 0.0 0.0 0.0 0.0 3.0 25.0 0.0 -4.0 11.0 102.0 9.0 0.0 0.0 0.0 0.0 -1.0 9.0 15.0 12.0 7.0 4.0 0.0 0.0 0.0 0.0 7.0 15.0 24.0 20.0 0.0 0.0 0.0 0.0 1.0 1.0 0.0 0.0 12.0 0.0 -7.0 19.0 90.0 5.0 0.0 0.0 0.0 0.0 -1.0 11.0 2.0 0.0 0.0 0.0 46.0 0.0 0.0 0.0 39.0 11.0 2.0 9.0 5.0 0.0 0.0 0.0 6.0 0.0 0.0 -2.0 12.0 
25_3_010_134
0.0 0.0 6.0 38.0 9.0 0.0 0.0 0.0 0.0 11.0 58.0 10.0 12.0 1.0 0.0 0.0 0.0 10.0 23.0 10.0 9.0 0.0 -1.0 17.0 0.0 0.0 47.0 22.0 0.0 0.0 4.0 1.0 0.0 1.0 41.0 29.0 0.0 0.0 0.0 0.0 0.0 0.0 5.0 31.0 40.0 12.0 0.0 0.0 0.0 0.0 12.0 42.0 19.0 5.0 0.0 0.0 0.0 0.0 4.0 2.0 2.0 2.0 65.0 4.0 0.0 0.0 0.0 8.0 14.0 0.0 0.0 0.0 0.0 0.0 4.0 34.0 13.0 0.0 0.0 0.0 0.0 0.0 2.0 40.0 13.0 36.0 30.0 0.0 0.0 1.0 3.0 1.0 3.0 36.0 102.0 2.0 0.0 0.0 0.0 6.0 6.0 0.0 0.0 0.0 0.0 0.0 1.0 9.0 21.0 5.0 0.0 0.0 26.0 2.0 0.0 0.0 0.0 14.0 19.0 10.0 0.0 9.0 5.0 0.0 0.0 0.0 4.0 6.0 
25_3_010_135
0.0 5.0 13.0 4.0 0.0 0.0 0.0 0.0 12.0 46.0 13.0 0.0 0.0 0.0 0.0 0.0 19.0 49.0 25.0 0.0 0.0 0.0 0.0 0.0 6.0 3.0 33.0 43.0 0.0 0.0 0.0 0.0 0.0 1.0 24.0 5.0 0.0 0.0 0.0 0.0 0.0 4.0 29.0 21.0 0.0 0.0 0.0 0.0 10.0 27.0 23.0 46.0 2.0 0.0 0.0 0.0 14.0 29.0 18.0 10.0 1.0 4.0 5.0 9.0 1.0 4.0 18.0 17.0 4.0 2.0 2.0 0.0 0.0 22.0 38.0 14.0 43.0 4.0 0.0 0.0 0.0 21.0 66.0 9.0 11.0 1.0 0.0 0.0 14.0 71.0 3.0 0.0 5.0 2.0 0.0 0.0 3.0 1.0 3.0 1.0 1.0 4.0 8.0 35.0 9.0 0.0 0.0 0.0 44.0 51.0 4.0 4.0 0.0 1.0 0.0 5.0 102.0 75.0 0.0 0.0 0.0 0.0 0.0 0.0 24.0 68.0 2.0 0.0 
25_3_010_136
0.0 0.0 0.0 0.0 3.0 24.0 8.0 0.0 0.0 0.0 0.0 1.0 14.0 20.0 13.0 0.0 0.0 8.0 11.0 16.0 5.0 4.0 2.0 0.0 17.0 6.0 0.0 0.0 0.0 0.0 0.0 1.0 0.0 0.0 1.0 6.0 1.0 3.0 1.0 0.0 0.0 0.0 0.0 5.0 1.0 3.0 6.0 9.0 4.0 10.0 27.0 102.0 0.0 0.0 0.0 0.0 35.0 20.0 4.0 0.0 0.0 0.0 0.0 1.0 0.0 0.0 5.0 3.0 1.0 0.0 0.0 0.0 3.0 6.0 24.0 8.0 1.0 0.0 0.0 2.0 0.0 0.0 28.0 99.0 5.0 0.0 0.0 0.0 18.0 2.0 2.0 3.0 0.0 0.0 1.0 25.0 0.0 0.0 0.0 0.0 5.0 3.0 0.0 0.0 0.0 0.0 1.0 24.0 23.0 0.0 0.0 0.0 0.0 0.0 0.0 49.0 34.0 0.0 0.0 0.0 15.0 0.0 0.0 10.0 6.0 0.0 0.0 22.0 
25_3_010_137
3.0 9.0 12.0 0.0 0.0 0.0 0.0 -2.0 -1.0 9.0 15.0 5.0 1.0 0.0 0.0 0.0 0.0 9.0 7.0 1.0 2.0 19.0 6.0 0.0 0.0 0.0 15.0 4.0 14.0 42.0 0.0 0.0 1.0 2.0 0.0 0.0 0.0 47.0 36.0 3.0 0.0 14.0 16.0 17.0 13.0 41.0 5.0 0.0 47.0 0.0 0.0 0.0 0.0 28.0 1.0 47.0 0.0 0.0 0.0 4.0 6.0 45.0 13.0 3.0 0.0 33.0 67.0 10.0 5.0 26.0 18.0 0.0 21.0 27.0 49.0 63.0 12.0 2.0 1.0 -8.0 0.0 0.0 0.0 0.0 0.0 2.0 0.0 102.0 -3.0 37.0 29.0 1.0 0.0 0.0 -12.0 25.0 -15.0 79.0 44.0 3.0 4.0 50.0 9.0 0.0 1.0 19.0 0.0 0.0 0.0 47.0 68.0 20.0 0.0 0.0 0.0 0.0 6.0 34.0 61.0 6.0 0.0 0.0 9.0 9.0 15.0 69.0 17.0 0.0 
25_3_010_138
11.0 3.0 0.0 0.0 9.0 12.0 0.0 1.0 8.0 4.0 0.0 1.0 10.0 1.0 0.0 0.0 0.0 0.0 0.0 3.0 43.0 1.0 0.0 0.0 27.0 8.0 0.0 5.0 5.0 0.0 0.0 0.0 0.0 0.0 0.0 4.0 80.0 30.0 1.0 1.0 7.0 8.0 2.0 21.0 57.0 1.0 0.0 0.0 28.0 14.0 1.0 11.0 4.0 0.0 0.0 0.0 1.0 0.0 0.0 27.0 18.0 0.0 0.0 0.0 9.0 85.0 15.0 8.0 2.0 0.0 0.0 1.0 0.0 20.0 102.0 74.0 11.0 0.0 0.0 0.0 52.0 21.0 2.0 0.0 0.0 0.0 0.0 5.0 1.0 11.0 11.0 6.0 4.0 0.0 0.0 0.0 0.0 8.0 9.0 11.0 59.0 3.0 0.0 0.0 0.0 11.0 35.0 8.0 33.0 33.0 0.0 0.0 22.0 6.0 0.0 0.0 2.0 25.0 9.0 8.0 6.0 9.0 3.0 0.0 3.0 5.0 1.0 4.0 
25_3_010_139
0.0 0.0 0.0 0.0 17.0 10.0 25.0 49.0 -4.0 43.0 9.0 4.0 0.0 0.0 -8.0 34.0 36.0 34.0 0.0 0.0 0.0 0.0 -1.0 -8.0 -41.0 102.0 2.0 0.0 0.0 0.0 0.0 0.0 0.0 0.0 0.0 0.0 9.0 31.0 7.0 4.0 4.0 26.0 4.0 9.0 19.0 32.0 6.0 -2.0 -7.0 41.0 9.0 32.0 5.0 2.0 0.0 9.0 -13.0 62.0 4.0 0.0 1.0 1.0 1.0 0.0 0.0 0.0 3.0 1.0 1.0 10.0 3.0 0.0 0.0 0.0 14.0 19.0 11.0 4.0 0.0 0.0 0.0 0.0 4.0 29.0 19.0 38.0 0.0 0.0 0.0 0.0 0.0 0.0 12.0 59.0 9.0 0.0 -4.0 10.0 3.0 0.0 0.0 1.0 11.0 0.0 0.0 0.0 0.0 1.0 1.0 34.0 28.0 0.0 0.0 0.0 0.0 1.0 11.0 56.0 11.0 0.0 0.0 0.0 1.0 0.0 13.0 39.0 0.0 0.0 
25_3_010_140
0.0 0.0 0.0 2.0 9.0 7.0 0.0 0.0 0.0 2.0 3.0 17.0 11.0 0.0 0.0 0.0 3.0 0.0 0.0 0.0 15.0 9.0 0.0 3.0 0.0 0.0 0.0 0.0 16.0 14.0 0.0 1.0 0.0 1.0 3.0 9.0 7.0 7.0 6.0 2.0 0.0 0.0 0.0 28.0 35.0 5.0 0.0 0.0 13.0 3.0 2.0 15.0 10.0 1.0 -7.0 19.0 0.0 0.0 0.0 0.0 16.0 11.0 -19.0 54.0 0.0 1.0 3.0 12.0 1.0 0.0 0.0 1.0 0.0 0.0 0.0 21.0 16.0 0.0 0.0 0.0 2.0 3.0 7.0 63.0 7.0 0.0 0.0 -1.0 10.0 0.0 0.0 0.0 0.0 1.0 -35.0 102.0 0.0 0.0 0.0 0.0 5.0 0.0 0.0 1.0 0.0 0.0 0.0 11.0 19.0 0.0 0.0 0.0 0.0 0.0 0.0 6.0 34.0 27.0 0.0 0.0 0.0 0.0 0.0 1.0 6.0 28.0 10.0 0.0 
25_3_010_141
0.0 0.0 0.0 14.0 45.0 5.0 0.0 0.0 0.0 0.0 33.0 25.0 1.0 0.0 0.0 0.0 0.0 11.0 26.0 20.0 1.0 0.0 0.0 0.0 12.0 6.0 1.0 0.0 0.0 0.0 -22.0 56.0 0.0 15.0 102.0 21.0 0.0 0.0 0.0 0.0 6.0 16.0 68.0 9.0 0.0 0.0 0.0 4.0 0.0 18.0 22.0 44.0 5.0 0.0 0.0 0.0 9.0 17.0 2.0 0.0 0.0 0.0 -17.0 61.0 0.0 28.0 55.0 45.0 2.0 0.0 0.0 0.0 5.0 0.0 3.0 9.0 8.0 3.0 26.0 23.0 0.0 0.0 14.0 91.0 8.0 0.0 1.0 0.0 0.0 0.0 0.0 0.0 0.0 0.0 11.0 58.0 4.0 26.0 24.0 3.0 2.0 2.0 4.0 25.0 0.0 0.0 0.0 24.0 11.0 2.0 66.0 54.0 0.0 0.0 4.0 98.0 5.0 0.0 2.0 1.0 0.0 0.0 0.0 0.0 0.0 0.0 33.0 37.0 
25_3_010_142
6.0 0.0 0.0 0.0 0.0 1.0 -1.0 16.0 -4.0 6.0 25.0 58.0 5.0 0.0 0.0 0.0 4.0 32.0 2.0 7.0 0.0 0.0 -5.0 12.0 6.0 23.0 6.0 3.0 0.0 0.0 0.0 -4.0 14.0 2.0 0.0 0.0 0.0 0.0 -9.0 18.0 -2.0 7.0 26.0 102.0 0.0 0.0 0.0 0.0 5.0 14.0 15.0 2.0 0.0 0.0 -2.0 6.0 -2.0 38.0 4.0 7.0 2.0 0.0 0.0 -5.0 0.0 0.0 0.0 0.0 0.0 0.0 4.0 7.0 0.0 0.0 18.0 86.0 8.0 0.0 0.0 0.0 0.0 0.0 0.0 1.0 14.0 29.0 9.0 0.0 0.0 0.0 0.0 7.0 31.0 2.0 0.0 0.0 -1.0 5.0 3.0 0.0 0.0 0.0 0.0 0.0 0.0 0.0 2.0 46.0 4.0 0.0 1.0 0.0 0.0 0.0 0.0 9.0 12.0 0.0 6.0 9.0 0.0 0.0 0.0 5.0 10.0 9.0 5.0 0.0 
25_3_010_143
0.0 0.0 0.0 0.0 0.0 0.0 0.0 4.0 -1.0 5.0 0.0 2.0 0.0 0.0 0.0 0.0 0.0 0.0 33.0 75.0 0.0 0.0 0.0 0.0 0.0 0.0 1.0 16.0 7.0 0.0 5.0 4.0 2.0 0.0 0.0 0.0 0.0 0.0 0.0 3.0 -1.0 5.0 4.0 11.0 0.0 0.0 0.0 0.0 0.0 0.0 14.0 102.0 3.0 0.0 0.0 0.0 0.0 0.0 0.0 6.0 13.0 2.0 1.0 3.0 4.0 0.0 0.0 0.0 0.0 0.0 0.0 0.0 0.0 0.0 2.0 18.0 0.0 0.0 0.0 1.0 0.0 1.0 11.0 86.0 3.0 0.0 0.0 0.0 1.0 1.0 1.0 5.0 6.0 2.0 0.0 0.0 0.0 0.0 0.0 0.0 0.0 1.0 1.0 2.0 0.0 0.0 0.0 9.0 5.0 1.0 0.0 0.0 0.0 0.0 0.0 43.0 50.0 0.0 0.0 0.0 0.0 0.0 2.0 11.0 3.0 1.0 0.0 1.0 
25_3_010_144
0.0 0.0 0.0 3.0 0.0 0.0 0.0 0.0 0.0 2.0 17.0 26.0 0.0 0.0 0.0 0.0 8.0 5.0 5.0 1.0 3.0 1.0 1.0 2.0 0.0 8.0 7.0 16.0 1.0 0.0 0.0 0.0 0.0 0.0 0.0 9.0 1.0 0.0 2.0 0.0 0.0 3.0 20.0 73.0 0.0 0.0 0.0 0.0 4.0 36.0 32.0 3.0 0.0 0.0 0.0 0.0 12.0 9.0 6.0 2.0 3.0 1.0 14.0 23.0 0.0 0.0 0.0 7.0 2.0 0.0 0.0 2.0 0.0 0.0 2.0 102.0 13.0 0.0 0.0 0.0 10.0 2.0 23.0 13.0 5.0 1.0 0.0 1.0 4.0 0.0 0.0 7.0 6.0 0.0 24.0 70.0 0.0 0.0 0.0 4.0 2.0 1.0 1.0 0.0 0.0 0.0 0.0 72.0 10.0 0.0 0.0 0.0 7.0 2.0 15.0 77.0 1.0 0.0 0.0 4.0 32.0 0.0 0.0 3.0 0.0 0.0 0.0 89.0 
25_3_010_145
0.0 1.0 5.0 29.0 1.0 2.0 -3.0 11.0 0.0 0.0 0.0 0.0 35.0 17.0 0.0 11.0 0.0 0.0 0.0 0.0 64.0 32.0 0.0 0.0 6.0 0.0 0.0 0.0 27.0 6.0 0.0 0.0 0.0 0.0 0.0 22.0 27.0 8.0 14.0 1.0 0.0 0.0 0.0 4.0 5.0 9.0 14.0 8.0 3.0 23.0 24.0 33.0 11.0 2.0 0.0 0.0 0.0 0.0 0.0 0.0 47.0 31.0 -19.0 58.0 0.0 0.0 0.0 9.0 47.0 0.0 0.0 0.0 1.0 15.0 19.0 14.0 14.0 0.0 0.0 0.0 0.0 1.0 34.0 51.0 11.0 0.0 0.0 0.0 49.0 11.0 2.0 3.0 2.0 2.0 -41.0 102.0 0.0 0.0 0.0 0.0 9.0 0.0 0.0 0.0 0.0 0.0 0.0 6.0 69.0 7.0 0.0 0.0 0.0 0.0 0.0 9.0 68.0 15.0 1.0 1.0 0.0 7.0 4.0 23.0 50.0 5.0 0.0 0.0 
25_3_010_146
0.0 0.0 0.0 2.0 0.0 0.0 0.0 0.0 0.0 0.0 2.0 14.0 9.0 0.0 0.0 0.0 0.0 0.0 0.0 3.0 5.0 0.0 0.0 0.0 0.0 0.0 0.0 0.0 0.0 0.0 0.0 0.0 0.0 0.0 14.0 61.0 0.0 0.0 0.0 0.0 0.0 0.0 4.0 84.0 26.0 0.0 0.0 0.0 0.0 0.0 5.0 22.0 0.0 0.0 0.0 0.0 1.0 0.0 0.0 0.0 0.0 0.0 0.0 0.0 0.0 0.0 11.0 59.0 1.0 0.0 0.0 0.0 0.0 0.0 22.0 102.0 3.0 0.0 0.0 0.0 0.0 0.0 3.0 11.0 0.0 0.0 0.0 0.0 0.0 0.0 0.0 0.0 0.0 0.0 0.0 0.0 0.0 0.0 1.0 10.0 1.0 0.0 0.0 0.0 0.0 0.0 17.0 87.0 0.0 0.0 0.0 0.0 0.0 0.0 0.0 2.0 0.0 0.0 0.0 0.0 0.0 0.0 0.0 0.0 0.0 0.0 0.0 0.0 
25_3_010_147
0.0 0.0 2.0 2.0 1.0 15.0 32.0 0.0 0.0 0.0 0.0 16.0 66.0 35.0 3.0 0.0 0.0 0.0 0.0 13.0 26.0 1.0 24.0 14.0 0.0 0.0 0.0 1.0 1.0 2.0 28.0 22.0 0.0 0.0 0.0 0.0 0.0 15.0 53.0 12.0 0.0 0.0 9.0 102.0 15.0 5.0 0.0 0.0 0.0 0.0 0.0 16.0 16.0 15.0 69.0 4.0 0.0 0.0 0.0 8.0 10.0 11.0 15.0 3.0 2.0 14.0 38.0 4.0 0.0 0.0 2.0 4.0 0.0 14.0 52.0 10.0 3.0 2.0 17.0 10.0 0.0 0.0 0.0 0.0 0.0 12.0 62.0 0.0 0.0 0.0 2.0 25.0 13.0 2.0 0.0 0.0 3.0 31.0 24.0 0.0 0.0 0.0 4.0 11.0 0.0 0.0 0.0 0.0 0.0 0.0 54.0 21.0 0.0 0.0 7.0 9.0 0.0 0.0 2.0 0.0 0.0 0.0 9.0 6.0 0.0 0.0 0.0 0.0 
25_3_010_148
0.0 0.0 0.0 2.0 1.0 11.0 22.0 5.0 51.0 10.0 0.0 0.0 0.0 0.0 16.0 57.0 61.0 53.0 0.0 0.0 0.0 0.0 1.0 9.0 45.0 2.0 0.0 0.0 0.0 0.0 0.0 19.0 0.0 0.0 0.0 0.0 0.0 4.0 64.0 10.0 0.0 0.0 0.0 0.0 0.0 10.0 87.0 1.0 18.0 6.0 13.0 15.0 4.0 3.0 4.0 12.0 29.0 0.0 0.0 0.0 0.0 0.0 6.0 102.0 0.0 0.0 0.0 0.0 0.0 10.0 81.0 6.0 0.0 0.0 1.0 12.0 4.0 12.0 19.0 0.0 0.0 0.0 7.0 46.0 1.0 1.0 25.0 41.0 0.0 0.0 0.0 0.0 0.0 0.0 39.0 79.0 1.0 0.0 0.0 0.0 0.0 1.0 18.0 23.0 0.0 1.0 2.0 31.0 11.0 3.0 0.0 0.0 0.0 0.0 2.0 36.0 6.0 0.0 7.0 62.0 0.0 0.0 0.0 0.0 0.0 0.0 6.0 58.0 
25_3_010_149
2.0 3.0 4.0 0.0 0.0 1.0 1.0 0.0 0.0 3.0 102.0 27.0 0.0 0.0 0.0 0.0 -3.0 8.0 33.0 19.0 18.0 18.0 -2.0 10.0 -7.0 36.0 7.0 8.0 0.0 0.0 -1.0 3.0 5.0 5.0 28.0 20.0 0.0 0.0 0.0 -2.0 0.0 0.0 35.0 34.0 0.0 4.0 21.0 0.0 0.0 0.0 4.0 37.0 31.0 11.0 1.0 0.0 0.0 0.0 0.0 47.0 17.0 0.0 0.0 0.0 0.0 0.0 19.0 45.0 0.0 0.0 0.0 0.0 0.0 0.0 2.0 10.0 1.0 2.0 16.0 15.0 0.0 0.0 7.0 63.0 17.0 3.0 0.0 0.0 0.0 0.0 0.0 2.0 24.0 41.0 0.0 0.0 0.0 0.0 2.0 26.0 13.0 0.0 0.0 0.0 0.0 1.0 0.0 0.0 0.0 2.0 4.0 6.0 0.0 0.0 0.0 7.0 9.0 18.0 19.0 0.0 0.0 0.0 0.0 0.0 28.0 30.0 7.0 0.0 
25_3_010_150
0.0 0.0 0.0 0.0 0.0 0.0 1.0 37.0 3.0 8.0 0.0 6.0 7.0 1.0 0.0 2.0 -8.0 24.0 25.0 70.0 3.0 0.0 0.0 0.0 24.0 7.0 0.0 0.0 0.0 0.0 -2.0 9.0 5.0 0.0 0.0 0.0 0.0 0.0 -13.0 48.0 3.0 25.0 2.0 9.0 0.0 0.0 -1.0 0.0 0.0 0.0 29.0 102.0 0.0 0.0 -8.0 23.0 -7.0 11.0 24.0 2.0 0.0 0.0 -6.0 19.0 1.0 0.0 0.0 0.0 0.0 1.0 3.0 17.0 1.0 -1.0 14.0 13.0 0.0 0.0 0.0 8.0 0.0 0.0 15.0 101.0 5.0 13.0 4.0 7.0 4.0 0.0 2.0 3.0 13.0 12.0 3.0 0.0 0.0 0.0 0.0 0.0 0.0 1.0 3.0 4.0 0.0 2.0 8.0 28.0 0.0 0.0 0.0 0.0 0.0 0.0 2.0 31.0 4.0 3.0 8.0 9.0 0.0 0.0 0.0 11.0 14.0 7.0 0.0 0.0 
