25_3_005_0
6.0 0.0 0.0 0.0 0.0 0.0 0.0 1.0 1.0 0.0 24.0 69.0 0.0 0.0 0.0 0.0 0.0 0.0 9.0 27.0 0.0 0.0 0.0 0.0 0.0 0.0 0.0 0.0 0.0 0.0 0.0 0.0 8.0 7.0 0.0 0.0 0.0 0.0 0.0 0.0 0.0 2.0 21.0 102.0 0.0 0.0 0.0 0.0 0.0 0.0 1.0 19.0 3.0 1.0 0.0 0.0 0.0 0.0 0.0 0.0 0.0 0.0 0.0 1.0 8.0 17.0 0.0 0.0 0.0 0.0 1.0 2.0 0.0 8.0 16.0 29.0 14.0 2.0 0.0 0.0 0.0 0.0 0.0 1.0 38.0 39.0 0.0 0.0 0.0 0.0 0.0 1.0 25.0 0.0 0.0 0.0 5.0 1.0 1.0 0.0 0.0 0.0 1.0 4.0 0.0 1.0 4.0 4.0 2.0 2.0 0.0 0.0 0.0 1.0 3.0 8.0 5.0 0.0 1.0 1.0 0.0 0.0 8.0 17.0 17.0 0.0 0.0 0.0 
25_3_005_1
0.0 0.0 0.0 0.0 0.0 0.0 2.0 7.0 0.0 0.0 13.0 79.0 9.0 0.0 1.0 0.0 1.0 0.0 2.0 0.0 0.0 0.0 15.0 33.0 5.0 0.0 0.0 0.0 0.0 1.0 10.0 14.0 1.0 0.0 0.0 0.0 0.0 0.0 0.0 13.0 0.0 0.0 11.0 102.0 5.0 0.0 0.0 0.0 12.0 14.0 7.0 2.0 2.0 0.0 0.0 4.0 40.0 26.0 0.0 0.0 0.0 1.0 4.0 2.0 6.0 0.0 0.0 0.0 0.0 0.0 0.0 10.0 1.0 0.0 0.0 57.0 38.0 0.0 0.0 1.0 1.0 0.0 0.0 8.0 23.0 8.0 11.0 8.0 1.0 0.0 0.0 2.0 8.0 20.0 9.0 4.0 7.0 0.0 0.0 0.0 0.0 0.0 0.0 5.0 5.0 2.0 0.0 7.0 7.0 0.0 0.0 0.0 1.0 0.0 6.0 30.0 46.0 0.0 0.0 0.0 17.0 11.0 2.0 1.0 0.0 0.0 0.0 1.0 
25_3_005_2
2.0 2.0 0.0 0.0 0.0 2.0 4.0 6.0 0.0 4.0 7.0 3.0 1.0 2.0 0.0 0.0 2.0 9.0 7.0 0.0 0.0 0.0 0.0 0.0 0.0 4.0 17.0 16.0 2.0 0.0 0.0 0.0 1.0 3.0 0.0 0.0 0.0 27.0 4.0 0.0 0.0 6.0 15.0 18.0 13.0 9.0 0.0 0.0 0.0 30.0 31.0 0.0 0.0 0.0 0.0 0.0 0.0 7.0 20.0 0.0 0.0 0.0 0.0 0.0 0.0 1.0 2.0 0.0 1.0 9.0 0.0 0.0 0.0 0.0 5.0 102.0 5.0 0.0 0.0 0.0 0.0 1.0 3.0 10.0 0.0 0.0 0.0 0.0 0.0 0.0 0.0 0.0 0.0 0.0 1.0 1.0 0.0 4.0 1.0 0.0 0.0 0.0 0.0 0.0 0.0 0.0 2.0 70.0 7.0 0.0 0.0 0.0 0.0 0.0 0.0 10.0 3.0 0.0 0.0 0.0 0.0 0.0 0.0 0.0 0.0 0.0 0.0 0.0 
25_3_005_3
0.0 0.0 0.0 0.0 0.0 0.0 1.0 8.0 0.0 0.0 0.0 0.0 0.0 0.0 5.0 6.0 0.0 -15.0 78.0 3.0 0.0 0.0 1.0 1.0 0.0 -4.0 25.0 20.0 0.0 1.0 10.0 3.0 0.0 0.0 0.0 0.0 0.0 0.0 4.0 9.0 0.0 0.0 3.0 3.0 0.0 0.0 2.0 8.0 0.0 -20.0 102.0 53.0 3.0 0.0 0.0 0.0 7.0 6.0 0.0 1.0 2.0 1.0 -2.0 10.0 0.0 0.0 0.0 0.0 0.0 0.0 -1.0 14.0 0.0 0.0 3.0 11.0 0.0 0.0 -2.0 8.0 0.0 0.0 6.0 85.0 5.0 2.0 0.0 0.0 0.0 0.0 0.0 0.0 5.0 17.0 11.0 6.0 9.0 0.0 0.0 0.0 0.0 0.0 -3.0 6.0 18.0 3.0 0.0 4.0 1.0 0.0 -1.0 -3.0 0.0 -4.0 19.0 50.0 12.0 0.0 0.0 0.0 1.0 0.0 0.0 0.0 0.0 1.0 -5.0 35.0 
25_3_005_4
0.0 2.0 12.0 0.0 0.0 0.0 0.0 0.0 0.0 0.0 15.0 4.0 0.0 0.0 0.0 0.0 0.0 0.0 35.0 64.0 0.0 0.0 0.0 0.0 1.0 0.0 1.0 3.0 1.0 1.0 5.0 8.0 0.0 4.0 11.0 0.0 0.0 0.0 0.0 0.0 0.0 3.0 15.0 15.0 0.0 0.0 0.0 0.0 0.0 2.0 27.0 90.0 0.0 0.0 0.0 0.0 8.0 32.0 26.0 0.0 0.0 0.0 0.0 1.0 0.0 5.0 9.0 0.0 0.0 0.0 0.0 0.0 0.0 3.0 8.0 13.0 0.0 0.0 0.0 0.0 0.0 0.0 15.0 102.0 37.0 0.0 0.0 0.0 0.0 1.0 12.0 4.0 8.0 26.0 13.0 3.0 0.0 7.0 1.0 0.0 0.0 0.0 0.0 0.0 1.0 6.0 0.0 0.0 0.0 0.0 0.0 0.0 0.0 0.0 0.0 54.0 48.0 0.0 0.0 0.0 20.0 1.0 0.0 12.0 2.0 0.0 0.0 18.0 
25_3_005_5
8.0 44.0 1.0 0.0 0.0 0.0 0.0 0.0 25.0 39.0 0.0 0.0 0.0 0.0 0.0 0.0 0.0 14.0 47.0 102.0 0.0 0.0 0.0 0.0 0.0 0.0 2.0 30.0 10.0 30.0 0.0 0.0 6.0 3.0 0.0 0.0 0.0 2.0 7.0 9.0 2.0 19.0 0.0 0.0 2.0 17.0 2.0 0.0 0.0 14.0 10.0 14.0 19.0 5.0 0.0 0.0 0.0 1.0 0.0 0.0 12.0 56.0 1.0 0.0 30.0 4.0 0.0 0.0 0.0 0.0 1.0 18.0 7.0 10.0 4.0 0.0 0.0 0.0 0.0 1.0 0.0 3.0 10.0 21.0 9.0 6.0 0.0 0.0 7.0 1.0 0.0 0.0 1.0 5.0 7.0 8.0 0.0 2.0 5.0 0.0 4.0 13.0 12.0 4.0 0.0 10.0 11.0 4.0 1.0 0.0 1.0 1.0 6.0 6.0 3.0 2.0 0.0 1.0 0.0 3.0 1.0 9.0 9.0 4.0 0.0 0.0 0.0 1.0 
25_3_005_6
0.0 10.0 0.0 0.0 0.0 0.0 1.0 0.0 1.0 27.0 3.0 0.0 0.0 0.0 1.0 1.0 12.0 46.0 13.0 0.0 0.0 0.0 0.0 0.0 16.0 17.0 0.0 0.0 0.0 0.0 0.0 2.0 1.0 96.0 22.0 0.0 0.0 26.0 22.0 0.0 0.0 102.0 13.0 0.0 2.0 33.0 12.0 0.0 34.0 47.0 6.0 3.0 7.0 6.0 0.0 3.0 33.0 35.0 0.0 0.0 0.0 0.0 0.0 7.0 0.0 0.0 0.0 0.0 0.0 38.0 27.0 0.0 0.0 0.0 0.0 36.0 22.0 27.0 1.0 0.0 14.0 8.0 32.0 32.0 5.0 0.0 0.0 40.0 9.0 1.0 0.0 0.0 0.0 8.0 12.0 27.0 0.0 0.0 0.0 0.0 1.0 5.0 20.0 6.0 0.0 0.0 0.0 18.0 37.0 6.0 0.0 0.0 0.0 0.0 0.0 12.0 72.0 21.0 8.0 7.0 10.0 0.0 0.0 0.0 0.0 3.0 10.0 17.0 
25_3_005_7
0.0 0.0 0.0 0.0 0.0 0.0 0.0 5.0 0.0 9.0 39.0 0.0 0.0 0.0 0.0 1.0 2.0 102.0 18.0 0.0 0.0 0.0 0.0 0.0 10.0 79.0 4.0 0.0 0.0 0.0 0.0 0.0 0.0 63.0 85.0 0.0 0.0 0.0 0.0 0.0 0.0 54.0 99.0 0.0 0.0 19.0 21.0 0.0 36.0 35.0 8.0 8.0 3.0 6.0 0.0 2.0 9.0 2.0 0.0 0.0 0.0 3.0 14.0 23.0 0.0 7.0 30.0 1.0 0.0 11.0 83.0 6.0 0.0 0.0 0.0 0.0 10.0 32.0 41.0 0.0 15.0 4.0 8.0 66.0 57.0 6.0 0.0 13.0 59.0 7.0 0.0 0.0 0.0 0.0 4.0 34.0 0.0 0.0 0.0 0.0 0.0 0.0 37.0 14.0 0.0 0.0 0.0 0.0 3.0 25.0 23.0 4.0 0.0 0.0 0.0 0.0 84.0 37.0 0.0 0.0 0.0 4.0 10.0 3.0 9.0 30.0 21.0 3.0 
25_3_005_8
0.0 4.0 17.0 7.0 0.0 0.0 0.0 0.0 0.0 5.0 60.0 41.0 0.0 0.0 0.0 0.0 18.0 18.0 4.0 0.0 0.0 0.0 0.0 10.0 5.0 18.0 13.0 1.0 0.0 0.0 0.0 0.0 0.0 0.0 7.0 49.0 7.0 0.0 0.0 0.0 0.0 7.0 42.0 74.0 5.0 3.0 12.0 6.0 6.0 58.0 11.0 13.0 38.0 17.0 0.0 0.0 15.0 22.0 0.0 0.0 0.0 9.0 50.0 20.0 2.0 1.0 4.0 44.0 0.0 0.0 0.0 0.0 5.0 0.0 11.0 102.0 0.0 0.0 5.0 50.0 0.0 0.0 0.0 0.0 5.0 62.0 21.0 23.0 0.0 0.0 0.0 0.0 0.0 39.0 51.0 3.0 0.0 0.0 2.0 39.0 2.0 0.0 0.0 0.0 18.0 0.0 8.0 86.0 12.0 0.0 0.0 55.0 20.0 0.0 0.0 0.0 0.0 0.0 2.0 41.0 14.0 5.0 0.0 0.0 2.0 2.0 4.0 3.0 
25_3_005_9
1.0 0.0 5.0 1.0 12.0 4.0 0.0 0.0 0.0 0.0 1.0 29.0 17.0 0.0 0.0 0.0 0.0 0.0 0.0 31.0 13.0 0.0 -8.0 102.0 0.0 0.0 0.0 0.0 0.0 0.0 0.0 22.0 -27.0 81.0 10.0 0.0 0.0 0.0 0.0 0.0 33.0 30.0 19.0 12.0 0.0 0.0 0.0 -20.0 0.0 -1.0 6.0 33.0 5.0 0.0 1.0 95.0 0.0 0.0 0.0 0.0 1.0 1.0 1.0 30.0 -27.0 53.0 35.0 9.0 7.0 12.0 0.0 0.0 53.0 4.0 0.0 0.0 2.0 36.0 -4.0 15.0 4.0 -5.0 17.0 0.0 0.0 5.0 25.0 49.0 0.0 0.0 0.0 0.0 0.0 0.0 0.0 48.0 1.0 0.0 0.0 0.0 5.0 13.0 10.0 0.0 0.0 0.0 0.0 6.0 11.0 15.0 4.0 0.0 0.0 0.0 0.0 0.0 0.0 3.0 38.0 30.0 0.0 0.0 0.0 0.0 0.0 2.0 12.0 8.0 
25_3_005_10
2.0 0.0 0.0 1.0 1.0 1.0 5.0 9.0 0.0 0.0 2.0 0.0 2.0 5.0 4.0 2.0 8.0 8.0 2.0 0.0 5.0 17.0 0.0 0.0 0.0 0.0 0.0 0.0 0.0 13.0 14.0 17.0 7.0 0.0 0.0 0.0 1.0 2.0 0.0 14.0 0.0 0.0 0.0 9.0 9.0 1.0 0.0 0.0 15.0 5.0 11.0 36.0 2.0 0.0 0.0 -2.0 3.0 0.0 0.0 0.0 0.0 0.0 -33.0 102.0 3.0 0.0 0.0 3.0 39.0 5.0 0.0 0.0 5.0 7.0 8.0 3.0 3.0 0.0 0.0 -1.0 0.0 0.0 7.0 30.0 10.0 5.0 10.0 1.0 5.0 3.0 0.0 0.0 0.0 0.0 8.0 35.0 0.0 0.0 0.0 2.0 25.0 1.0 0.0 0.0 0.0 0.0 0.0 0.0 39.0 19.0 0.0 0.0 3.0 1.0 0.0 3.0 24.0 27.0 0.0 0.0 7.0 13.0 0.0 0.0 5.0 30.0 0.0 -1.0 
25_3_005_11
0.0 0.0 0.0 63.0 9.0 0.0 1.0 2.0 0.0 0.0 1.0 63.0 16.0 2.0 17.0 32.0 5.0 0.0 0.0 0.0 0.0 0.0 4.0 37.0 9.0 0.0 0.0 0.0 0.0 0.0 3.0 18.0 0.0 0.0 3.0 54.0 5.0 0.0 0.0 6.0 7.0 0.0 5.0 102.0 12.0 0.0 1.0 24.0 17.0 25.0 10.0 0.0 0.0 0.0 0.0 7.0 30.0 69.0 3.0 0.0 0.0 0.0 0.0 2.0 1.0 0.0 12.0 64.0 5.0 0.0 0.0 2.0 11.0 0.0 10.0 82.0 15.0 3.0 2.0 8.0 1.0 2.0 15.0 6.0 3.0 22.0 12.0 1.0 1.0 0.0 0.0 0.0 0.0 38.0 23.0 2.0 2.0 0.0 0.0 11.0 13.0 0.0 0.0 2.0 0.0 0.0 0.0 42.0 74.0 5.0 0.0 0.0 5.0 0.0 0.0 1.0 1.0 0.0 7.0 18.0 3.0 0.0 0.0 0.0 3.0 7.0 9.0 10.0 
25_3_005_12
0.0 0.0 0.0 1.0 30.0 18.0 1.0 0.0 0.0 0.0 0.0 37.0 102.0 0.0 0.0 0.0 1.0 0.0 0.0 4.0 14.0 0.0 0.0 0.0 2.0 0.0 0.0 0.0 0.0 0.0 0.0 0.0 7.0 1.0 1.0 20.0 8.0 0.0 1.0 9.0 0.0 0.0 1.0 53.0 30.0 12.0 9.0 6.0 0.0 0.0 0.0 81.0 68.0 0.0 0.0 0.0 1.0 0.0 0.0 0.0 0.0 0.0 0.0 0.0 8.0 9.0 25.0 3.0 0.0 0.0 0.0 2.0 9.0 21.0 56.0 31.0 0.0 0.0 0.0 1.0 0.0 0.0 79.0 56.0 0.0 0.0 0.0 0.0 0.0 0.0 0.0 0.0 0.0 0.0 0.0 1.0 0.0 2.0 35.0 5.0 0.0 0.0 0.0 0.0 0.0 0.0 82.0 29.0 0.0 0.0 0.0 0.0 0.0 0.0 10.0 2.0 0.0 0.0 1.0 1.0 0.0 0.0 0.0 0.0 0.0 0.0 3.0 1.0 
25_3_005_13
0.0 0.0 0.0 0.0 1.0 3.0 6.0 8.0 0.0 0.0 9.0 49.0 22.0 0.0 0.0 0.0 0.0 0.0 0.0 60.0 26.0 0.0 0.0 0.0 0.0 0.0 0.0 0.0 0.0 0.0 0.0 1.0 5.0 4.0 9.0 0.0 0.0 0.0 0.0 14.0 2.0 0.0 32.0 37.0 0.0 6.0 6.0 5.0 0.0 0.0 4.0 102.0 29.0 0.0 0.0 0.0 2.0 0.0 0.0 0.0 0.0 0.0 0.0 0.0 0.0 22.0 33.0 0.0 0.0 0.0 0.0 0.0 10.0 36.0 67.0 0.0 0.0 0.0 0.0 1.0 0.0 5.0 76.0 18.0 0.0 0.0 0.0 0.0 0.0 0.0 0.0 0.0 0.0 0.0 0.0 0.0 0.0 30.0 48.0 0.0 0.0 0.0 0.0 0.0 0.0 11.0 35.0 0.0 0.0 0.0 0.0 0.0 0.0 0.0 1.0 0.0 0.0 0.0 2.0 0.0 0.0 0.0 0.0 0.0 0.0 0.0 3.0 0.0 
25_3_005_14
0.0 0.0 0.0 0.0 53.0 62.0 0.0 0.0 0.0 0.0 0.0 0.0 57.0 19.0 0.0 0.0 1.0 1.0 0.0 0.0 2.0 0.0 0.0 0.0 0.0 1.0 0.0 0.0 0.0 0.0 0.0 0.0 1.0 0.0 0.0 13.0 44.0 14.0 2.0 1.0 0.0 0.0 0.0 12.0 80.0 30.0 11.0 6.0 0.0 0.0 0.0 43.0 88.0 0.0 0.0 0.0 0.0 0.0 0.0 0.0 0.0 0.0 0.0 1.0 19.0 5.0 6.0 9.0 3.0 0.0 0.0 1.0 6.0 16.0 15.0 61.0 13.0 0.0 0.0 0.0 0.0 0.0 49.0 102.0 0.0 0.0 0.0 0.0 0.0 0.0 0.0 0.0 0.0 0.0 0.0 2.0 3.0 2.0 10.0 3.0 0.0 0.0 2.0 1.0 0.0 0.0 25.0 52.0 1.0 0.0 0.0 0.0 0.0 0.0 24.0 57.0 0.0 0.0 0.0 0.0 0.0 0.0 0.0 0.0 0.0 0.0 1.0 3.0 
25_3_005_15
2.0 0.0 0.0 0.0 0.0 0.0 1.0 2.0 0.0 0.0 1.0 6.0 1.0 0.0 0.0 0.0 4.0 0.0 0.0 0.0 0.0 0.0 3.0 31.0 0.0 0.0 0.0 0.0 0.0 0.0 1.0 1.0 1.0 5.0 5.0 2.0 0.0 0.0 0.0 1.0 3.0 9.0 5.0 2.0 0.0 0.0 0.0 1.0 20.0 40.0 18.0 7.0 0.0 0.0 0.0 6.0 1.0 102.0 7.0 0.0 0.0 0.0 0.0 0.0 1.0 2.0 1.0 5.0 4.0 0.0 0.0 0.0 0.0 0.0 1.0 4.0 1.0 3.0 3.0 1.0 0.0 0.0 3.0 59.0 7.0 0.0 0.0 0.0 0.0 6.0 2.0 2.0 0.0 0.0 0.0 0.0 1.0 3.0 1.0 0.0 0.0 0.0 6.0 1.0 0.0 6.0 14.0 4.0 0.0 0.0 0.0 0.0 0.0 0.0 28.0 29.0 0.0 0.0 0.0 0.0 0.0 0.0 0.0 2.0 0.0 0.0 0.0 0.0 
25_3_005_16
36.0 15.0 0.0 0.0 0.0 0.0 0.0 3.0 11.0 6.0 0.0 0.0 0.0 0.0 0.0 10.0 0.0 2.0 14.0 9.0 4.0 0.0 0.0 0.0 3.0 5.0 0.0 3.0 1.0 3.0 5.0 5.0 0.0 0.0 0.0 0.0 9.0 76.0 13.0 1.0 0.0 0.0 23.0 17.0 4.0 8.0 19.0 6.0 4.0 7.0 20.0 0.0 0.0 0.0 4.0 9.0 1.0 0.0 3.0 0.0 0.0 1.0 21.0 16.0 0.0 2.0 1.0 1.0 3.0 6.0 0.0 0.0 0.0 0.0 8.0 102.0 14.0 0.0 0.0 0.0 35.0 13.0 0.0 0.0 0.0 0.0 0.0 11.0 22.0 11.0 8.0 0.0 0.0 0.0 0.0 1.0 0.0 4.0 7.0 4.0 0.0 0.0 0.0 0.0 0.0 0.0 11.0 33.0 23.0 0.0 0.0 0.0 5.0 1.0 1.0 9.0 39.0 7.0 0.0 1.0 16.0 9.0 1.0 0.0 0.0 2.0 2.0 3.0 
25_3_005_17
1.0 1.0 0.0 0.0 0.0 0.0 0.0 0.0 0.0 0.0 0.0 81.0 8.0 0.0 0.0 0.0 0.0 0.0 0.0 9.0 2.0 0.0 0.0 0.0 0.0 0.0 0.0 0.0 0.0 0.0 0.0 0.0 2.0 1.0 0.0 0.0 0.0 0.0 0.0 0.0 0.0 0.0 9.0 102.0 2.0 0.0 0.0 0.0 0.0 0.0 0.0 13.0 2.0 6.0 0.0 0.0 0.0 0.0 0.0 0.0 1.0 9.0 0.0 0.0 3.0 31.0 5.0 0.0 0.0 0.0 0.0 0.0 0.0 9.0 19.0 28.0 10.0 3.0 0.0 0.0 0.0 0.0 0.0 0.0 7.0 47.0 8.0 0.0 0.0 0.0 0.0 0.0 9.0 31.0 1.0 0.0 0.0 0.0 0.0 0.0 0.0 8.0 1.0 0.0 0.0 1.0 2.0 7.0 3.0 2.0 0.0 0.0 1.0 3.0 1.0 0.0 1.0 1.0 0.0 0.0 0.0 0.0 0.0 0.0 3.0 5.0 1.0 2.0 
25_3_005_18
0.0 0.0 0.0 0.0 28.0 89.0 0.0 0.0 0.0 0.0 0.0 0.0 51.0 102.0 0.0 0.0 0.0 0.0 0.0 0.0 12.0 30.0 29.0 29.0 0.0 0.0 2.0 3.0 0.0 1.0 5.0 1.0 0.0 0.0 3.0 1.0 1.0 0.0 0.0 0.0 0.0 0.0 2.0 5.0 10.0 6.0 0.0 0.0 0.0 0.0 4.0 51.0 22.0 3.0 3.0 2.0 0.0 0.0 0.0 1.0 6.0 11.0 7.0 2.0 0.0 0.0 4.0 0.0 0.0 0.0 0.0 0.0 0.0 0.0 28.0 11.0 0.0 0.0 0.0 0.0 0.0 0.0 16.0 27.0 0.0 0.0 4.0 6.0 1.0 0.0 1.0 3.0 0.0 0.0 1.0 8.0 0.0 1.0 2.0 0.0 0.0 0.0 0.0 0.0 0.0 0.0 17.0 30.0 0.0 0.0 0.0 0.0 2.0 1.0 2.0 4.0 0.0 0.0 0.0 4.0 1.0 0.0 2.0 1.0 0.0 0.0 0.0 3.0 
25_3_005_19
0.0 10.0 16.0 12.0 2.0 0.0 0.0 0.0 4.0 6.0 15.0 4.0 6.0 3.0 4.0 9.0 0.0 0.0 7.0 30.0 3.0 0.0 1.0 0.0 0.0 0.0 8.0 31.0 4.0 1.0 0.0 0.0 4.0 0.0 0.0 0.0 4.0 11.0 16.0 27.0 0.0 0.0 2.0 28.0 31.0 20.0 2.0 0.0 0.0 5.0 8.0 27.0 6.0 0.0 0.0 0.0 0.0 0.0 56.0 68.0 0.0 0.0 0.0 0.0 4.0 1.0 7.0 2.0 0.0 0.0 27.0 11.0 0.0 0.0 27.0 64.0 0.0 0.0 0.0 0.0 0.0 1.0 9.0 10.0 1.0 0.0 17.0 3.0 0.0 0.0 0.0 8.0 68.0 102.0 40.0 1.0 9.0 10.0 13.0 0.0 0.0 0.0 0.0 0.0 0.0 0.0 33.0 17.0 0.0 0.0 0.0 0.0 0.0 0.0 1.0 0.0 0.0 0.0 49.0 62.0 0.0 0.0 0.0 0.0 3.0 4.0 25.0 12.0 
25_3_005_20
0.0 0.0 4.0 26.0 11.0 0.0 0.0 0.0 0.0 0.0 0.0 30.0 26.0 0.0 0.0 0.0 34.0 0.0 0.0 14.0 22.0 0.0 0.0 102.0 2.0 0.0 0.0 0.0 0.0 1.0 0.0 10.0 0.0 47.0 45.0 14.0 2.0 0.0 0.0 0.0 9.0 40.0 15.0 13.0 1.0 0.0 0.0 0.0 30.0 0.0 3.0 50.0 10.0 0.0 0.0 57.0 51.0 0.0 0.0 0.0 0.0 0.0 0.0 36.0 0.0 22.0 34.0 20.0 4.0 6.0 4.0 0.0 43.0 20.0 0.0 0.0 1.0 33.0 21.0 15.0 0.0 0.0 6.0 6.0 2.0 6.0 47.0 10.0 9.0 0.0 0.0 0.0 0.0 0.0 23.0 79.0 0.0 0.0 0.0 0.0 3.0 33.0 25.0 3.0 1.0 0.0 0.0 7.0 11.0 48.0 10.0 1.0 1.0 0.0 0.0 0.0 3.0 11.0 8.0 6.0 0.0 0.0 0.0 0.0 0.0 0.0 12.0 66.0 
25_3_005_21
0.0 0.0 4.0 4.0 0.0 0.0 0.0 0.0 0.0 31.0 52.0 6.0 0.0 0.0 0.0 0.0 3.0 16.0 33.0 0.0 0.0 0.0 0.0 0.0 2.0 2.0 3.0 0.0 0.0 0.0 5.0 2.0 0.0 0.0 64.0 16.0 0.0 0.0 0.0 0.0 3.0 13.0 54.0 19.0 0.0 7.0 16.0 0.0 20.0 20.0 11.0 5.0 2.0 2.0 0.0 1.0 34.0 4.0 1.0 0.0 0.0 0.0 7.0 12.0 0.0 1.0 102.0 9.0 0.0 0.0 14.0 9.0 0.0 0.0 0.0 1.0 4.0 7.0 37.0 7.0 5.0 0.0 5.0 44.0 51.0 4.0 0.0 1.0 35.0 14.0 0.0 0.0 0.0 2.0 7.0 7.0 0.0 0.0 3.0 0.0 0.0 0.0 39.0 22.0 0.0 0.0 0.0 0.0 0.0 1.0 23.0 3.0 0.0 0.0 0.0 0.0 41.0 23.0 10.0 0.0 0.0 0.0 0.0 0.0 11.0 66.0 6.0 0.0 
25_3_005_22
0.0 11.0 13.0 4.0 1.0 0.0 0.0 0.0 8.0 11.0 1.0 2.0 2.0 3.0 1.0 3.0 0.0 1.0 17.0 31.0 12.0 6.0 1.0 0.0 11.0 0.0 0.0 1.0 5.0 2.0 12.0 26.0 12.0 85.0 12.0 0.0 0.0 0.0 0.0 8.0 31.0 8.0 0.0 0.0 0.0 0.0 10.0 62.0 0.0 10.0 38.0 60.0 3.0 0.0 0.0 0.0 23.0 1.0 0.0 0.0 0.0 0.0 3.0 35.0 0.0 0.0 0.0 0.0 3.0 91.0 75.0 9.0 0.0 0.0 0.0 0.0 16.0 45.0 93.0 10.0 0.0 2.0 8.0 102.0 76.0 0.0 0.0 0.0 25.0 38.0 9.0 2.0 0.0 0.0 0.0 4.0 1.0 0.0 0.0 0.0 0.0 12.0 17.0 8.0 0.0 11.0 1.0 0.0 3.0 4.0 1.0 0.0 0.0 2.0 2.0 39.0 96.0 4.0 0.0 0.0 0.0 4.0 5.0 3.0 63.0 39.0 0.0 0.0 
25_3_005_23
0.0 0.0 0.0 0.0 0.0 0.0 0.0 4.0 0.0 0.0 0.0 79.0 25.0 0.0 0.0 0.0 0.0 0.0 0.0 0.0 0.0 0.0 10.0 23.0 2.0 0.0 0.0 0.0 0.0 0.0 0.0 11.0 0.0 0.0 0.0 0.0 0.0 0.0 0.0 6.0 0.0 0.0 6.0 102.0 5.0 0.0 0.0 0.0 5.0 0.0 1.0 4.0 1.0 0.0 0.0 21.0 5.0 7.0 5.0 0.0 0.0 0.0 0.0 1.0 0.0 0.0 0.0 0.0 0.0 0.0 0.0 4.0 0.0 0.0 24.0 92.0 0.0 0.0 0.0 0.0 15.0 0.0 0.0 11.0 2.0 0.0 0.0 10.0 0.0 2.0 11.0 5.0 2.0 6.0 0.0 0.0 1.0 0.0 0.0 0.0 0.0 0.0 0.0 2.0 0.0 0.0 0.0 38.0 38.0 0.0 0.0 0.0 0.0 0.0 0.0 4.0 16.0 4.0 4.0 2.0 0.0 0.0 0.0 0.0 0.0 2.0 6.0 5.0 
25_3_005_24
5.0 25.0 25.0 0.0 0.0 0.0 1.0 -2.0 4.0 3.0 12.0 7.0 3.0 7.0 2.0 -2.0 0.0 2.0 12.0 7.0 16.0 16.0 4.0 0.0 4.0 0.0 0.0 0.0 0.0 29.0 17.0 2.0 0.0 0.0 0.0 0.0 0.0 41.0 29.0 0.0 0.0 0.0 0.0 0.0 25.0 40.0 2.0 0.0 16.0 3.0 18.0 68.0 10.0 0.0 0.0 -5.0 18.0 0.0 0.0 0.0 0.0 0.0 -19.0 87.0 0.0 2.0 5.0 1.0 2.0 30.0 16.0 0.0 0.0 0.0 7.0 46.0 15.0 2.0 0.0 0.0 0.0 0.0 11.0 85.0 30.0 10.0 0.0 0.0 0.0 0.0 0.0 2.0 5.0 2.0 22.0 102.0 22.0 27.0 35.0 0.0 0.0 0.0 0.0 -6.0 0.0 22.0 28.0 7.0 1.0 0.0 0.0 0.0 0.0 1.0 22.0 23.0 5.0 1.0 18.0 1.0 0.0 0.0 0.0 2.0 1.0 10.0 89.0 46.0 
25_3_005_25
0.0 0.0 0.0 0.0 48.0 102.0 0.0 0.0 0.0 0.0 0.0 0.0 54.0 76.0 11.0 6.0 0.0 0.0 0.0 0.0 0.0 2.0 38.0 34.0 0.0 1.0 5.0 3.0 1.0 1.0 1.0 0.0 0.0 0.0 2.0 1.0 6.0 5.0 0.0 0.0 0.0 0.0 6.0 51.0 48.0 18.0 0.0 0.0 0.0 0.0 1.0 10.0 2.0 7.0 11.0 4.0 0.0 0.0 1.0 6.0 10.0 15.0 0.0 0.0 0.0 0.0 10.0 0.0 0.0 0.0 0.0 0.0 0.0 0.0 42.0 50.0 0.0 0.0 0.0 0.0 0.0 0.0 0.0 3.0 0.0 0.0 15.0 16.0 0.0 0.0 2.0 6.0 5.0 6.0 0.0 0.0 0.0 0.0 16.0 16.0 0.0 0.0 0.0 0.0 0.0 0.0 18.0 17.0 0.0 0.0 0.0 0.0 1.0 0.0 0.0 0.0 0.0 0.0 2.0 13.0 0.0 2.0 4.0 2.0 1.0 0.0 0.0 0.0 
25_3_005_26
0.0 0.0 0.0 6.0 3.0 0.0 0.0 0.0 0.0 0.0 0.0 13.0 3.0 0.0 0.0 0.0 -2.0 7.0 0.0 9.0 0.0 0.0 -39.0 102.0 0.0 0.0 0.0 0.0 0.0 0.0 -4.0 14.0 0.0 0.0 0.0 12.0 7.0 0.0 0.0 0.0 0.0 0.0 0.0 12.0 6.0 0.0 0.0 0.0 0.0 0.0 0.0 41.0 3.0 0.0 -15.0 74.0 0.0 0.0 0.0 0.0 0.0 0.0 -7.0 46.0 -2.0 4.0 7.0 12.0 0.0 0.0 0.0 0.0 0.0 0.0 6.0 14.0 0.0 0.0 0.0 0.0 0.0 0.0 11.0 39.0 0.0 0.0 13.0 53.0 0.0 0.0 0.0 0.0 0.0 0.0 6.0 31.0 0.0 1.0 5.0 5.0 0.0 0.0 0.0 0.0 0.0 0.0 7.0 20.0 0.0 0.0 0.0 0.0 0.0 0.0 1.0 13.0 0.0 0.0 37.0 37.0 0.0 0.0 0.0 0.0 0.0 0.0 3.0 3.0 
25_3_005_27
0.0 0.0 0.0 0.0 4.0 3.0 3.0 1.0 0.0 0.0 0.0 13.0 6.0 0.0 0.0 0.0 1.0 0.0 0.0 5.0 1.0 0.0 -16.0 102.0 0.0 0.0 0.0 1.0 1.0 0.0 -1.0 9.0 0.0 0.0 0.0 8.0 7.0 0.0 0.0 0.0 0.0 0.0 0.0 14.0 2.0 0.0 0.0 0.0 34.0 2.0 2.0 25.0 1.0 0.0 -5.0 59.0 12.0 0.0 0.0 1.0 0.0 0.0 -5.0 41.0 0.0 0.0 0.0 15.0 3.0 0.0 0.0 0.0 0.0 0.0 4.0 17.0 0.0 0.0 0.0 0.0 2.0 0.0 6.0 41.0 0.0 0.0 -6.0 52.0 0.0 0.0 0.0 0.0 0.0 0.0 -10.0 97.0 0.0 0.0 3.0 11.0 0.0 0.0 0.0 0.0 0.0 0.0 4.0 18.0 0.0 0.0 0.0 0.0 0.0 0.0 5.0 26.0 0.0 0.0 13.0 31.0 0.0 0.0 0.0 0.0 0.0 0.0 9.0 53.0 
25_3_005_28
2.0 0.0 2.0 2.0 0.0 0.0 0.0 3.0 1.0 0.0 7.0 8.0 1.0 0.0 0.0 2.0 0.0 13.0 43.0 14.0 1.0 0.0 0.0 0.0 7.0 34.0 11.0 0.0 0.0 0.0 0.0 0.0 5.0 3.0 2.0 0.0 0.0 0.0 0.0 2.0 0.0 2.0 74.0 38.0 0.0 0.0 0.0 0.0 3.0 16.0 42.0 5.0 1.0 1.0 0.0 1.0 0.0 0.0 0.0 0.0 0.0 1.0 26.0 11.0 1.0 18.0 8.0 0.0 0.0 0.0 0.0 0.0 0.0 5.0 17.0 102.0 3.0 0.0 0.0 0.0 12.0 4.0 6.0 2.0 0.0 0.0 0.0 16.0 13.0 3.0 0.0 0.0 0.0 0.0 1.0 36.0 0.0 13.0 5.0 0.0 0.0 0.0 0.0 0.0 0.0 3.0 13.0 38.0 3.0 0.0 0.0 0.0 7.0 1.0 0.0 15.0 9.0 1.0 1.0 6.0 4.0 0.0 0.0 0.0 0.0 0.0 7.0 34.0 
25_3_005_29
0.0 0.0 4.0 1.0 0.0 0.0 0.0 0.0 0.0 0.0 25.0 12.0 0.0 0.0 0.0 0.0 0.0 0.0 28.0 58.0 2.0 0.0 0.0 0.0 1.0 0.0 0.0 0.0 0.0 0.0 3.0 24.0 0.0 1.0 3.0 1.0 0.0 0.0 0.0 0.0 0.0 0.0 27.0 67.0 0.0 0.0 0.0 0.0 0.0 0.0 14.0 28.0 3.0 0.0 0.0 0.0 6.0 0.0 0.0 0.0 0.0 0.0 -1.0 22.0 0.0 1.0 4.0 0.0 0.0 0.0 0.0 0.0 0.0 0.0 4.0 102.0 5.0 0.0 0.0 0.0 10.0 6.0 10.0 18.0 2.0 0.0 0.0 0.0 14.0 6.0 0.0 0.0 0.0 0.0 0.0 5.0 0.0 1.0 2.0 0.0 0.0 0.0 0.0 0.0 0.0 0.0 1.0 66.0 4.0 0.0 0.0 0.0 0.0 0.0 8.0 27.0 13.0 1.0 0.0 0.0 0.0 7.0 20.0 4.0 1.0 0.0 0.0 0.0 
25_3_005_30
0.0 0.0 0.0 0.0 1.0 16.0 1.0 0.0 0.0 0.0 7.0 16.0 8.0 3.0 0.0 0.0 0.0 24.0 56.0 4.0 0.0 0.0 0.0 0.0 13.0 4.0 0.0 0.0 0.0 0.0 5.0 25.0 0.0 0.0 0.0 0.0 12.0 16.0 2.0 0.0 0.0 0.0 17.0 102.0 11.0 5.0 0.0 0.0 1.0 0.0 14.0 29.0 1.0 4.0 20.0 3.0 18.0 0.0 0.0 0.0 0.0 0.0 22.0 61.0 0.0 0.0 0.0 5.0 4.0 2.0 4.0 3.0 0.0 0.0 0.0 74.0 71.0 0.0 0.0 0.0 0.0 0.0 0.0 3.0 44.0 18.0 4.0 0.0 6.0 0.0 0.0 0.0 0.0 0.0 20.0 46.0 0.0 0.0 2.0 0.0 0.0 0.0 0.0 7.0 0.0 0.0 1.0 20.0 16.0 0.0 0.0 1.0 0.0 0.0 0.0 11.0 50.0 24.0 0.0 0.0 0.0 0.0 0.0 0.0 1.0 23.0 15.0 2.0 
25_3_005_31
0.0 0.0 0.0 0.0 17.0 7.0 5.0 0.0 2.0 4.0 3.0 19.0 22.0 0.0 0.0 0.0 0.0 0.0 2.0 98.0 58.0 0.0 0.0 0.0 0.0 0.0 0.0 5.0 1.0 0.0 0.0 0.0 0.0 0.0 4.0 10.0 2.0 0.0 2.0 11.0 0.0 3.0 39.0 89.0 0.0 0.0 0.0 0.0 11.0 8.0 0.0 69.0 49.0 0.0 2.0 10.0 0.0 0.0 0.0 32.0 18.0 0.0 0.0 0.0 4.0 5.0 21.0 14.0 0.0 0.0 0.0 5.0 0.0 0.0 35.0 68.0 1.0 4.0 9.0 12.0 0.0 0.0 0.0 80.0 41.0 11.0 67.0 19.0 0.0 0.0 1.0 85.0 10.0 0.0 0.0 0.0 0.0 14.0 35.0 4.0 0.0 0.0 0.0 0.0 17.0 0.0 26.0 23.0 0.0 0.0 0.0 36.0 18.0 20.0 102.0 36.0 0.0 0.0 0.0 11.0 0.0 0.0 23.0 34.0 0.0 0.0 0.0 0.0 
25_3_005_32
0.0 0.0 0.0 0.0 2.0 5.0 14.0 23.0 0.0 0.0 0.0 0.0 9.0 2.0 -9.0 38.0 0.0 0.0 0.0 0.0 0.0 1.0 -2.0 27.0 0.0 0.0 0.0 1.0 12.0 1.0 0.0 0.0 8.0 0.0 0.0 0.0 0.0 1.0 -21.0 102.0 7.0 1.0 4.0 25.0 20.0 2.0 -2.0 4.0 2.0 0.0 0.0 0.0 0.0 0.0 -39.0 94.0 1.0 0.0 0.0 1.0 2.0 0.0 -4.0 9.0 31.0 0.0 0.0 0.0 0.0 0.0 -15.0 29.0 85.0 0.0 4.0 6.0 4.0 0.0 0.0 -19.0 6.0 0.0 0.0 0.0 0.0 4.0 -1.0 29.0 31.0 1.0 0.0 0.0 0.0 0.0 -3.0 -1.0 0.0 0.0 0.0 0.0 0.0 0.0 0.0 0.0 30.0 0.0 0.0 0.0 0.0 0.0 0.0 -7.0 79.0 0.0 0.0 0.0 0.0 0.0 -1.0 -14.0 67.0 0.0 0.0 0.0 0.0 1.0 0.0 -23.0 
25_3_005_33
0.0 0.0 0.0 0.0 13.0 56.0 0.0 0.0 0.0 0.0 0.0 1.0 66.0 84.0 0.0 0.0 0.0 0.0 0.0 22.0 34.0 42.0 15.0 5.0 1.0 0.0 1.0 2.0 1.0 0.0 1.0 7.0 0.0 0.0 4.0 1.0 0.0 0.0 0.0 0.0 0.0 0.0 4.0 19.0 0.0 0.0 0.0 0.0 0.0 0.0 6.0 102.0 0.0 0.0 1.0 0.0 0.0 0.0 0.0 0.0 0.0 6.0 17.0 18.0 0.0 0.0 3.0 1.0 0.0 0.0 0.0 0.0 0.0 0.0 44.0 15.0 0.0 0.0 0.0 0.0 0.0 0.0 21.0 45.0 1.0 0.0 3.0 4.0 2.0 0.0 0.0 0.0 0.0 0.0 3.0 21.0 0.0 0.0 2.0 2.0 0.0 0.0 0.0 0.0 0.0 0.0 28.0 38.0 0.0 0.0 0.0 0.0 0.0 0.0 2.0 14.0 1.0 0.0 0.0 4.0 2.0 0.0 0.0 0.0 0.0 0.0 0.0 11.0 
25_3_005_34
1.0 0.0 0.0 18.0 9.0 0.0 0.0 1.0 2.0 0.0 1.0 92.0 10.0 0.0 0.0 7.0 0.0 0.0 1.0 21.0 1.0 0.0 0.0 0.0 0.0 0.0 0.0 0.0 2.0 0.0 0.0 0.0 0.0 5.0 33.0 22.0 0.0 0.0 0.0 0.0 8.0 0.0 23.0 101.0 0.0 0.0 0.0 4.0 0.0 0.0 5.0 23.0 0.0 0.0 0.0 0.0 1.0 0.0 0.0 0.0 0.0 0.0 0.0 0.0 7.0 0.0 35.0 16.0 1.0 3.0 8.0 4.0 4.0 0.0 8.0 102.0 2.0 2.0 4.0 11.0 0.0 0.0 2.0 19.0 0.0 0.0 0.0 0.0 0.0 0.0 0.0 0.0 0.0 0.0 1.0 2.0 0.0 0.0 4.0 3.0 4.0 17.0 44.0 9.0 0.0 0.0 39.0 89.0 5.0 1.0 0.0 0.0 0.0 0.0 3.0 5.0 0.0 0.0 0.0 0.0 0.0 0.0 0.0 0.0 0.0 0.0 0.0 2.0 
25_3_005_35
0.0 0.0 1.0 24.0 3.0 0.0 0.0 0.0 0.0 0.0 0.0 5.0 8.0 1.0 4.0 9.0 0.0 0.0 0.0 53.0 23.0 0.0 0.0 0.0 0.0 0.0 0.0 0.0 0.0 1.0 0.0 0.0 0.0 0.0 2.0 21.0 2.0 0.0 0.0 0.0 1.0 0.0 0.0 3.0 0.0 1.0 2.0 7.0 0.0 0.0 2.0 102.0 5.0 0.0 0.0 0.0 0.0 0.0 1.0 2.0 0.0 0.0 0.0 0.0 0.0 0.0 1.0 10.0 18.0 1.0 0.0 0.0 0.0 0.0 16.0 15.0 4.0 0.0 0.0 0.0 0.0 0.0 33.0 54.0 0.0 0.0 0.0 0.0 0.0 0.0 4.0 1.0 0.0 0.0 0.0 0.0 0.0 0.0 2.0 4.0 2.0 0.0 0.0 0.0 0.0 0.0 3.0 44.0 10.0 0.0 0.0 0.0 0.0 0.0 2.0 22.0 14.0 28.0 0.0 0.0 0.0 0.0 0.0 0.0 6.0 13.0 1.0 0.0 
25_3_005_36
0.0 0.0 0.0 0.0 5.0 10.0 0.0 0.0 0.0 0.0 2.0 26.0 14.0 2.0 0.0 0.0 22.0 3.0 4.0 9.0 0.0 0.0 -9.0 15.0 0.0 0.0 0.0 0.0 0.0 1.0 -5.0 44.0 0.0 0.0 0.0 4.0 3.0 4.0 2.0 0.0 0.0 0.0 8.0 70.0 1.0 0.0 0.0 0.0 2.0 0.0 0.0 5.0 27.0 5.0 1.0 9.0 0.0 0.0 0.0 0.0 0.0 0.0 -16.0 102.0 1.0 0.0 1.0 10.0 1.0 0.0 0.0 1.0 0.0 0.0 4.0 29.0 31.0 3.0 0.0 0.0 4.0 0.0 2.0 17.0 13.0 9.0 6.0 3.0 0.0 0.0 0.0 12.0 5.0 0.0 0.0 88.0 14.0 4.0 8.0 1.0 0.0 0.0 0.0 -6.0 0.0 2.0 23.0 17.0 0.0 0.0 0.0 0.0 2.0 0.0 6.0 2.0 0.0 0.0 6.0 12.0 0.0 0.0 0.0 0.0 2.0 6.0 58.0 15.0 
25_3_005_37
0.0 0.0 9.0 10.0 3.0 0.0 0.0 0.0 7.0 1.0 9.0 12.0 0.0 0.0 0.0 3.0 0.0 0.0 14.0 90.0 0.0 0.0 0.0 0.0 0.0 0.0 1.0 1.0 0.0 0.0 0.0 0.0 0.0 0.0 46.0 17.0 0.0 0.0 0.0 0.0 9.0 8.0 24.0 2.0 0.0 0.0 1.0 16.0 0.0 0.0 13.0 102.0 0.0 0.0 0.0 0.0 0.0 0.0 1.0 1.0 0.0 0.0 0.0 0.0 0.0 1.0 31.0 7.0 1.0 2.0 21.0 2.0 0.0 0.0 3.0 27.0 6.0 30.0 35.0 2.0 0.0 0.0 30.0 75.0 0.0 0.0 0.0 0.0 0.0 0.0 0.0 1.0 0.0 0.0 0.0 0.0 8.0 5.0 0.0 0.0 0.0 0.0 22.0 30.0 1.0 8.0 74.0 39.0 1.0 0.0 2.0 0.0 0.0 0.0 19.0 21.0 0.0 0.0 0.0 0.0 0.0 0.0 0.0 0.0 0.0 0.0 0.0 0.0 
25_3_005_38
0.0 0.0 0.0 0.0 0.0 0.0 1.0 1.0 -15.0 39.0 3.0 0.0 0.0 0.0 0.0 0.0 -39.0 102.0 16.0 3.0 0.0 0.0 0.0 0.0 -31.0 69.0 2.0 0.0 0.0 0.0 6.0 1.0 0.0 0.0 2.0 3.0 0.0 0.0 1.0 0.0 -9.0 20.0 50.0 35.0 0.0 1.0 0.0 0.0 -7.0 24.0 14.0 8.0 1.0 0.0 0.0 0.0 0.0 0.0 0.0 0.0 0.0 0.0 10.0 15.0 0.0 0.0 18.0 16.0 0.0 0.0 0.0 0.0 -2.0 4.0 19.0 30.0 1.0 0.0 0.0 0.0 0.0 0.0 1.0 15.0 3.0 3.0 8.0 0.0 0.0 3.0 0.0 0.0 0.0 1.0 6.0 5.0 0.0 0.0 30.0 22.0 0.0 0.0 0.0 0.0 0.0 0.0 5.0 4.0 3.0 4.0 4.0 0.0 0.0 0.0 0.0 1.0 1.0 1.0 5.0 1.0 0.0 0.0 0.0 1.0 5.0 3.0 0.0 0.0 
25_3_005_39
0.0 0.0 12.0 8.0 3.0 3.0 0.0 0.0 0.0 0.0 9.0 10.0 5.0 4.0 0.0 0.0 5.0 25.0 22.0 1.0 0.0 0.0 0.0 0.0 44.0 5.0 0.0 0.0 0.0 0.0 -9.0 31.0 0.0 0.0 8.0 6.0 3.0 12.0 -2.0 19.0 0.0 0.0 78.0 53.0 1.0 0.0 0.0 0.0 3.0 22.0 25.0 2.0 0.0 0.0 4.0 23.0 1.0 0.0 0.0 0.0 0.0 0.0 -8.0 97.0 7.0 26.0 45.0 7.0 0.0 0.0 0.0 0.0 0.0 40.0 51.0 35.0 2.0 0.0 0.0 0.0 2.0 37.0 9.0 0.0 0.0 2.0 14.0 9.0 5.0 9.0 0.0 0.0 0.0 0.0 63.0 81.0 0.0 1.0 11.0 14.0 7.0 5.0 0.0 1.0 0.0 2.0 1.0 11.0 20.0 63.0 1.0 0.0 0.0 0.0 0.0 0.0 0.0 29.0 102.0 5.0 2.0 1.0 0.0 0.0 0.0 1.0 44.0 19.0 
25_3_005_40
0.0 0.0 4.0 6.0 1.0 0.0 0.0 0.0 0.0 3.0 14.0 9.0 0.0 0.0 0.0 0.0 13.0 12.0 4.0 0.0 0.0 0.0 -7.0 15.0 0.0 0.0 0.0 0.0 0.0 0.0 -25.0 73.0 0.0 0.0 0.0 3.0 3.0 7.0 5.0 0.0 0.0 0.0 17.0 53.0 4.0 0.0 0.0 0.0 1.0 3.0 12.0 0.0 0.0 0.0 -9.0 30.0 3.0 5.0 3.0 0.0 0.0 0.0 -30.0 102.0 6.0 4.0 5.0 4.0 3.0 1.0 0.0 6.0 0.0 0.0 33.0 38.0 15.0 0.0 0.0 0.0 0.0 7.0 26.0 2.0 0.0 1.0 4.0 5.0 0.0 1.0 1.0 0.0 0.0 0.0 29.0 60.0 0.0 4.0 8.0 3.0 0.0 0.0 0.0 0.0 0.0 0.0 6.0 26.0 11.0 5.0 0.0 0.0 0.0 0.0 1.0 1.0 0.0 24.0 36.0 1.0 2.0 0.0 0.0 0.0 0.0 0.0 12.0 24.0 
25_3_005_41
0.0 2.0 6.0 3.0 0.0 0.0 0.0 0.0 0.0 9.0 16.0 7.0 0.0 0.0 0.0 0.0 29.0 4.0 0.0 0.0 0.0 0.0 -16.0 27.0 12.0 0.0 0.0 0.0 0.0 0.0 -30.0 66.0 0.0 0.0 0.0 4.0 5.0 3.0 4.0 0.0 0.0 0.0 8.0 44.0 10.0 0.0 0.0 0.0 9.0 4.0 8.0 4.0 0.0 0.0 -5.0 16.0 5.0 3.0 3.0 0.0 0.0 0.0 -27.0 102.0 0.0 0.0 0.0 1.0 5.0 2.0 6.0 4.0 0.0 0.0 7.0 37.0 34.0 0.0 0.0 0.0 0.0 0.0 27.0 12.0 3.0 2.0 0.0 2.0 0.0 0.0 0.0 0.0 0.0 0.0 7.0 71.0 8.0 6.0 5.0 0.0 0.0 0.0 0.0 -2.0 0.0 0.0 13.0 24.0 8.0 0.0 0.0 0.0 0.0 0.0 0.0 5.0 10.0 11.0 27.0 0.0 0.0 0.0 0.0 0.0 0.0 2.0 18.0 10.0 
25_3_005_42
3.0 0.0 0.0 0.0 1.0 22.0 3.0 0.0 0.0 -5.0 18.0 5.0 15.0 11.0 0.0 0.0 0.0 -12.0 31.0 2.0 4.0 5.0 10.0 0.0 0.0 0.0 0.0 0.0 0.0 0.0 7.0 29.0 0.0 0.0 0.0 0.0 0.0 8.0 -4.0 33.0 0.0 -37.0 93.0 41.0 14.0 2.0 0.0 0.0 14.0 21.0 12.0 3.0 0.0 0.0 0.0 -5.0 15.0 0.0 0.0 0.0 0.0 0.0 -1.0 65.0 0.0 0.0 0.0 0.0 0.0 0.0 -20.0 76.0 3.0 -1.0 7.0 35.0 48.0 3.0 0.0 -1.0 0.0 -3.0 11.0 11.0 58.0 21.0 0.0 0.0 25.0 0.0 0.0 0.0 0.0 19.0 19.0 21.0 26.0 0.0 0.0 0.0 0.0 0.0 -33.0 71.0 -26.0 102.0 0.0 0.0 0.0 0.0 0.0 -3.0 -4.0 15.0 18.0 0.0 0.0 0.0 2.0 11.0 0.0 0.0 0.0 0.0 0.0 2.0 17.0 10.0 
25_3_005_43
0.0 0.0 7.0 24.0 9.0 0.0 0.0 0.0 2.0 0.0 1.0 22.0 10.0 0.0 5.0 5.0 0.0 0.0 11.0 67.0 0.0 0.0 0.0 0.0 0.0 0.0 0.0 2.0 0.0 0.0 0.0 0.0 0.0 0.0 18.0 24.0 0.0 0.0 0.0 0.0 0.0 0.0 6.0 21.0 3.0 2.0 8.0 8.0 0.0 0.0 8.0 102.0 0.0 0.0 0.0 0.0 0.0 0.0 1.0 0.0 0.0 0.0 0.0 0.0 0.0 0.0 18.0 14.0 1.0 0.0 0.0 0.0 0.0 0.0 0.0 11.0 3.0 3.0 16.0 2.0 0.0 0.0 20.0 95.0 0.0 0.0 0.0 0.0 0.0 0.0 0.0 0.0 1.0 1.0 0.0 0.0 0.0 0.0 1.0 3.0 3.0 0.0 0.0 0.0 0.0 0.0 38.0 28.0 0.0 0.0 2.0 3.0 0.0 0.0 22.0 33.0 0.0 0.0 0.0 0.0 0.0 0.0 1.0 2.0 0.0 0.0 0.0 0.0 
25_3_005_44
5.0 5.0 1.0 25.0 23.0 0.0 0.0 1.0 8.0 7.0 7.0 9.0 11.0 0.0 0.0 0.0 4.0 13.0 10.0 3.0 0.0 0.0 0.0 0.0 0.0 19.0 39.0 15.0 0.0 0.0 0.0 0.0 0.0 0.0 0.0 30.0 81.0 0.0 0.0 0.0 1.0 3.0 1.0 4.0 25.0 19.0 3.0 0.0 1.0 4.0 15.0 26.0 10.0 0.0 0.0 0.0 0.0 0.0 0.0 9.0 19.0 27.0 1.0 9.0 0.0 0.0 1.0 10.0 17.0 0.0 0.0 0.0 0.0 4.0 1.0 48.0 57.0 0.0 0.0 0.0 0.0 3.0 13.0 65.0 3.0 0.0 0.0 0.0 1.0 1.0 0.0 0.0 0.0 0.0 -38.0 102.0 0.0 0.0 3.0 1.0 0.0 0.0 0.0 0.0 0.0 0.0 0.0 13.0 57.0 6.0 0.0 0.0 0.0 0.0 0.0 3.0 75.0 62.0 0.0 0.0 21.0 1.0 0.0 1.0 64.0 16.0 0.0 1.0 
25_3_005_45
50.0 2.0 2.0 0.0 0.0 0.0 -13.0 20.0 3.0 0.0 0.0 0.0 0.0 5.0 -7.0 54.0 7.0 0.0 1.0 5.0 8.0 7.0 2.0 -1.0 1.0 0.0 0.0 5.0 4.0 2.0 6.0 18.0 0.0 0.0 0.0 0.0 4.0 14.0 49.0 43.0 16.0 4.0 1.0 4.0 18.0 25.0 21.0 13.0 87.0 38.0 17.0 40.0 9.0 0.0 0.0 -42.0 70.0 10.0 4.0 0.0 0.0 0.0 -3.0 -7.0 27.0 0.0 0.0 0.0 1.0 1.0 -3.0 5.0 102.0 23.0 0.0 0.0 0.0 0.0 -2.0 -27.0 -22.0 47.0 7.0 38.0 27.0 29.0 2.0 0.0 3.0 0.0 0.0 0.0 0.0 22.0 16.0 28.0 0.0 0.0 0.0 0.0 15.0 32.0 2.0 1.0 2.0 0.0 0.0 0.0 6.0 34.0 1.0 7.0 0.0 0.0 1.0 1.0 16.0 11.0 1.0 0.0 2.0 1.0 0.0 1.0 1.0 1.0 2.0 9.0 
25_3_005_46
0.0 0.0 0.0 0.0 0.0 0.0 0.0 2.0 0.0 0.0 0.0 73.0 18.0 0.0 0.0 0.0 0.0 -1.0 7.0 12.0 9.0 2.0 0.0 0.0 0.0 0.0 0.0 0.0 0.0 4.0 9.0 4.0 1.0 0.0 0.0 0.0 0.0 0.0 -2.0 5.0 0.0 0.0 17.0 102.0 0.0 0.0 0.0 0.0 0.0 -4.0 11.0 8.0 4.0 7.0 5.0 1.0 0.0 0.0 0.0 2.0 1.0 0.0 2.0 6.0 2.0 0.0 0.0 0.0 0.0 0.0 -2.0 4.0 0.0 0.0 1.0 96.0 12.0 0.0 0.0 0.0 -1.0 1.0 5.0 12.0 6.0 1.0 1.0 6.0 0.0 -2.0 6.0 1.0 0.0 0.0 -2.0 13.0 1.0 0.0 0.0 0.0 0.0 0.0 0.0 2.0 0.0 0.0 0.0 41.0 22.0 0.0 0.0 0.0 0.0 0.0 0.0 25.0 12.0 0.0 0.0 0.0 0.0 0.0 0.0 2.0 0.0 0.0 0.0 12.0 
25_3_005_47
0.0 0.0 0.0 28.0 47.0 0.0 0.0 0.0 30.0 18.0 0.0 17.0 45.0 0.0 0.0 0.0 7.0 19.0 14.0 83.0 1.0 0.0 2.0 3.0 0.0 0.0 0.0 35.0 2.0 0.0 0.0 0.0 0.0 0.0 21.0 21.0 2.0 0.0 0.0 0.0 0.0 0.0 8.0 81.0 23.0 0.0 0.0 0.0 1.0 0.0 0.0 101.0 7.0 0.0 4.0 18.0 0.0 0.0 1.0 52.0 1.0 0.0 0.0 0.0 0.0 3.0 12.0 15.0 0.0 0.0 0.0 0.0 0.0 0.0 16.0 72.0 3.0 2.0 0.0 0.0 0.0 0.0 0.0 102.0 10.0 0.0 23.0 13.0 0.0 0.0 1.0 65.0 3.0 0.0 0.0 0.0 0.0 0.0 15.0 22.0 0.0 0.0 0.0 0.0 0.0 0.0 7.0 12.0 3.0 3.0 4.0 1.0 0.0 0.0 16.0 92.0 1.0 0.0 10.0 5.0 0.0 0.0 4.0 38.0 0.0 1.0 0.0 0.0 
25_3_005_48
11.0 16.0 18.0 3.0 1.0 0.0 0.0 1.0 21.0 16.0 13.0 0.0 0.0 0.0 11.0 12.0 0.0 9.0 85.0 14.0 0.0 0.0 0.0 0.0 23.0 13.0 12.0 4.0 0.0 0.0 0.0 9.0 5.0 4.0 26.0 32.0 4.0 3.0 21.0 5.0 12.0 10.0 8.0 0.0 8.0 28.0 16.0 6.0 0.0 4.0 102.0 84.0 10.0 1.0 0.0 0.0 28.0 17.0 9.0 0.0 0.0 0.0 1.0 55.0 23.0 4.0 4.0 0.0 0.0 0.0 7.0 63.0 4.0 0.0 16.0 14.0 0.0 1.0 8.0 16.0 0.0 0.0 4.0 57.0 65.0 87.0 27.0 1.0 0.0 0.0 0.0 19.0 27.0 33.0 39.0 14.0 13.0 0.0 0.0 4.0 11.0 10.0 9.0 8.0 24.0 42.0 43.0 0.0 0.0 0.0 0.0 3.0 36.0 7.0 46.0 15.0 1.0 0.0 17.0 39.0 1.0 4.0 36.0 32.0 0.0 0.0 0.0 0.0 
25_3_005_49
0.0 18.0 42.0 0.0 0.0 6.0 2.0 0.0 3.0 18.0 10.0 0.0 11.0 9.0 0.0 5.0 13.0 8.0 0.0 0.0 9.0 9.0 -2.0 19.0 3.0 4.0 1.0 2.0 11.0 35.0 5.0 0.0 0.0 0.0 0.0 0.0 2.0 80.0 49.0 0.0 0.0 2.0 37.0 88.0 53.0 18.0 0.0 0.0 23.0 60.0 8.0 0.0 0.0 0.0 27.0 13.0 11.0 10.0 2.0 0.0 6.0 15.0 31.0 12.0 28.0 43.0 28.0 0.0 4.0 8.0 26.0 8.0 0.0 0.0 26.0 102.0 44.0 59.0 0.0 0.0 0.0 0.0 0.0 2.0 4.0 71.0 85.0 0.0 0.0 0.0 0.0 0.0 2.0 21.0 89.0 19.0 3.0 2.0 2.0 0.0 0.0 8.0 41.0 23.0 0.0 0.0 17.0 34.0 7.0 11.0 1.0 0.0 18.0 9.0 6.0 15.0 0.0 0.0 12.0 20.0 35.0 32.0 0.0 0.0 0.0 0.0 14.0 21.0 
25_3_005_50
0.0 0.0 0.0 0.0 0.0 17.0 8.0 1.0 4.0 0.0 4.0 7.0 5.0 40.0 15.0 4.0 0.0 1.0 32.0 72.0 25.0 5.0 0.0 0.0 18.0 31.0 4.0 2.0 1.0 0.0 0.0 0.0 6.0 13.0 8.0 1.0 0.0 0.0 0.0 1.0 23.0 48.0 23.0 2.0 0.0 0.0 0.0 14.0 0.0 0.0 10.0 102.0 13.0 0.0 0.0 0.0 12.0 20.0 22.0 73.0 7.0 0.0 0.0 0.0 9.0 4.0 17.0 18.0 0.0 0.0 0.0 1.0 18.0 39.0 17.0 8.0 0.0 0.0 0.0 8.0 2.0 9.0 21.0 13.0 1.0 6.0 23.0 8.0 0.0 0.0 0.0 28.0 100.0 43.0 18.0 0.0 1.0 0.0 0.0 0.0 3.0 4.0 13.0 12.0 0.0 0.0 3.0 39.0 58.0 3.0 2.0 5.0 19.0 2.0 0.0 0.0 0.0 0.0 8.0 37.0 9.0 0.0 3.0 21.0 9.0 0.0 0.0 0.0 
25_3_005_51
0.0 0.0 0.0 0.0 0.0 1.0 1.0 0.0 0.0 0.0 0.0 1.0 0.0 0.0 2.0 0.0 0.0 0.0 53.0 57.0 0.0 0.0 0.0 0.0 0.0 0.0 8.0 7.0 0.0 0.0 28.0 13.0 0.0 0.0 0.0 0.0 0.0 2.0 0.0 0.0 0.0 0.0 1.0 11.0 0.0 0.0 0.0 0.0 0.0 0.0 24.0 102.0 3.0 1.0 5.0 0.0 0.0 0.0 0.0 0.0 0.0 0.0 35.0 22.0 0.0 0.0 0.0 0.0 0.0 1.0 0.0 0.0 0.0 0.0 2.0 22.0 3.0 1.0 0.0 0.0 0.0 0.0 5.0 64.0 22.0 1.0 9.0 2.0 0.0 0.0 0.0 0.0 0.0 0.0 10.0 12.0 0.0 0.0 0.0 0.0 0.0 2.0 0.0 0.0 0.0 0.0 0.0 6.0 7.0 1.0 0.0 0.0 0.0 0.0 0.0 33.0 28.0 0.0 0.0 0.0 0.0 0.0 0.0 0.0 0.0 0.0 1.0 7.0 
25_3_005_52
3.0 2.0 4.0 27.0 29.0 3.0 0.0 2.0 7.0 0.0 0.0 0.0 0.0 1.0 16.0 31.0 0.0 0.0 11.0 5.0 1.0 6.0 3.0 0.0 0.0 0.0 49.0 6.0 0.0 0.0 0.0 0.0 0.0 0.0 0.0 12.0 57.0 11.0 0.0 0.0 0.0 0.0 0.0 1.0 6.0 6.0 21.0 19.0 0.0 0.0 21.0 61.0 5.0 0.0 0.0 0.0 0.0 0.0 24.0 9.0 3.0 0.0 0.0 1.0 0.0 0.0 45.0 42.0 0.0 0.0 0.0 0.0 14.0 20.0 11.0 1.0 0.0 0.0 1.0 4.0 0.0 1.0 24.0 38.0 3.0 0.0 0.0 0.0 1.0 6.0 11.0 13.0 5.0 0.0 1.0 2.0 0.0 0.0 26.0 20.0 0.0 0.0 0.0 0.0 2.0 6.0 6.0 0.0 0.0 0.0 6.0 2.0 0.0 0.0 43.0 19.0 0.0 0.0 0.0 0.0 0.0 12.0 102.0 21.0 0.0 0.0 0.0 0.0 
25_3_005_53
0.0 0.0 0.0 0.0 0.0 0.0 7.0 2.0 0.0 1.0 4.0 5.0 0.0 0.0 5.0 4.0 0.0 0.0 28.0 102.0 14.0 0.0 0.0 0.0 0.0 0.0 7.0 7.0 3.0 19.0 16.0 0.0 0.0 0.0 0.0 0.0 0.0 0.0 10.0 2.0 0.0 1.0 15.0 13.0 0.0 0.0 0.0 0.0 0.0 0.0 11.0 99.0 12.0 0.0 0.0 0.0 0.0 0.0 4.0 20.0 11.0 7.0 0.0 0.0 12.0 58.0 3.0 1.0 0.0 0.0 0.0 0.0 8.0 31.0 39.0 1.0 0.0 0.0 0.0 2.0 1.0 0.0 1.0 24.0 56.0 9.0 0.0 5.0 0.0 0.0 0.0 2.0 35.0 22.0 6.0 2.0 29.0 32.0 1.0 0.0 0.0 0.0 4.0 4.0 41.0 36.0 20.0 0.0 0.0 0.0 0.0 2.0 55.0 19.0 1.0 1.0 0.0 0.0 0.0 3.0 4.0 3.0 0.0 2.0 15.0 3.0 0.0 0.0 
25_3_005_54
0.0 0.0 0.0 0.0 0.0 1.0 1.0 0.0 0.0 0.0 0.0 1.0 0.0 0.0 1.0 0.0 0.0 0.0 48.0 63.0 0.0 0.0 0.0 0.0 0.0 0.0 3.0 4.0 0.0 0.0 26.0 17.0 0.0 0.0 0.0 0.0 0.0 1.0 0.0 0.0 0.0 0.0 1.0 9.0 0.0 0.0 0.0 0.0 0.0 0.0 19.0 102.0 4.0 1.0 4.0 0.0 0.0 0.0 0.0 0.0 0.0 0.0 33.0 24.0 0.0 0.0 0.0 0.0 0.0 1.0 0.0 0.0 0.0 0.0 2.0 19.0 1.0 1.0 0.0 0.0 0.0 0.0 7.0 62.0 17.0 2.0 10.0 2.0 0.0 0.0 0.0 0.0 0.0 0.0 10.0 15.0 0.0 0.0 0.0 0.0 0.0 2.0 0.0 0.0 0.0 0.0 0.0 7.0 6.0 0.0 0.0 0.0 0.0 0.0 0.0 27.0 29.0 0.0 0.0 0.0 1.0 0.0 0.0 0.0 0.0 0.0 1.0 5.0 
25_3_005_55
0.0 0.0 0.0 0.0 1.0 25.0 14.0 0.0 7.0 8.0 5.0 0.0 0.0 0.0 13.0 17.0 2.0 47.0 13.0 0.0 0.0 0.0 0.0 1.0 40.0 8.0 0.0 0.0 0.0 0.0 4.0 18.0 1.0 1.0 3.0 2.0 1.0 16.0 21.0 5.0 1.0 19.0 30.0 32.0 20.0 14.0 0.0 0.0 67.0 10.0 2.0 1.0 1.0 19.0 11.0 8.0 8.0 17.0 22.0 0.0 0.0 8.0 22.0 11.0 34.0 25.0 17.0 0.0 0.0 0.0 4.0 40.0 0.0 8.0 102.0 50.0 4.0 0.0 9.0 8.0 18.0 0.0 0.0 0.0 0.0 28.0 34.0 21.0 2.0 27.0 16.0 1.0 10.0 20.0 0.0 0.0 17.0 70.0 25.0 11.0 2.0 0.0 1.0 4.0 12.0 5.0 5.0 0.0 0.0 0.0 30.0 77.0 4.0 1.0 0.0 0.0 0.0 8.0 14.0 14.0 0.0 0.0 28.0 39.0 12.0 11.0 3.0 1.0 
25_3_005_56
1.0 0.0 0.0 7.0 5.0 0.0 0.0 0.0 1.0 0.0 0.0 51.0 25.0 0.0 0.0 1.0 102.0 0.0 0.0 0.0 0.0 0.0 0.0 75.0 14.0 5.0 0.0 0.0 0.0 0.0 0.0 0.0 9.0 6.0 1.0 1.0 0.0 0.0 0.0 0.0 0.0 0.0 6.0 72.0 9.0 0.0 0.0 0.0 31.0 0.0 0.0 0.0 2.0 2.0 20.0 50.0 59.0 20.0 0.0 0.0 0.0 0.0 1.0 28.0 53.0 19.0 0.0 0.0 0.0 0.0 0.0 9.0 2.0 0.0 11.0 27.0 9.0 2.0 3.0 0.0 0.0 0.0 0.0 0.0 0.0 4.0 64.0 25.0 0.0 0.0 0.0 3.0 7.0 0.0 5.0 64.0 0.0 0.0 0.0 0.0 0.0 4.0 39.0 8.0 0.0 0.0 0.0 0.0 1.0 13.0 11.0 3.0 9.0 9.0 0.0 0.0 0.0 0.0 8.0 17.0 4.0 2.0 1.0 2.0 1.0 1.0 2.0 43.0 
25_3_005_57
0.0 0.0 0.0 0.0 0.0 0.0 30.0 45.0 1.0 0.0 2.0 0.0 0.0 0.0 18.0 12.0 0.0 0.0 11.0 9.0 1.0 1.0 3.0 6.0 0.0 0.0 0.0 0.0 0.0 0.0 15.0 54.0 3.0 0.0 0.0 0.0 0.0 0.0 -2.0 48.0 4.0 0.0 0.0 0.0 0.0 5.0 28.0 32.0 0.0 0.0 0.0 8.0 15.0 26.0 8.0 4.0 10.0 0.0 0.0 0.0 0.0 0.0 10.0 56.0 12.0 0.0 0.0 1.0 0.0 0.0 0.0 24.0 10.0 0.0 0.0 0.0 0.0 0.0 -14.0 102.0 -1.0 9.0 6.0 41.0 4.0 0.0 0.0 2.0 96.0 7.0 4.0 0.0 0.0 0.0 -4.0 -22.0 0.0 0.0 0.0 0.0 0.0 0.0 32.0 21.0 2.0 0.0 0.0 0.0 0.0 0.0 19.0 21.0 -1.0 6.0 15.0 25.0 2.0 0.0 0.0 3.0 18.0 4.0 1.0 21.0 19.0 6.0 -1.0 -1.0 
25_3_005_58
10.0 4.0 0.0 4.0 3.0 3.0 9.0 12.0 0.0 0.0 0.0 24.0 12.0 2.0 9.0 5.0 0.0 0.0 8.0 82.0 10.0 0.0 0.0 0.0 4.0 1.0 0.0 0.0 1.0 2.0 2.0 3.0 54.0 0.0 0.0 0.0 1.0 15.0 10.0 32.0 24.0 0.0 0.0 8.0 11.0 8.0 4.0 18.0 0.0 0.0 0.0 42.0 102.0 5.0 0.0 0.0 0.0 0.0 0.0 14.0 28.0 16.0 0.0 0.0 0.0 0.0 0.0 1.0 19.0 81.0 15.0 0.0 20.0 16.0 8.0 11.0 12.0 1.0 2.0 14.0 2.0 10.0 38.0 24.0 4.0 4.0 2.0 1.0 0.0 0.0 0.0 45.0 31.0 2.0 0.0 0.0 0.0 0.0 0.0 34.0 38.0 12.0 0.0 0.0 0.0 0.0 11.0 67.0 22.0 0.0 0.0 0.0 4.0 2.0 2.0 1.0 0.0 0.0 3.0 23.0 0.0 0.0 11.0 42.0 3.0 0.0 0.0 0.0 
25_3_005_59
4.0 4.0 1.0 1.0 8.0 1.0 4.0 17.0 0.0 0.0 0.0 52.0 64.0 0.0 0.0 0.0 1.0 1.0 0.0 9.0 32.0 20.0 8.0 1.0 7.0 3.0 7.0 9.0 10.0 5.0 0.0 0.0 48.0 13.0 0.0 0.0 1.0 2.0 2.0 24.0 5.0 4.0 0.0 1.0 45.0 35.0 7.0 5.0 0.0 0.0 0.0 25.0 102.0 45.0 0.0 0.0 0.0 0.0 0.0 7.0 75.0 19.0 0.0 0.0 33.0 14.0 0.0 0.0 0.0 34.0 48.0 17.0 53.0 13.0 1.0 1.0 7.0 16.0 7.0 8.0 5.0 16.0 50.0 36.0 1.0 1.0 1.0 4.0 1.0 0.0 0.0 28.0 26.0 3.0 2.0 4.0 0.0 0.0 0.0 0.0 0.0 44.0 72.0 0.0 0.0 0.0 0.0 21.0 87.0 30.0 0.0 0.0 5.0 1.0 1.0 24.0 42.0 4.0 0.0 6.0 8.0 5.0 10.0 13.0 1.0 0.0 0.0 5.0 
25_3_005_60
0.0 0.0 0.0 0.0 0.0 20.0 41.0 4.0 4.0 1.0 5.0 7.0 9.0 13.0 49.0 18.0 0.0 0.0 2.0 88.0 102.0 10.0 0.0 0.0 0.0 0.0 0.0 34.0 58.0 7.0 0.0 0.0 2.0 11.0 7.0 0.0 0.0 3.0 7.0 3.0 14.0 47.0 76.0 18.0 0.0 0.0 0.0 1.0 46.0 22.0 14.0 32.0 32.0 0.0 0.0 18.0 0.0 0.0 3.0 54.0 31.0 10.0 9.0 10.0 20.0 11.0 6.0 0.0 1.0 1.0 1.0 3.0 1.0 1.0 10.0 89.0 11.0 0.0 0.0 0.0 15.0 35.0 80.0 0.0 0.0 0.0 2.0 38.0 15.0 20.0 18.0 9.0 0.0 1.0 5.0 33.0 61.0 20.0 0.0 0.0 0.0 0.0 0.0 4.0 14.0 9.0 12.0 20.0 8.0 0.0 0.0 1.0 0.0 0.0 6.0 26.0 52.0 63.0 17.0 1.0 31.0 6.0 0.0 9.0 34.0 13.0 0.0 23.0 
25_3_005_61
0.0 0.0 0.0 0.0 0.0 0.0 28.0 44.0 0.0 0.0 0.0 0.0 0.0 1.0 13.0 8.0 0.0 0.0 25.0 42.0 0.0 0.0 0.0 0.0 0.0 0.0 1.0 1.0 0.0 0.0 10.0 6.0 1.0 0.0 0.0 0.0 0.0 0.0 12.0 51.0 1.0 8.0 2.0 0.0 0.0 0.0 -2.0 7.0 0.0 0.0 8.0 53.0 3.0 2.0 4.0 1.0 0.0 0.0 0.0 5.0 3.0 1.0 15.0 11.0 4.0 0.0 0.0 0.0 0.0 0.0 -38.0 102.0 8.0 15.0 7.0 0.0 0.0 0.0 0.0 -1.0 2.0 1.0 20.0 17.0 0.0 0.0 -1.0 3.0 9.0 5.0 19.0 12.0 0.0 0.0 -2.0 6.0 1.0 0.0 0.0 0.0 3.0 1.0 -18.0 47.0 30.0 5.0 4.0 0.0 0.0 0.0 0.0 -5.0 0.0 3.0 2.0 2.0 1.0 2.0 0.0 0.0 0.0 0.0 0.0 28.0 9.0 0.0 0.0 0.0 
25_3_005_62
0.0 0.0 0.0 0.0 4.0 11.0 0.0 0.0 0.0 0.0 0.0 4.0 22.0 12.0 0.0 0.0 0.0 0.0 0.0 3.0 35.0 29.0 0.0 0.0 4.0 1.0 0.0 0.0 1.0 46.0 5.0 0.0 0.0 0.0 0.0 7.0 8.0 2.0 0.0 0.0 0.0 6.0 22.0 24.0 0.0 0.0 0.0 0.0 5.0 3.0 2.0 1.0 0.0 4.0 -1.0 42.0 0.0 0.0 0.0 0.0 2.0 23.0 5.0 3.0 0.0 0.0 9.0 13.0 23.0 8.0 0.0 0.0 0.0 0.0 47.0 45.0 1.0 0.0 0.0 0.0 23.0 4.0 7.0 0.0 0.0 0.0 -43.0 102.0 9.0 0.0 0.0 0.0 0.0 0.0 -11.0 31.0 0.0 0.0 57.0 25.0 0.0 0.0 0.0 0.0 0.0 2.0 23.0 26.0 8.0 1.0 0.0 2.0 3.0 0.0 4.0 6.0 2.0 0.0 -3.0 68.0 0.0 0.0 0.0 0.0 0.0 7.0 16.0 30.0 
25_3_005_63
0.0 2.0 3.0 0.0 0.0 0.0 0.0 0.0 0.0 2.0 6.0 4.0 0.0 0.0 0.0 0.0 0.0 0.0 13.0 79.0 0.0 0.0 0.0 0.0 0.0 0.0 1.0 2.0 0.0 0.0 0.0 0.0 0.0 2.0 4.0 0.0 0.0 0.0 0.0 0.0 0.0 2.0 3.0 10.0 0.0 0.0 0.0 0.0 0.0 0.0 10.0 100.0 0.0 0.0 0.0 0.0 0.0 0.0 1.0 1.0 0.0 0.0 0.0 0.0 0.0 2.0 1.0 0.0 0.0 0.0 0.0 0.0 0.0 1.0 4.0 12.0 0.0 0.0 0.0 0.0 0.0 0.0 1.0 102.0 2.0 0.0 0.0 0.0 0.0 0.0 0.0 1.0 1.0 0.0 0.0 0.0 0.0 0.0 3.0 65.0 0.0 0.0 0.0 0.0 0.0 0.0 9.0 59.0 0.0 0.0 0.0 0.0 0.0 0.0 22.0 52.0 0.0 0.0 0.0 0.0 0.0 0.0 1.0 1.0 0.0 0.0 0.0 0.0 
25_3_005_64
3.0 5.0 11.0 9.0 38.0 36.0 2.0 3.0 55.0 7.0 0.0 3.0 1.0 0.0 0.0 25.0 13.0 28.0 10.0 0.0 0.0 0.0 0.0 0.0 0.0 29.0 15.0 29.0 16.0 0.0 0.0 0.0 15.0 13.0 4.0 22.0 49.0 12.0 8.0 6.0 20.0 29.0 32.0 102.0 43.0 0.0 0.0 0.0 66.0 81.0 7.0 0.0 0.0 0.0 1.0 28.0 2.0 12.0 4.0 0.0 2.0 38.0 12.0 0.0 6.0 63.0 52.0 0.0 0.0 0.0 0.0 0.0 0.0 5.0 50.0 73.0 36.0 2.0 0.0 0.0 32.0 4.0 4.0 3.0 1.0 24.0 19.0 69.0 26.0 0.0 0.0 0.0 1.0 27.0 23.0 75.0 3.0 22.0 8.0 1.0 3.0 3.0 0.0 0.0 2.0 10.0 2.0 7.0 18.0 4.0 2.0 0.0 1.0 0.0 3.0 7.0 9.0 54.0 68.0 9.0 1.0 0.0 0.0 0.0 0.0 3.0 81.0 58.0 
25_3_005_65
0.0 0.0 0.0 0.0 0.0 13.0 6.0 0.0 0.0 0.0 0.0 5.0 5.0 5.0 1.0 0.0 7.0 0.0 11.0 20.0 13.0 0.0 0.0 -2.0 60.0 0.0 0.0 0.0 0.0 0.0 -4.0 -7.0 0.0 0.0 0.0 0.0 4.0 18.0 4.0 0.0 0.0 0.0 0.0 1.0 15.0 26.0 3.0 0.0 0.0 0.0 10.0 61.0 23.0 0.0 0.0 0.0 18.0 1.0 10.0 23.0 6.0 0.0 -3.0 2.0 0.0 0.0 0.0 5.0 11.0 6.0 3.0 0.0 0.0 0.0 1.0 17.0 2.0 5.0 11.0 0.0 0.0 0.0 19.0 102.0 6.0 0.0 0.0 0.0 2.0 0.0 0.0 1.0 36.0 7.0 -2.0 19.0 0.0 0.0 0.0 24.0 9.0 0.0 0.0 2.0 0.0 0.0 0.0 17.0 2.0 0.0 0.0 7.0 0.0 0.0 5.0 59.0 39.0 13.0 0.0 0.0 0.0 0.0 0.0 1.0 13.0 14.0 3.0 41.0 
25_3_005_66
36.0 8.0 0.0 0.0 0.0 0.0 0.0 22.0 22.0 4.0 6.0 25.0 0.0 0.0 0.0 11.0 51.0 6.0 8.0 25.0 0.0 0.0 5.0 61.0 17.0 0.0 17.0 94.0 6.0 0.0 0.0 6.0 31.0 11.0 0.0 0.0 6.0 6.0 26.0 25.0 46.0 25.0 25.0 5.0 2.0 0.0 0.0 1.0 68.0 69.0 57.0 91.0 0.0 0.0 0.0 0.0 85.0 50.0 36.0 3.0 0.0 0.0 0.0 3.0 0.0 0.0 0.0 0.0 43.0 23.0 50.0 20.0 1.0 0.0 13.0 28.0 72.0 0.0 0.0 0.0 0.0 0.0 4.0 102.0 56.0 9.0 1.0 0.0 4.0 0.0 0.0 0.0 0.0 2.0 34.0 61.0 0.0 0.0 2.0 8.0 12.0 7.0 16.0 1.0 0.0 0.0 10.0 36.0 67.0 0.0 0.0 0.0 0.0 0.0 4.0 30.0 68.0 5.0 0.0 0.0 0.0 0.0 1.0 0.0 0.0 1.0 47.0 16.0 
25_3_005_67
15.0 0.0 0.0 0.0 0.0 4.0 -2.0 10.0 32.0 0.0 0.0 0.0 2.0 5.0 0.0 -11.0 0.0 0.0 4.0 14.0 2.0 0.0 -1.0 4.0 1.0 0.0 0.0 0.0 2.0 0.0 -10.0 33.0 12.0 0.0 0.0 3.0 22.0 17.0 1.0 -3.0 31.0 26.0 16.0 48.0 9.0 0.0 0.0 -17.0 102.0 6.0 1.0 1.0 0.0 0.0 -15.0 0.0 20.0 1.0 0.0 0.0 0.0 0.0 -10.0 17.0 58.0 19.0 0.0 0.0 0.0 3.0 0.0 -21.0 -4.0 11.0 20.0 35.0 19.0 18.0 0.0 0.0 0.0 0.0 0.0 0.0 0.0 33.0 11.0 26.0 10.0 2.0 1.0 0.0 0.0 3.0 2.0 10.0 2.0 1.0 0.0 0.0 1.0 8.0 -4.0 11.0 -1.0 2.0 1.0 3.0 5.0 3.0 0.0 0.0 0.0 0.0 0.0 1.0 1.0 4.0 3.0 1.0 0.0 1.0 0.0 0.0 0.0 3.0 11.0 10.0 
25_3_005_68
1.0 0.0 0.0 0.0 0.0 5.0 18.0 17.0 0.0 0.0 3.0 7.0 10.0 11.0 3.0 2.0 0.0 0.0 0.0 0.0 0.0 0.0 25.0 32.0 4.0 0.0 0.0 0.0 0.0 0.0 3.0 26.0 3.0 0.0 0.0 0.0 0.0 0.0 3.0 31.0 4.0 5.0 16.0 26.0 0.0 0.0 -1.0 2.0 75.0 0.0 0.0 0.0 0.0 0.0 -16.0 19.0 74.0 0.0 0.0 0.0 0.0 0.0 -4.0 -4.0 3.0 8.0 7.0 0.0 0.0 0.0 3.0 4.0 0.0 0.0 12.0 44.0 6.0 0.0 0.0 0.0 19.0 0.0 4.0 7.0 3.0 0.0 -39.0 102.0 4.0 0.0 0.0 0.0 4.0 5.0 0.0 24.0 0.0 0.0 3.0 10.0 5.0 0.0 1.0 7.0 0.0 0.0 0.0 0.0 11.0 9.0 11.0 8.0 0.0 0.0 0.0 0.0 27.0 77.0 20.0 8.0 0.0 0.0 0.0 0.0 2.0 8.0 7.0 39.0 
25_3_005_69
0.0 0.0 0.0 52.0 24.0 8.0 0.0 0.0 8.0 9.0 47.0 8.0 0.0 0.0 0.0 6.0 84.0 30.0 60.0 7.0 0.0 0.0 0.0 45.0 28.0 41.0 64.0 6.0 0.0 0.0 0.0 21.0 0.0 0.0 14.0 92.0 10.0 0.0 0.0 0.0 0.0 1.0 40.0 102.0 7.0 0.0 0.0 0.0 13.0 0.0 4.0 25.0 5.0 16.0 56.0 41.0 14.0 26.0 6.0 0.0 0.0 0.0 3.0 17.0 0.0 59.0 39.0 7.0 0.0 0.0 0.0 0.0 0.0 0.0 15.0 44.0 21.0 17.0 7.0 0.0 0.0 0.0 1.0 0.0 2.0 44.0 58.0 0.0 0.0 0.0 5.0 5.0 20.0 16.0 0.0 0.0 15.0 16.0 0.0 0.0 0.0 4.0 1.0 9.0 15.0 8.0 4.0 2.0 1.0 15.0 18.0 13.0 0.0 24.0 37.0 9.0 0.0 0.0 1.0 0.0 2.0 36.0 4.0 0.0 0.0 0.0 0.0 0.0 
25_3_005_70
0.0 0.0 0.0 0.0 0.0 40.0 14.0 0.0 0.0 0.0 0.0 1.0 13.0 54.0 4.0 0.0 0.0 0.0 0.0 10.0 13.0 14.0 1.0 0.0 0.0 0.0 5.0 8.0 20.0 23.0 2.0 0.0 0.0 0.0 0.0 0.0 1.0 28.0 20.0 0.0 0.0 0.0 10.0 68.0 13.0 9.0 2.0 0.0 0.0 0.0 3.0 9.0 0.0 5.0 10.0 12.0 0.0 0.0 50.0 63.0 1.0 0.0 0.0 0.0 25.0 42.0 4.0 2.0 5.0 0.0 0.0 -9.0 0.0 9.0 37.0 66.0 0.0 0.0 0.0 0.0 0.0 0.0 10.0 7.0 0.0 0.0 4.0 15.0 0.0 0.0 20.0 87.0 34.0 2.0 0.0 0.0 102.0 14.0 1.0 0.0 0.0 1.0 -9.0 -3.0 40.0 32.0 28.0 2.0 0.0 0.0 -1.0 -11.0 51.0 9.0 14.0 6.0 0.0 0.0 0.0 -7.0 0.0 7.0 49.0 17.0 0.0 0.0 0.0 0.0 
25_3_005_71
2.0 4.0 9.0 2.0 0.0 2.0 1.0 2.0 5.0 20.0 15.0 17.0 10.0 1.0 0.0 0.0 15.0 27.0 10.0 0.0 0.0 0.0 4.0 9.0 0.0 0.0 2.0 1.0 7.0 10.0 23.0 0.0 10.0 1.0 0.0 0.0 0.0 6.0 21.0 18.0 0.0 0.0 13.0 76.0 49.0 9.0 0.0 0.0 12.0 0.0 0.0 0.0 0.0 0.0 24.0 42.0 12.0 0.0 0.0 1.0 1.0 0.0 6.0 10.0 44.0 39.0 0.0 0.0 0.0 0.0 0.0 2.0 0.0 30.0 102.0 44.0 0.0 0.0 0.0 0.0 86.0 12.0 0.0 0.0 0.0 0.0 0.0 25.0 26.0 18.0 0.0 0.0 0.0 0.0 0.0 5.0 2.0 4.0 2.0 6.0 3.0 0.0 0.0 0.0 0.0 3.0 19.0 23.0 18.0 2.0 0.0 0.0 10.0 0.0 0.0 0.0 0.0 12.0 45.0 33.0 8.0 6.0 0.0 0.0 13.0 6.0 0.0 0.0 
25_3_005_72
0.0 0.0 0.0 0.0 0.0 0.0 0.0 0.0 0.0 0.0 28.0 37.0 0.0 0.0 0.0 0.0 1.0 4.0 9.0 1.0 0.0 0.0 3.0 4.0 0.0 12.0 21.0 0.0 0.0 0.0 0.0 0.0 0.0 0.0 0.0 0.0 0.0 0.0 0.0 0.0 0.0 0.0 0.0 24.0 42.0 4.0 0.0 0.0 0.0 8.0 16.0 31.0 17.0 0.0 0.0 0.0 1.0 4.0 13.0 2.0 0.0 0.0 6.0 1.0 0.0 0.0 0.0 0.0 0.0 0.0 0.0 0.0 0.0 0.0 0.0 24.0 2.0 0.0 0.0 0.0 0.0 2.0 19.0 102.0 0.0 0.0 1.0 1.0 1.0 0.0 0.0 0.0 0.0 0.0 16.0 22.0 1.0 0.0 0.0 0.0 0.0 0.0 0.0 0.0 0.0 0.0 4.0 24.0 0.0 0.0 0.0 0.0 0.0 0.0 8.0 77.0 0.0 0.0 1.0 6.0 0.0 0.0 0.0 0.0 0.0 0.0 11.0 24.0 
25_3_005_73
0.0 1.0 0.0 0.0 0.0 0.0 0.0 0.0 0.0 0.0 7.0 71.0 0.0 0.0 0.0 0.0 0.0 0.0 0.0 27.0 18.0 3.0 0.0 4.0 6.0 10.0 4.0 1.0 1.0 2.0 0.0 1.0 0.0 3.0 0.0 0.0 0.0 0.0 0.0 0.0 0.0 0.0 19.0 102.0 0.0 0.0 0.0 0.0 5.0 2.0 2.0 1.0 4.0 9.0 2.0 10.0 0.0 0.0 11.0 16.0 9.0 7.0 0.0 0.0 0.0 2.0 0.0 0.0 0.0 0.0 0.0 0.0 0.0 0.0 36.0 102.0 0.0 0.0 0.0 0.0 8.0 5.0 10.0 0.0 0.0 0.0 0.0 18.0 0.0 1.0 53.0 13.0 0.0 0.0 0.0 0.0 0.0 0.0 0.0 1.0 0.0 0.0 0.0 0.0 0.0 0.0 5.0 69.0 27.0 0.0 0.0 0.0 0.0 2.0 27.0 8.0 7.0 0.0 1.0 2.0 1.0 0.0 21.0 10.0 0.0 0.0 2.0 3.0 
25_3_005_74
0.0 0.0 0.0 6.0 9.0 0.0 0.0 0.0 0.0 0.0 0.0 17.0 42.0 0.0 0.0 0.0 37.0 6.0 14.0 17.0 3.0 0.0 0.0 -15.0 69.0 0.0 0.0 0.0 0.0 0.0 -22.0 34.0 0.0 0.0 0.0 0.0 5.0 33.0 9.0 0.0 0.0 0.0 11.0 81.0 25.0 7.0 0.0 0.0 0.0 0.0 7.0 40.0 28.0 2.0 -1.0 2.0 5.0 0.0 0.0 1.0 15.0 2.0 -27.0 62.0 0.0 0.0 1.0 8.0 1.0 1.0 16.0 1.0 0.0 0.0 5.0 102.0 30.0 0.0 0.0 0.0 7.0 0.0 18.0 24.0 12.0 3.0 -15.0 52.0 0.0 0.0 0.0 4.0 81.0 14.0 2.0 11.0 0.0 0.0 0.0 7.0 3.0 0.0 -1.0 8.0 0.0 0.0 2.0 76.0 31.0 0.0 0.0 0.0 3.0 0.0 5.0 25.0 26.0 44.0 0.0 22.0 0.0 0.0 0.0 13.0 25.0 0.0 -11.0 77.0 
25_3_005_75
2.0 1.0 0.0 0.0 0.0 2.0 2.0 2.0 4.0 6.0 0.0 0.0 0.0 0.0 17.0 6.0 3.0 0.0 0.0 0.0 0.0 10.0 24.0 4.0 0.0 0.0 16.0 14.0 4.0 12.0 2.0 0.0 0.0 0.0 0.0 0.0 0.0 56.0 21.0 0.0 0.0 0.0 24.0 29.0 5.0 31.0 22.0 0.0 13.0 46.0 16.0 0.0 0.0 0.0 0.0 2.0 3.0 19.0 29.0 2.0 0.0 0.0 0.0 0.0 0.0 0.0 0.0 0.0 4.0 25.0 32.0 0.0 0.0 0.0 3.0 102.0 34.0 4.0 0.0 0.0 0.0 0.0 0.0 8.0 13.0 23.0 13.0 0.0 6.0 18.0 9.0 28.0 19.0 0.0 0.0 0.0 4.0 11.0 7.0 3.0 0.0 0.0 2.0 5.0 0.0 2.0 5.0 25.0 36.0 1.0 0.0 0.0 0.0 0.0 0.0 22.0 25.0 0.0 0.0 0.0 0.0 0.0 0.0 23.0 51.0 4.0 2.0 0.0 
25_3_005_76
1.0 0.0 0.0 1.0 4.0 3.0 2.0 8.0 0.0 0.0 2.0 41.0 20.0 0.0 0.0 0.0 7.0 8.0 28.0 31.0 0.0 0.0 0.0 1.0 33.0 8.0 0.0 0.0 0.0 0.0 0.0 2.0 13.0 0.0 1.0 0.0 2.0 3.0 2.0 42.0 0.0 0.0 17.0 102.0 13.0 0.0 0.0 0.0 0.0 0.0 2.0 28.0 22.0 20.0 2.0 0.0 8.0 2.0 0.0 3.0 9.0 10.0 2.0 3.0 3.0 2.0 2.0 1.0 7.0 8.0 26.0 11.0 0.0 1.0 7.0 18.0 40.0 31.0 0.0 0.0 0.0 0.0 0.0 14.0 61.0 41.0 0.0 0.0 1.0 6.0 3.0 11.0 7.0 8.0 0.0 1.0 0.0 0.0 0.0 0.0 3.0 6.0 8.0 0.0 0.0 0.0 0.0 0.0 3.0 22.0 6.0 0.0 0.0 0.0 0.0 29.0 70.0 1.0 0.0 0.0 0.0 2.0 6.0 29.0 56.0 5.0 0.0 0.0 
25_3_005_77
0.0 2.0 12.0 0.0 0.0 1.0 13.0 0.0 0.0 0.0 1.0 1.0 2.0 23.0 4.0 1.0 0.0 0.0 14.0 3.0 1.0 7.0 2.0 0.0 0.0 17.0 18.0 0.0 0.0 0.0 0.0 0.0 0.0 1.0 4.0 1.0 0.0 3.0 15.0 0.0 0.0 0.0 4.0 0.0 1.0 39.0 40.0 0.0 0.0 0.0 9.0 74.0 31.0 25.0 0.0 0.0 5.0 11.0 12.0 6.0 4.0 0.0 24.0 15.0 0.0 0.0 2.0 2.0 0.0 0.0 81.0 13.0 0.0 2.0 23.0 13.0 3.0 15.0 52.0 0.0 0.0 0.0 9.0 102.0 28.0 2.0 0.0 0.0 0.0 0.0 0.0 0.0 1.0 33.0 58.0 0.0 17.0 24.0 3.0 0.0 0.0 0.0 0.0 52.0 0.0 22.0 49.0 3.0 0.0 0.0 2.0 0.0 0.0 1.0 16.0 3.0 2.0 13.0 33.0 1.0 0.0 0.0 2.0 15.0 8.0 9.0 5.0 0.0 
25_3_005_78
5.0 0.0 0.0 14.0 12.0 1.0 12.0 15.0 8.0 0.0 0.0 12.0 22.0 2.0 8.0 29.0 6.0 0.0 0.0 45.0 30.0 0.0 0.0 3.0 2.0 0.0 1.0 19.0 1.0 0.0 0.0 0.0 9.0 1.0 2.0 31.0 4.0 0.0 1.0 17.0 48.0 9.0 2.0 3.0 0.0 0.0 4.0 25.0 0.0 0.0 8.0 102.0 9.0 0.0 0.0 1.0 0.0 0.0 0.0 15.0 5.0 0.0 1.0 0.0 4.0 4.0 15.0 49.0 0.0 0.0 0.0 0.0 80.0 73.0 8.0 4.0 0.0 0.0 0.0 0.0 9.0 19.0 47.0 9.0 0.0 0.0 0.0 5.0 2.0 1.0 18.0 9.0 0.0 0.0 0.0 0.0 3.0 3.0 3.0 28.0 4.0 0.0 0.0 0.0 9.0 2.0 0.0 30.0 23.0 4.0 7.0 5.0 16.0 0.0 0.0 0.0 0.0 0.0 3.0 31.0 0.0 0.0 4.0 5.0 1.0 6.0 4.0 0.0 
25_3_005_79
10.0 2.0 2.0 19.0 10.0 1.0 2.0 -3.0 26.0 0.0 1.0 11.0 10.0 2.0 -13.0 38.0 1.0 0.0 0.0 33.0 15.0 0.0 -17.0 46.0 8.0 0.0 0.0 0.0 0.0 0.0 -20.0 87.0 0.0 0.0 0.0 1.0 35.0 55.0 7.0 0.0 0.0 0.0 6.0 46.0 21.0 40.0 11.0 0.0 0.0 0.0 2.0 26.0 19.0 12.0 2.0 3.0 0.0 0.0 0.0 0.0 0.0 0.0 9.0 102.0 0.0 0.0 0.0 0.0 28.0 27.0 1.0 0.0 0.0 0.0 1.0 46.0 59.0 4.0 0.0 0.0 0.0 0.0 0.0 0.0 27.0 54.0 1.0 0.0 0.0 2.0 0.0 0.0 0.0 4.0 31.0 33.0 4.0 28.0 3.0 2.0 0.0 0.0 0.0 -1.0 -1.0 3.0 10.0 31.0 12.0 2.0 0.0 0.0 0.0 0.0 0.0 0.0 9.0 18.0 0.0 0.0 -3.0 8.0 1.0 6.0 9.0 2.0 1.0 0.0 
25_3_005_80
0.0 1.0 1.0 0.0 0.0 0.0 0.0 0.0 0.0 2.0 7.0 1.0 1.0 0.0 0.0 0.0 0.0 1.0 7.0 5.0 1.0 0.0 0.0 0.0 1.0 14.0 17.0 2.0 3.0 2.0 0.0 0.0 0.0 0.0 0.0 0.0 6.0 4.0 0.0 0.0 0.0 0.0 20.0 23.0 4.0 0.0 0.0 0.0 1.0 30.0 75.0 1.0 0.0 0.0 0.0 0.0 15.0 11.0 38.0 1.0 0.0 0.0 0.0 10.0 0.0 0.0 0.0 0.0 3.0 15.0 0.0 0.0 0.0 0.0 4.0 85.0 14.0 0.0 0.0 0.0 0.0 0.0 46.0 43.0 0.0 0.0 4.0 1.0 2.0 0.0 0.0 0.0 0.0 3.0 40.0 12.0 0.0 0.0 0.0 1.0 5.0 9.0 1.0 0.0 0.0 0.0 21.0 102.0 3.0 0.0 0.0 0.0 0.0 0.0 9.0 19.0 0.0 0.0 21.0 20.0 5.0 2.0 4.0 19.0 2.0 1.0 11.0 4.0 
25_3_005_81
2.0 19.0 28.0 3.0 0.0 0.0 1.0 3.0 8.0 16.0 23.0 9.0 0.0 0.0 0.0 0.0 7.0 14.0 1.0 0.0 0.0 0.0 0.0 5.0 22.0 11.0 1.0 0.0 0.0 0.0 2.0 12.0 5.0 49.0 45.0 0.0 0.0 0.0 1.0 3.0 21.0 11.0 2.0 0.0 0.0 2.0 26.0 15.0 5.0 39.0 24.0 13.0 0.0 0.0 0.0 0.0 28.0 45.0 20.0 0.0 0.0 0.0 0.0 0.0 0.0 0.0 3.0 3.0 0.0 3.0 88.0 10.0 0.0 0.0 0.0 0.0 10.0 25.0 36.0 0.0 0.0 11.0 23.0 102.0 47.0 0.0 0.0 0.0 22.0 44.0 8.0 2.0 0.0 0.0 0.0 11.0 0.0 0.0 0.0 0.0 0.0 0.0 45.0 19.0 0.0 0.0 0.0 9.0 8.0 2.0 1.0 0.0 0.0 0.0 11.0 77.0 41.0 0.0 0.0 0.0 14.0 0.0 0.0 20.0 46.0 1.0 0.0 9.0 
25_3_005_82
0.0 0.0 0.0 1.0 10.0 0.0 0.0 0.0 0.0 0.0 0.0 33.0 102.0 0.0 0.0 0.0 0.0 0.0 0.0 4.0 18.0 1.0 -2.0 11.0 2.0 0.0 0.0 0.0 0.0 0.0 -14.0 34.0 0.0 0.0 0.0 3.0 1.0 0.0 0.0 0.0 0.0 0.0 9.0 84.0 7.0 0.0 0.0 0.0 0.0 0.0 2.0 14.0 54.0 1.0 0.0 0.0 0.0 0.0 0.0 0.0 14.0 1.0 -10.0 25.0 0.0 0.0 0.0 0.0 0.0 0.0 0.0 0.0 0.0 0.0 0.0 70.0 27.0 0.0 0.0 0.0 0.0 0.0 2.0 8.0 17.0 3.0 0.0 0.0 0.0 1.0 4.0 5.0 28.0 1.0 0.0 0.0 0.0 1.0 0.0 0.0 0.0 0.0 0.0 0.0 0.0 0.0 0.0 15.0 16.0 0.0 0.0 0.0 0.0 0.0 5.0 37.0 39.0 0.0 0.0 0.0 2.0 2.0 4.0 2.0 0.0 1.0 -2.0 13.0 
25_3_005_83
0.0 2.0 0.0 0.0 0.0 0.0 0.0 0.0 0.0 0.0 2.0 79.0 3.0 0.0 0.0 0.0 9.0 1.0 4.0 3.0 0.0 1.0 1.0 12.0 0.0 0.0 12.0 20.0 2.0 1.0 0.0 0.0 0.0 2.0 0.0 0.0 0.0 0.0 0.0 0.0 0.0 0.0 14.0 102.0 0.0 0.0 0.0 0.0 5.0 2.0 7.0 12.0 0.0 0.0 0.0 14.0 0.0 1.0 44.0 16.0 0.0 0.0 0.0 0.0 0.0 0.0 0.0 0.0 0.0 0.0 0.0 1.0 0.0 0.0 0.0 65.0 35.0 0.0 0.0 0.0 0.0 0.0 9.0 7.0 39.0 11.0 0.0 1.0 0.0 2.0 19.0 22.0 4.0 0.0 0.0 0.0 0.0 0.0 0.0 0.0 0.0 0.0 0.0 1.0 0.0 0.0 0.0 3.0 15.0 0.0 0.0 0.0 0.0 0.0 0.0 7.0 37.0 36.0 0.0 0.0 0.0 1.0 1.0 52.0 42.0 0.0 0.0 0.0 
25_3_005_84
12.0 3.0 0.0 1.0 1.0 0.0 0.0 2.0 0.0 0.0 5.0 36.0 4.0 0.0 0.0 0.0 5.0 2.0 5.0 13.0 0.0 0.0 -4.0 13.0 0.0 0.0 0.0 0.0 0.0 0.0 -9.0 38.0 5.0 0.0 0.0 25.0 34.0 0.0 -1.0 3.0 2.0 1.0 5.0 34.0 0.0 0.0 -2.0 6.0 0.0 0.0 4.0 21.0 10.0 0.0 0.0 3.0 13.0 1.0 0.0 0.0 0.0 0.0 -25.0 60.0 0.0 0.0 0.0 11.0 58.0 5.0 0.0 0.0 0.0 0.0 0.0 0.0 18.0 51.0 16.0 0.0 0.0 0.0 1.0 10.0 102.0 36.0 0.0 0.0 5.0 1.0 0.0 0.0 20.0 7.0 -13.0 29.0 0.0 0.0 0.0 0.0 3.0 1.0 0.0 0.0 0.0 0.0 0.0 0.0 4.0 16.0 4.0 0.0 0.0 0.0 0.0 0.0 27.0 13.0 0.0 0.0 0.0 0.0 0.0 0.0 80.0 26.0 0.0 0.0 
25_3_005_85
0.0 0.0 13.0 8.0 0.0 0.0 0.0 0.0 0.0 0.0 35.0 19.0 0.0 0.0 1.0 2.0 2.0 6.0 6.0 0.0 0.0 0.0 1.0 9.0 0.0 5.0 26.0 2.0 0.0 0.0 0.0 0.0 0.0 0.0 4.0 45.0 5.0 0.0 0.0 0.0 0.0 2.0 7.0 18.0 12.0 0.0 1.0 1.0 0.0 12.0 40.0 1.0 0.0 0.0 0.0 0.0 2.0 6.0 10.0 0.0 0.0 0.0 4.0 6.0 0.0 0.0 0.0 3.0 16.0 1.0 0.0 0.0 0.0 0.0 4.0 65.0 45.0 6.0 0.0 0.0 2.0 8.0 17.0 13.0 0.0 0.0 0.0 4.0 0.0 0.0 0.0 0.0 0.0 0.0 26.0 16.0 0.0 0.0 0.0 0.0 1.0 0.0 0.0 0.0 0.0 0.0 0.0 102.0 5.0 0.0 0.0 0.0 0.0 0.0 0.0 16.0 0.0 0.0 7.0 16.0 0.0 0.0 0.0 0.0 0.0 0.0 11.0 20.0 
25_3_005_86
38.0 1.0 0.0 0.0 0.0 0.0 0.0 -10.0 8.0 10.0 0.0 0.0 0.0 0.0 0.0 -2.0 -11.0 46.0 0.0 0.0 0.0 0.0 0.0 -2.0 -44.0 102.0 3.0 0.0 0.0 0.0 0.0 0.0 0.0 0.0 0.0 0.0 0.0 4.0 11.0 28.0 -9.0 33.0 17.0 12.0 2.0 2.0 -1.0 3.0 -32.0 98.0 0.0 0.0 0.0 0.0 0.0 -1.0 -2.0 3.0 18.0 5.0 2.0 0.0 0.0 0.0 5.0 0.0 0.0 0.0 0.0 0.0 -5.0 26.0 -3.0 7.0 11.0 66.0 0.0 0.0 0.0 0.0 -2.0 7.0 11.0 3.0 0.0 0.0 -2.0 5.0 1.0 15.0 5.0 4.0 2.0 0.0 0.0 -3.0 2.0 0.0 0.0 0.0 0.0 0.0 -2.0 13.0 0.0 0.0 3.0 41.0 3.0 0.0 0.0 0.0 0.0 0.0 0.0 1.0 9.0 8.0 4.0 0.0 0.0 0.0 0.0 3.0 10.0 7.0 1.0 0.0 
25_3_005_87
0.0 0.0 0.0 0.0 0.0 0.0 0.0 0.0 0.0 1.0 4.0 0.0 0.0 0.0 0.0 2.0 0.0 0.0 87.0 19.0 0.0 0.0 0.0 0.0 0.0 0.0 20.0 15.0 2.0 2.0 1.0 0.0 0.0 0.0 0.0 0.0 0.0 0.0 -1.0 3.0 0.0 0.0 46.0 36.0 0.0 0.0 0.0 0.0 0.0 0.0 41.0 17.0 1.0 0.0 0.0 0.0 0.0 2.0 0.0 6.0 4.0 1.0 4.0 5.0 0.0 0.0 0.0 0.0 0.0 0.0 0.0 1.0 0.0 0.0 7.0 102.0 0.0 0.0 0.0 0.0 0.0 0.0 16.0 9.0 0.0 0.0 0.0 0.0 0.0 3.0 34.0 0.0 0.0 0.0 0.0 0.0 0.0 1.0 0.0 0.0 0.0 0.0 -2.0 5.0 0.0 0.0 30.0 73.0 0.0 0.0 0.0 0.0 0.0 2.0 35.0 3.0 0.0 0.0 0.0 0.0 0.0 0.0 4.0 0.0 1.0 0.0 0.0 0.0 
25_3_005_88
0.0 0.0 0.0 0.0 0.0 0.0 -1.0 4.0 0.0 0.0 25.0 42.0 0.0 0.0 0.0 0.0 0.0 0.0 17.0 57.0 8.0 0.0 0.0 0.0 1.0 0.0 6.0 0.0 1.0 2.0 5.0 16.0 0.0 0.0 0.0 0.0 0.0 0.0 0.0 0.0 0.0 0.0 23.0 102.0 0.0 0.0 0.0 0.0 0.0 0.0 6.0 24.0 7.0 0.0 0.0 0.0 0.0 0.0 20.0 13.0 0.0 2.0 0.0 0.0 1.0 0.0 0.0 0.0 0.0 0.0 0.0 2.0 0.0 0.0 0.0 66.0 41.0 0.0 0.0 0.0 0.0 0.0 9.0 34.0 21.0 0.0 0.0 0.0 0.0 0.0 23.0 17.0 0.0 0.0 0.0 0.0 4.0 0.0 0.0 0.0 0.0 0.0 0.0 0.0 0.0 0.0 0.0 22.0 9.0 0.0 0.0 1.0 0.0 0.0 10.0 94.0 18.0 0.0 0.0 0.0 0.0 0.0 3.0 3.0 1.0 1.0 0.0 0.0 
25_3_005_89
0.0 1.0 0.0 0.0 0.0 0.0 14.0 3.0 11.0 3.0 44.0 3.0 0.0 0.0 0.0 -1.0 0.0 8.0 102.0 3.0 0.0 0.0 1.0 12.0 14.0 11.0 2.0 0.0 0.0 0.0 0.0 3.0 0.0 22.0 10.0 3.0 0.0 0.0 0.0 -1.0 -2.0 9.0 63.0 22.0 3.0 10.0 5.0 0.0 0.0 0.0 3.0 20.0 13.0 23.0 3.0 2.0 10.0 8.0 19.0 13.0 0.0 0.0 0.0 -4.0 0.0 0.0 19.0 23.0 0.0 0.0 0.0 0.0 0.0 0.0 3.0 10.0 1.0 4.0 17.0 7.0 0.0 0.0 6.0 52.0 15.0 2.0 0.0 0.0 0.0 0.0 2.0 14.0 28.0 11.0 0.0 0.0 0.0 0.0 3.0 18.0 8.0 0.0 0.0 0.0 0.0 0.0 0.0 7.0 1.0 1.0 4.0 9.0 0.0 0.0 0.0 2.0 7.0 27.0 11.0 0.0 0.0 0.0 0.0 20.0 44.0 8.0 0.0 0.0 
25_3_005_90
0.0 0.0 0.0 0.0 0.0 9.0 23.0 6.0 0.0 0.0 0.0 95.0 11.0 4.0 3.0 0.0 0.0 0.0 0.0 32.0 34.0 102.0 62.0 0.0 1.0 0.0 0.0 4.0 39.0 75.0 43.0 2.0 17.0 1.0 0.0 0.0 0.0 0.0 0.0 17.0 2.0 1.0 9.0 96.0 4.0 0.0 0.0 0.0 18.0 0.0 0.0 0.0 0.0 2.0 34.0 74.0 1.0 0.0 0.0 80.0 34.0 5.0 14.0 23.0 7.0 0.0 0.0 0.0 0.0 0.0 4.0 27.0 4.0 2.0 27.0 66.0 2.0 0.0 0.0 4.0 31.0 11.0 0.0 0.0 0.0 8.0 55.0 59.0 4.0 2.0 21.0 99.0 2.0 0.0 5.0 35.0 38.0 10.0 0.0 0.0 0.0 0.0 0.0 1.0 4.0 11.0 41.0 51.0 0.0 0.0 0.0 0.0 95.0 35.0 0.0 0.0 0.0 0.0 0.0 41.0 12.0 14.0 61.0 43.0 0.0 0.0 0.0 8.0 
25_3_005_91
7.0 3.0 1.0 6.0 5.0 0.0 0.0 8.0 6.0 1.0 4.0 6.0 3.0 0.0 0.0 1.0 0.0 0.0 4.0 43.0 9.0 0.0 0.0 0.0 6.0 3.0 3.0 0.0 0.0 0.0 -3.0 17.0 3.0 0.0 0.0 30.0 65.0 0.0 0.0 1.0 17.0 1.0 3.0 6.0 1.0 0.0 -8.0 22.0 0.0 0.0 5.0 56.0 4.0 0.0 0.0 0.0 0.0 0.0 2.0 6.0 14.0 0.0 -5.0 23.0 0.0 0.0 0.0 35.0 40.0 0.0 0.0 0.0 3.0 0.0 0.0 14.0 37.0 5.0 -1.0 13.0 0.0 0.0 6.0 24.0 17.0 23.0 2.0 0.0 0.0 3.0 12.0 16.0 21.0 0.0 0.0 0.0 0.0 0.0 0.0 0.0 6.0 0.0 0.0 1.0 0.0 0.0 0.0 0.0 52.0 27.0 0.0 0.0 0.0 0.0 0.0 0.0 5.0 44.0 32.0 0.0 0.0 0.0 0.0 0.0 102.0 20.0 0.0 0.0 
25_3_005_92
5.0 0.0 0.0 0.0 0.0 0.0 19.0 23.0 0.0 0.0 0.0 57.0 43.0 1.0 0.0 0.0 15.0 0.0 3.0 3.0 0.0 0.0 0.0 6.0 3.0 0.0 6.0 17.0 0.0 0.0 0.0 5.0 13.0 4.0 0.0 0.0 0.0 2.0 14.0 34.0 6.0 0.0 9.0 102.0 11.0 0.0 1.0 2.0 1.0 0.0 2.0 14.0 2.0 0.0 2.0 9.0 1.0 0.0 1.0 26.0 3.0 0.0 0.0 4.0 52.0 21.0 0.0 0.0 0.0 0.0 0.0 17.0 13.0 7.0 50.0 59.0 0.0 0.0 0.0 5.0 1.0 2.0 2.0 7.0 2.0 2.0 2.0 2.0 0.0 0.0 2.0 18.0 1.0 0.0 0.0 0.0 45.0 18.0 5.0 6.0 0.0 0.0 0.0 3.0 24.0 17.0 21.0 4.0 0.0 0.0 0.0 1.0 3.0 2.0 9.0 1.0 0.0 0.0 0.0 8.0 0.0 0.0 16.0 3.0 0.0 0.0 1.0 6.0 
25_3_005_93
37.0 38.0 2.0 0.0 0.0 0.0 0.0 3.0 2.0 10.0 13.0 44.0 2.0 0.0 0.0 0.0 0.0 0.0 30.0 65.0 0.0 0.0 0.0 0.0 0.0 0.0 11.0 23.0 0.0 0.0 0.0 0.0 20.0 44.0 35.0 5.0 0.0 0.0 0.0 0.0 102.0 50.0 14.0 6.0 0.0 0.0 0.0 0.0 0.0 0.0 37.0 91.0 0.0 0.0 0.0 0.0 0.0 1.0 5.0 5.0 3.0 4.0 3.0 0.0 0.0 10.0 14.0 31.0 4.0 0.0 0.0 0.0 57.0 1.0 1.0 0.0 7.0 5.0 17.0 52.0 2.0 1.0 8.0 48.0 27.0 0.0 0.0 5.0 0.0 0.0 0.0 3.0 6.0 6.0 12.0 8.0 16.0 9.0 0.0 0.0 0.0 1.0 13.0 16.0 0.0 0.0 0.0 0.0 0.0 6.0 55.0 23.0 0.0 0.0 1.0 33.0 14.0 0.0 3.0 2.0 1.0 1.0 5.0 10.0 3.0 1.0 2.0 3.0 
25_3_005_94
5.0 2.0 6.0 1.0 0.0 0.0 4.0 6.0 1.0 5.0 10.0 0.0 0.0 0.0 3.0 16.0 1.0 2.0 0.0 0.0 0.0 0.0 28.0 20.0 2.0 8.0 22.0 17.0 0.0 0.0 2.0 2.0 3.0 3.0 1.0 0.0 0.0 6.0 4.0 2.0 1.0 3.0 0.0 0.0 0.0 3.0 69.0 16.0 2.0 18.0 44.0 26.0 3.0 2.0 4.0 6.0 3.0 29.0 23.0 3.0 0.0 0.0 0.0 3.0 0.0 0.0 0.0 0.0 0.0 18.0 56.0 0.0 0.0 0.0 0.0 0.0 9.0 19.0 83.0 1.0 0.0 0.0 2.0 102.0 48.0 6.0 9.0 2.0 0.0 0.0 0.0 0.0 8.0 8.0 27.0 10.0 0.0 0.0 0.0 0.0 0.0 1.0 45.0 9.0 0.0 0.0 0.0 0.0 12.0 8.0 37.0 5.0 0.0 0.0 0.0 37.0 76.0 14.0 0.0 0.0 0.0 0.0 0.0 2.0 19.0 18.0 2.0 0.0 
25_3_005_95
3.0 7.0 6.0 2.0 0.0 0.0 0.0 0.0 31.0 70.0 7.0 0.0 0.0 0.0 0.0 0.0 11.0 64.0 42.0 2.0 0.0 0.0 0.0 0.0 7.0 0.0 12.0 61.0 3.0 0.0 0.0 3.0 0.0 4.0 18.0 7.0 0.0 0.0 0.0 0.0 0.0 1.0 27.0 27.0 0.0 0.0 0.0 0.0 19.0 42.0 28.0 45.0 0.0 0.0 0.0 0.0 47.0 43.0 25.0 19.0 0.0 0.0 0.0 0.0 1.0 12.0 8.0 9.0 0.0 0.0 0.0 0.0 0.0 9.0 34.0 33.0 33.0 1.0 0.0 0.0 0.0 4.0 61.0 20.0 16.0 0.0 0.0 0.0 15.0 42.0 9.0 0.0 6.0 5.0 0.0 0.0 12.0 8.0 3.0 0.0 0.0 0.0 0.0 23.0 1.0 0.0 0.0 0.0 36.0 12.0 3.0 11.0 0.0 0.0 0.0 3.0 45.0 102.0 3.0 0.0 0.0 0.0 0.0 4.0 44.0 68.0 0.0 0.0 
25_3_005_96
6.0 12.0 4.0 0.0 0.0 0.0 0.0 1.0 2.0 23.0 1.0 0.0 0.0 0.0 0.0 0.0 0.0 33.0 27.0 1.0 0.0 0.0 0.0 0.0 3.0 49.0 4.0 0.0 0.0 0.0 0.0 0.0 11.0 40.0 1.0 0.0 0.0 0.0 0.0 0.0 24.0 9.0 0.0 0.0 0.0 0.0 0.0 20.0 0.0 3.0 37.0 102.0 2.0 0.0 0.0 0.0 22.0 39.0 5.0 1.0 0.0 0.0 5.0 2.0 16.0 11.0 0.0 0.0 1.0 4.0 5.0 3.0 33.0 26.0 0.0 0.0 0.0 14.0 3.0 0.0 0.0 5.0 29.0 25.0 5.0 46.0 16.0 0.0 0.0 0.0 7.0 4.0 6.0 59.0 33.0 0.0 0.0 1.0 0.0 0.0 2.0 15.0 8.0 0.0 2.0 22.0 3.0 0.0 0.0 13.0 13.0 1.0 1.0 57.0 26.0 0.0 0.0 7.0 7.0 0.0 0.0 29.0 54.0 0.0 0.0 0.0 0.0 0.0 
25_3_005_97
0.0 0.0 0.0 65.0 21.0 4.0 13.0 8.0 0.0 -1.0 4.0 10.0 3.0 1.0 4.0 2.0 0.0 0.0 0.0 29.0 36.0 4.0 0.0 0.0 0.0 0.0 0.0 0.0 0.0 1.0 18.0 22.0 0.0 -1.0 3.0 88.0 31.0 0.0 1.0 0.0 -12.0 19.0 39.0 8.0 0.0 0.0 0.0 0.0 13.0 -1.0 3.0 10.0 18.0 0.0 -2.0 9.0 0.0 0.0 0.0 0.0 0.0 3.0 9.0 19.0 0.0 -12.0 47.0 102.0 0.0 0.0 0.0 0.0 -2.0 9.0 3.0 11.0 12.0 7.0 5.0 3.0 0.0 0.0 0.0 11.0 12.0 14.0 27.0 6.0 0.0 0.0 0.0 4.0 2.0 0.0 0.0 13.0 0.0 -7.0 30.0 89.0 2.0 0.0 0.0 0.0 4.0 0.0 0.0 0.0 0.0 0.0 19.0 47.0 0.0 0.0 3.0 43.0 8.0 3.0 5.0 0.0 0.0 0.0 1.0 2.0 0.0 0.0 0.0 8.0 
25_3_005_98
27.0 0.0 0.0 1.0 1.0 0.0 0.0 14.0 0.0 0.0 0.0 33.0 33.0 0.0 0.0 0.0 30.0 0.0 0.0 0.0 0.0 2.0 -5.0 59.0 69.0 0.0 0.0 0.0 0.0 0.0 0.0 32.0 35.0 1.0 0.0 1.0 1.0 0.0 0.0 8.0 1.0 11.0 32.0 24.0 0.0 0.0 0.0 0.0 19.0 2.0 0.0 0.0 0.0 0.0 -2.0 30.0 102.0 7.0 0.0 0.0 0.0 0.0 0.0 11.0 3.0 0.0 0.0 5.0 9.0 0.0 0.0 0.0 14.0 10.0 2.0 7.0 8.0 0.0 0.0 0.0 6.0 0.0 0.0 0.0 0.0 5.0 12.0 23.0 1.0 2.0 1.0 19.0 4.0 0.0 -1.0 5.0 0.0 0.0 0.0 4.0 7.0 0.0 0.0 0.0 3.0 7.0 4.0 22.0 7.0 0.0 0.0 0.0 42.0 19.0 1.0 1.0 0.0 0.0 0.0 0.0 11.0 6.0 2.0 4.0 0.0 0.0 0.0 0.0 
25_3_005_99
11.0 0.0 0.0 11.0 74.0 3.0 0.0 3.0 4.0 0.0 0.0 21.0 50.0 0.0 0.0 5.0 0.0 2.0 2.0 5.0 11.0 0.0 0.0 0.0 7.0 0.0 0.0 6.0 13.0 0.0 0.0 8.0 48.0 16.0 8.0 6.0 2.0 0.0 0.0 7.0 0.0 0.0 14.0 102.0 57.0 0.0 0.0 0.0 17.0 2.0 3.0 1.0 1.0 2.0 2.0 7.0 4.0 0.0 7.0 36.0 1.0 0.0 0.0 1.0 25.0 73.0 24.0 2.0 0.0 0.0 0.0 0.0 32.0 87.0 36.0 32.0 0.0 0.0 0.0 0.0 22.0 8.0 1.0 0.0 0.0 0.0 0.0 5.0 0.0 0.0 3.0 26.0 4.0 1.0 3.0 0.0 0.0 1.0 9.0 33.0 48.0 0.0 0.0 0.0 19.0 36.0 0.0 3.0 17.0 8.0 12.0 17.0 23.0 0.0 0.0 0.0 0.0 0.0 0.0 24.0 0.0 0.0 1.0 1.0 0.0 2.0 16.0 2.0 
25_3_005_100
-1.0 13.0 0.0 0.0 0.0 0.0 0.0 0.0 7.0 19.0 0.0 0.0 0.0 0.0 0.0 -6.0 -34.0 93.0 0.0 0.0 0.0 0.0 0.0 0.0 -35.0 102.0 0.0 0.0 0.0 0.0 0.0 0.0 -3.0 62.0 10.0 0.0 0.0 0.0 0.0 -8.0 54.0 26.0 4.0 0.0 0.0 0.0 0.0 -23.0 -18.0 43.0 13.0 24.0 0.0 0.0 0.0 0.0 -3.0 7.0 0.0 0.0 0.0 3.0 7.0 0.0 1.0 5.0 0.0 0.0 0.0 1.0 5.0 1.0 6.0 10.0 1.0 4.0 0.0 0.0 -2.0 3.0 -7.0 19.0 9.0 7.0 0.0 0.0 0.0 2.0 0.0 0.0 0.0 0.0 0.0 0.0 6.0 6.0 0.0 0.0 1.0 3.0 1.0 1.0 1.0 0.0 0.0 0.0 12.0 9.0 0.0 0.0 0.0 0.0 0.0 0.0 3.0 1.0 0.0 1.0 7.0 4.0 0.0 0.0 0.0 0.0 0.0 0.0 9.0 6.0 
25_3_005_101
0.0 0.0 5.0 1.0 2.0 11.0 4.0 0.0 0.0 0.0 2.0 18.0 5.0 12.0 15.0 0.0 0.0 7.0 102.0 61.0 0.0 0.0 0.0 0.0 50.0 9.0 0.0 0.0 0.0 0.0 0.0 27.0 0.0 0.0 0.0 0.0 0.0 17.0 21.0 5.0 0.0 0.0 17.0 95.0 4.0 7.0 3.0 0.0 0.0 0.0 10.0 89.0 53.0 86.0 10.0 0.0 5.0 0.0 0.0 0.0 8.0 86.0 51.0 36.0 9.0 0.0 0.0 0.0 0.0 0.0 0.0 21.0 0.0 0.0 19.0 77.0 5.0 0.0 1.0 1.0 0.0 0.0 0.0 0.0 0.0 45.0 77.0 29.0 0.0 0.0 0.0 44.0 60.0 30.0 19.0 2.0 0.0 0.0 4.0 3.0 0.0 0.0 6.0 12.0 0.0 0.0 24.0 35.0 1.0 0.0 15.0 19.0 6.0 0.0 0.0 0.0 0.0 7.0 38.0 49.0 0.0 0.0 11.0 91.0 3.0 0.0 4.0 5.0 
25_3_005_102
5.0 102.0 22.0 0.0 0.0 1.0 15.0 3.0 8.0 81.0 31.0 0.0 0.0 0.0 0.0 1.0 0.0 82.0 71.0 2.0 0.0 0.0 0.0 0.0 5.0 79.0 8.0 0.0 0.0 12.0 14.0 0.0 2.0 1.0 1.0 5.0 5.0 26.0 20.0 2.0 0.0 0.0 27.0 69.0 5.0 0.0 0.0 0.0 4.0 2.0 1.0 7.0 8.0 28.0 42.0 35.0 4.0 24.0 3.0 0.0 0.0 77.0 76.0 4.0 24.0 87.0 3.0 0.0 0.0 0.0 0.0 0.0 3.0 28.0 16.0 37.0 13.0 0.0 0.0 0.0 21.0 16.0 0.0 0.0 0.0 3.0 7.0 20.0 2.0 65.0 14.0 0.0 0.0 3.0 4.0 0.0 18.0 1.0 0.0 0.0 0.0 0.0 8.0 29.0 7.0 1.0 0.0 0.0 0.0 0.0 8.0 9.0 1.0 0.0 0.0 0.0 1.0 5.0 12.0 5.0 0.0 0.0 0.0 0.0 0.0 7.0 16.0 2.0 
25_3_005_103
5.0 3.0 11.0 4.0 0.0 0.0 0.0 -2.0 3.0 1.0 12.0 7.0 2.0 0.0 0.0 -1.0 0.0 0.0 6.0 12.0 8.0 1.0 0.0 0.0 1.0 0.0 3.0 19.0 27.0 11.0 0.0 0.0 3.0 4.0 6.0 0.0 0.0 48.0 15.0 -1.0 0.0 4.0 7.0 13.0 24.0 14.0 0.0 0.0 0.0 0.0 0.0 0.0 1.0 26.0 10.0 62.0 0.0 0.0 0.0 0.0 12.0 89.0 6.0 0.0 0.0 42.0 66.0 4.0 6.0 34.0 12.0 0.0 2.0 31.0 50.0 41.0 6.0 3.0 -5.0 13.0 0.0 0.0 0.0 0.0 0.0 0.0 16.0 81.0 8.0 25.0 29.0 2.0 1.0 0.0 -1.0 5.0 -1.0 26.0 29.0 3.0 3.0 60.0 9.0 0.0 -1.0 6.0 0.0 0.0 0.0 71.0 67.0 6.0 0.0 0.0 0.0 0.0 5.0 71.0 48.0 0.0 0.0 0.0 3.0 7.0 4.0 102.0 34.0 0.0 
25_3_005_104
-1.0 1.0 3.0 1.0 0.0 0.0 13.0 5.0 0.0 0.0 0.0 11.0 28.0 17.0 6.0 0.0 15.0 3.0 6.0 0.0 0.0 0.0 -11.0 52.0 0.0 0.0 0.0 0.0 0.0 0.0 33.0 54.0 0.0 0.0 1.0 3.0 0.0 0.0 19.0 48.0 0.0 -8.0 31.0 102.0 12.0 0.0 12.0 3.0 0.0 -6.0 19.0 0.0 0.0 0.0 41.0 76.0 0.0 0.0 0.0 0.0 0.0 0.0 32.0 80.0 0.0 0.0 1.0 0.0 0.0 0.0 15.0 65.0 -3.0 -7.0 43.0 66.0 9.0 13.0 0.0 2.0 0.0 0.0 0.0 0.0 0.0 1.0 58.0 56.0 0.0 0.0 0.0 0.0 0.0 0.0 41.0 56.0 -4.0 11.0 3.0 1.0 2.0 0.0 5.0 30.0 -8.0 20.0 9.0 0.0 3.0 7.0 3.0 1.0 1.0 0.0 0.0 0.0 0.0 1.0 47.0 62.0 0.0 0.0 0.0 0.0 0.0 0.0 16.0 19.0 
25_3_005_105
6.0 8.0 1.0 0.0 0.0 2.0 0.0 4.0 2.0 8.0 21.0 10.0 0.0 0.0 0.0 0.0 0.0 0.0 50.0 66.0 0.0 0.0 0.0 0.0 3.0 0.0 0.0 0.0 0.0 11.0 15.0 24.0 88.0 14.0 0.0 0.0 0.0 0.0 0.0 34.0 1.0 3.0 38.0 34.0 0.0 0.0 0.0 1.0 0.0 1.0 9.0 21.0 16.0 13.0 14.0 0.0 0.0 0.0 0.0 0.0 0.0 3.0 102.0 11.0 6.0 0.0 0.0 0.0 0.0 34.0 27.0 33.0 6.0 0.0 2.0 12.0 21.0 8.0 8.0 6.0 0.0 0.0 0.0 0.0 8.0 34.0 45.0 9.0 0.0 0.0 0.0 0.0 0.0 10.0 63.0 26.0 0.0 0.0 0.0 0.0 0.0 9.0 20.0 1.0 0.0 0.0 0.0 1.0 6.0 8.0 10.0 0.0 4.0 2.0 0.0 0.0 4.0 3.0 19.0 18.0 15.0 17.0 0.0 0.0 0.0 0.0 6.0 13.0 
25_3_005_106
15.0 0.0 0.0 1.0 83.0 8.0 2.0 7.0 23.0 0.0 0.0 0.0 46.0 21.0 6.0 32.0 102.0 2.0 0.0 0.0 0.0 0.0 0.0 31.0 42.0 0.0 0.0 0.0 0.0 0.0 0.0 17.0 101.0 0.0 0.0 1.0 2.0 0.0 0.0 7.0 12.0 2.0 8.0 47.0 34.0 5.0 0.0 0.0 8.0 0.0 0.0 0.0 1.0 5.0 21.0 26.0 69.0 0.0 0.0 0.0 0.0 0.0 1.0 78.0 20.0 0.0 0.0 5.0 29.0 0.0 0.0 4.0 61.0 5.0 0.0 6.0 7.0 2.0 2.0 11.0 6.0 0.0 0.0 0.0 0.0 7.0 35.0 12.0 29.0 3.0 0.0 0.0 0.0 1.0 1.0 54.0 0.0 0.0 0.0 8.0 21.0 0.0 0.0 0.0 31.0 0.0 0.0 3.0 10.0 0.0 0.0 6.0 49.0 2.0 0.0 0.0 0.0 0.0 0.0 11.0 5.0 4.0 2.0 2.0 0.0 0.0 13.0 42.0 
25_3_005_107
21.0 0.0 0.0 0.0 0.0 0.0 0.0 8.0 0.0 0.0 0.0 89.0 18.0 0.0 0.0 0.0 26.0 0.0 0.0 0.0 0.0 0.0 7.0 74.0 9.0 0.0 0.0 45.0 26.0 1.0 7.0 40.0 6.0 0.0 0.0 0.0 0.0 0.0 1.0 38.0 0.0 0.0 12.0 102.0 4.0 0.0 0.0 1.0 42.0 14.0 3.0 0.0 0.0 4.0 37.0 63.0 31.0 2.0 10.0 46.0 4.0 0.0 5.0 43.0 44.0 19.0 0.0 0.0 0.0 0.0 0.0 4.0 4.0 18.0 26.0 99.0 0.0 0.0 0.0 0.0 68.0 83.0 12.0 5.0 0.0 0.0 0.0 5.0 99.0 25.0 42.0 15.0 0.0 0.0 0.0 25.0 16.0 3.0 0.0 0.0 3.0 0.0 0.0 5.0 10.0 4.0 5.0 55.0 1.0 0.0 0.0 2.0 9.0 22.0 28.0 90.0 13.0 0.0 0.0 0.0 94.0 26.0 8.0 0.0 0.0 0.0 1.0 18.0 
25_3_005_108
0.0 0.0 0.0 0.0 0.0 10.0 4.0 8.0 -15.0 34.0 10.0 54.0 3.0 1.0 0.0 0.0 -5.0 49.0 1.0 0.0 0.0 0.0 0.0 0.0 -7.0 27.0 3.0 2.0 0.0 0.0 0.0 -1.0 14.0 3.0 0.0 0.0 0.0 0.0 -6.0 11.0 -1.0 1.0 26.0 102.0 0.0 0.0 0.0 0.0 2.0 3.0 7.0 7.0 0.0 0.0 -9.0 25.0 -4.0 13.0 8.0 11.0 6.0 0.0 0.0 0.0 2.0 1.0 0.0 0.0 0.0 0.0 -1.0 6.0 0.0 0.0 9.0 84.0 9.0 0.0 0.0 0.0 0.0 0.0 0.0 0.0 10.0 16.0 18.0 2.0 0.0 0.0 0.0 11.0 20.0 2.0 0.0 0.0 0.0 -1.0 10.0 0.0 0.0 0.0 0.0 4.0 0.0 -2.0 11.0 31.0 11.0 0.0 0.0 0.0 0.0 0.0 0.0 2.0 7.0 1.0 6.0 12.0 0.0 0.0 0.0 2.0 16.0 8.0 4.0 0.0 
25_3_005_109
1.0 0.0 0.0 0.0 0.0 0.0 0.0 0.0 0.0 0.0 7.0 40.0 0.0 0.0 0.0 0.0 0.0 0.0 2.0 10.0 0.0 0.0 0.0 1.0 0.0 0.0 0.0 0.0 0.0 0.0 0.0 1.0 4.0 0.0 0.0 0.0 0.0 0.0 0.0 -1.0 0.0 0.0 8.0 56.0 0.0 0.0 0.0 0.0 0.0 0.0 1.0 6.0 0.0 0.0 0.0 2.0 0.0 0.0 0.0 0.0 0.0 0.0 0.0 2.0 0.0 4.0 0.0 0.0 0.0 0.0 0.0 0.0 -7.0 13.0 25.0 41.0 0.0 0.0 0.0 0.0 6.0 0.0 4.0 4.0 0.0 0.0 0.0 0.0 1.0 0.0 0.0 0.0 0.0 0.0 -1.0 6.0 -26.0 102.0 0.0 0.0 0.0 0.0 0.0 0.0 -15.0 93.0 0.0 0.0 0.0 0.0 -4.0 5.0 1.0 1.0 0.0 0.0 0.0 0.0 -8.0 22.0 0.0 0.0 0.0 0.0 0.0 0.0 0.0 7.0 
25_3_005_110
0.0 10.0 39.0 8.0 3.0 5.0 2.0 0.0 26.0 9.0 0.0 0.0 0.0 2.0 4.0 6.0 18.0 36.0 5.0 0.0 0.0 0.0 0.0 1.0 0.0 17.0 27.0 0.0 0.0 0.0 0.0 0.0 0.0 0.0 0.0 3.0 17.0 13.0 0.0 0.0 0.0 3.0 24.0 25.0 3.0 4.0 0.0 0.0 28.0 13.0 0.0 0.0 0.0 0.0 0.0 7.0 2.0 1.0 0.0 0.0 0.0 6.0 10.0 1.0 0.0 1.0 9.0 9.0 0.0 0.0 1.0 0.0 0.0 0.0 11.0 85.0 1.0 0.0 0.0 0.0 59.0 5.0 6.0 0.0 0.0 0.0 0.0 5.0 20.0 10.0 0.0 0.0 0.0 0.0 1.0 6.0 0.0 0.0 1.0 3.0 0.0 4.0 8.0 1.0 0.0 0.0 10.0 102.0 19.0 0.0 0.0 0.0 45.0 33.0 25.0 17.0 2.0 2.0 9.0 10.0 46.0 0.0 0.0 0.0 0.0 0.0 6.0 21.0 
25_3_005_111
1.0 0.0 0.0 2.0 18.0 4.0 0.0 0.0 0.0 1.0 8.0 67.0 10.0 0.0 0.0 0.0 11.0 4.0 14.0 45.0 74.0 25.0 33.0 0.0 0.0 0.0 0.0 0.0 0.0 0.0 93.0 102.0 4.0 18.0 1.0 3.0 4.0 0.0 0.0 0.0 0.0 0.0 3.0 78.0 20.0 0.0 0.0 0.0 0.0 0.0 0.0 7.0 11.0 15.0 98.0 5.0 4.0 7.0 0.0 0.0 0.0 0.0 42.0 31.0 0.0 0.0 0.0 0.0 40.0 39.0 0.0 0.0 0.0 0.0 2.0 14.0 33.0 21.0 4.0 0.0 0.0 0.0 0.0 0.0 0.0 9.0 69.0 15.0 0.0 0.0 0.0 0.0 0.0 10.0 15.0 2.0 3.0 3.0 5.0 19.0 10.0 0.0 0.0 0.0 0.0 3.0 4.0 35.0 20.0 0.0 0.0 2.0 27.0 6.0 0.0 0.0 0.0 2.0 -10.0 34.0 0.0 0.0 0.0 0.0 0.0 0.0 14.0 35.0 
25_3_005_112
0.0 6.0 11.0 2.0 14.0 27.0 8.0 0.0 0.0 11.0 42.0 43.0 85.0 0.0 0.0 0.0 23.0 35.0 6.0 3.0 5.0 4.0 29.0 33.0 4.0 2.0 0.0 0.0 0.0 1.0 31.0 5.0 0.0 0.0 4.0 2.0 10.0 37.0 21.0 1.0 0.0 0.0 28.0 81.0 102.0 7.0 0.0 0.0 0.0 0.0 0.0 0.0 28.0 35.0 71.0 3.0 0.0 0.0 0.0 0.0 0.0 8.0 20.0 8.0 0.0 62.0 82.0 0.0 0.0 0.0 0.0 0.0 0.0 13.0 51.0 14.0 0.0 13.0 11.0 1.0 0.0 0.0 0.0 8.0 5.0 14.0 31.0 0.0 1.0 0.0 0.0 6.0 2.0 0.0 1.0 6.0 0.0 2.0 2.0 0.0 0.0 7.0 11.0 0.0 3.0 11.0 1.0 0.0 0.0 1.0 20.0 2.0 0.0 5.0 15.0 10.0 1.0 2.0 0.0 0.0 0.0 0.0 0.0 2.0 0.0 8.0 12.0 0.0 
25_3_005_113
0.0 0.0 0.0 0.0 0.0 1.0 15.0 3.0 0.0 0.0 0.0 13.0 5.0 1.0 0.0 0.0 0.0 0.0 0.0 0.0 0.0 0.0 23.0 59.0 0.0 2.0 13.0 18.0 1.0 0.0 0.0 1.0 2.0 1.0 0.0 0.0 0.0 0.0 -3.0 17.0 0.0 2.0 12.0 17.0 0.0 0.0 0.0 1.0 13.0 11.0 0.0 0.0 0.0 0.0 -28.0 102.0 0.0 13.0 30.0 7.0 0.0 0.0 0.0 0.0 8.0 1.0 0.0 0.0 1.0 0.0 0.0 -1.0 4.0 3.0 4.0 27.0 1.0 0.0 0.0 0.0 15.0 64.0 22.0 18.0 0.0 0.0 0.0 -2.0 19.0 54.0 2.0 0.0 0.0 0.0 -3.0 32.0 0.0 0.0 0.0 0.0 5.0 2.0 0.0 0.0 0.0 0.0 2.0 14.0 7.0 0.0 0.0 0.0 0.0 0.0 0.0 24.0 33.0 7.0 1.0 0.0 0.0 0.0 0.0 0.0 0.0 2.0 48.0 25.0 
25_3_005_114
11.0 17.0 13.0 6.0 0.0 0.0 0.0 3.0 0.0 6.0 43.0 5.0 0.0 0.0 0.0 0.0 0.0 11.0 69.0 6.0 0.0 0.0 0.0 0.0 5.0 44.0 16.0 0.0 0.0 0.0 0.0 0.0 5.0 65.0 15.0 0.0 0.0 0.0 0.0 0.0 37.0 25.0 6.0 1.0 0.0 0.0 0.0 4.0 0.0 0.0 35.0 102.0 2.0 0.0 0.0 0.0 15.0 12.0 8.0 8.0 3.0 0.0 0.0 4.0 0.0 5.0 28.0 32.0 0.0 0.0 0.0 0.0 60.0 44.0 4.0 2.0 0.0 0.0 0.0 0.0 4.0 15.0 34.0 20.0 4.0 10.0 9.0 3.0 1.0 5.0 0.0 2.0 2.0 43.0 44.0 0.0 0.0 8.0 26.0 4.0 15.0 1.0 0.0 0.0 7.0 19.0 14.0 0.0 6.0 2.0 0.0 0.0 27.0 52.0 0.0 0.0 0.0 3.0 1.0 0.0 2.0 67.0 8.0 0.0 0.0 3.0 2.0 0.0 
25_3_005_115
19.0 2.0 3.0 15.0 7.0 0.0 0.0 -8.0 102.0 0.0 0.0 0.0 0.0 0.0 -2.0 -10.0 16.0 4.0 2.0 33.0 56.0 0.0 0.0 -3.0 2.0 0.0 0.0 8.0 6.0 0.0 -26.0 64.0 0.0 0.0 0.0 18.0 39.0 31.0 0.0 0.0 0.0 0.0 0.0 0.0 1.0 61.0 63.0 2.0 0.0 0.0 5.0 41.0 29.0 9.0 0.0 13.0 0.0 0.0 0.0 19.0 18.0 6.0 0.0 11.0 0.0 0.0 0.0 0.0 29.0 47.0 1.0 0.0 -1.0 3.0 4.0 9.0 5.0 24.0 26.0 0.0 0.0 0.0 6.0 90.0 21.0 8.0 0.0 0.0 0.0 0.0 0.0 0.0 15.0 35.0 11.0 0.0 0.0 0.0 0.0 0.0 10.0 18.0 2.0 0.0 0.0 0.0 0.0 5.0 42.0 32.0 1.0 0.0 0.0 0.0 0.0 16.0 46.0 12.0 1.0 0.0 0.0 0.0 0.0 0.0 11.0 15.0 7.0 0.0 
25_3_005_116
0.0 0.0 0.0 0.0 0.0 0.0 0.0 1.0 0.0 0.0 0.0 0.0 0.0 0.0 0.0 1.0 -23.0 53.0 3.0 0.0 0.0 0.0 0.0 0.0 -10.0 12.0 47.0 4.0 0.0 0.0 0.0 0.0 0.0 0.0 0.0 0.0 0.0 0.0 -1.0 4.0 0.0 0.0 1.0 7.0 0.0 0.0 0.0 2.0 -17.0 7.0 102.0 16.0 0.0 0.0 0.0 0.0 -4.0 38.0 0.0 0.0 0.0 0.0 0.0 -1.0 0.0 0.0 0.0 0.0 0.0 0.0 0.0 1.0 0.0 0.0 2.0 11.0 0.0 0.0 -1.0 2.0 -1.0 -1.0 20.0 97.0 3.0 0.0 0.0 0.0 2.0 0.0 0.0 0.0 1.0 0.0 0.0 14.0 0.0 0.0 0.0 0.0 0.0 0.0 0.0 0.0 0.0 0.0 0.0 7.0 0.0 0.0 0.0 0.0 0.0 0.0 0.0 86.0 7.0 0.0 0.0 0.0 0.0 0.0 0.0 0.0 0.0 0.0 7.0 9.0 
25_3_005_117
0.0 0.0 0.0 0.0 0.0 0.0 -1.0 4.0 0.0 0.0 2.0 2.0 0.0 0.0 0.0 0.0 0.0 0.0 58.0 39.0 0.0 0.0 0.0 0.0 0.0 0.0 10.0 1.0 1.0 0.0 0.0 0.0 1.0 0.0 0.0 0.0 0.0 0.0 0.0 0.0 0.0 0.0 0.0 11.0 0.0 1.0 1.0 0.0 0.0 0.0 7.0 102.0 3.0 0.0 0.0 0.0 0.0 0.0 5.0 1.0 0.0 0.0 2.0 1.0 0.0 0.0 0.0 0.0 0.0 0.0 -2.0 7.0 0.0 0.0 7.0 17.0 0.0 0.0 0.0 0.0 0.0 1.0 29.0 85.0 0.0 0.0 0.0 0.0 -2.0 9.0 31.0 0.0 0.0 0.0 0.0 0.0 2.0 0.0 0.0 0.0 0.0 0.0 -1.0 4.0 -1.0 8.0 23.0 17.0 0.0 0.0 0.0 0.0 0.0 0.0 50.0 48.0 0.0 0.0 0.0 0.0 0.0 0.0 7.0 0.0 0.0 0.0 0.0 0.0 
25_3_005_118
0.0 0.0 0.0 0.0 0.0 0.0 0.0 3.0 0.0 0.0 0.0 2.0 0.0 0.0 0.0 2.0 -13.0 7.0 91.0 16.0 0.0 0.0 0.0 0.0 -6.0 45.0 1.0 0.0 0.0 0.0 0.0 -2.0 0.0 0.0 0.0 0.0 0.0 0.0 0.0 1.0 0.0 0.0 6.0 16.0 0.0 0.0 -1.0 3.0 -2.0 1.0 40.0 102.0 0.0 0.0 0.0 0.0 3.0 0.0 0.0 0.0 2.0 0.0 0.0 14.0 0.0 0.0 0.0 0.0 0.0 0.0 1.0 0.0 0.0 0.0 5.0 34.0 0.0 0.0 0.0 0.0 0.0 0.0 15.0 101.0 2.0 0.0 5.0 1.0 0.0 0.0 0.0 0.0 2.0 1.0 13.0 8.0 0.0 0.0 0.0 0.0 0.0 0.0 1.0 2.0 0.0 0.0 0.0 35.0 3.0 0.0 0.0 0.0 0.0 0.0 0.0 55.0 17.0 0.0 5.0 0.0 0.0 1.0 1.0 1.0 0.0 0.0 4.0 2.0 
