25_3_007_0
9.0 4.0 7.0 5.0 1.0 0.0 0.0 1.0 2.0 35.0 102.0 24.0 9.0 0.0 0.0 0.0 0.0 9.0 34.0 2.0 0.0 0.0 0.0 0.0 2.0 1.0 0.0 0.0 0.0 0.0 0.0 0.0 1.0 4.0 12.0 1.0 0.0 0.0 1.0 0.0 0.0 0.0 3.0 96.0 38.0 0.0 0.0 0.0 0.0 0.0 0.0 10.0 3.0 0.0 2.0 0.0 0.0 0.0 0.0 1.0 4.0 0.0 0.0 0.0 5.0 33.0 12.0 0.0 0.0 0.0 0.0 0.0 0.0 11.0 78.0 48.0 0.0 0.0 0.0 0.0 0.0 0.0 1.0 4.0 0.0 0.0 0.0 1.0 0.0 0.0 3.0 1.0 0.0 0.0 0.0 0.0 0.0 38.0 13.0 0.0 0.0 0.0 0.0 0.0 0.0 11.0 10.0 0.0 0.0 0.0 1.0 0.0 0.0 0.0 1.0 0.0 0.0 0.0 0.0 0.0 0.0 0.0 7.0 1.0 0.0 0.0 0.0 0.0 
25_3_007_1
0.0 0.0 0.0 0.0 0.0 0.0 2.0 7.0 0.0 0.0 14.0 86.0 11.0 0.0 0.0 0.0 2.0 0.0 0.0 0.0 0.0 0.0 15.0 37.0 3.0 0.0 0.0 0.0 0.0 0.0 10.0 14.0 1.0 0.0 0.0 0.0 0.0 0.0 0.0 13.0 0.0 0.0 8.0 102.0 7.0 0.0 0.0 0.0 15.0 12.0 3.0 0.0 0.0 0.0 1.0 8.0 38.0 28.0 0.0 0.0 0.0 0.0 0.0 2.0 6.0 0.0 0.0 0.0 0.0 0.0 0.0 10.0 0.0 0.0 0.0 65.0 40.0 0.0 0.0 0.0 1.0 0.0 0.0 6.0 19.0 7.0 12.0 6.0 0.0 0.0 0.0 1.0 8.0 20.0 9.0 4.0 7.0 0.0 0.0 0.0 0.0 0.0 0.0 5.0 4.0 2.0 0.0 8.0 11.0 0.0 0.0 0.0 1.0 0.0 3.0 27.0 42.0 0.0 0.0 1.0 18.0 6.0 2.0 0.0 1.0 0.0 0.0 2.0 
25_3_007_2
0.0 2.0 7.0 7.0 2.0 1.0 2.0 1.0 3.0 4.0 7.0 16.0 0.0 0.0 0.0 1.0 0.0 0.0 0.0 86.0 19.0 0.0 0.0 0.0 1.0 0.0 0.0 4.0 1.0 0.0 0.0 1.0 0.0 0.0 0.0 6.0 25.0 9.0 3.0 4.0 0.0 0.0 2.0 32.0 7.0 3.0 2.0 0.0 0.0 0.0 29.0 102.0 0.0 0.0 0.0 0.0 0.0 0.0 4.0 8.0 0.0 0.0 0.0 0.0 0.0 1.0 14.0 20.0 0.0 0.0 6.0 6.0 0.0 0.0 10.0 28.0 0.0 2.0 3.0 0.0 0.0 0.0 3.0 40.0 89.0 76.0 11.0 0.0 0.0 0.0 0.0 0.0 56.0 27.0 0.0 0.0 2.0 5.0 19.0 7.0 0.0 0.0 0.0 0.0 0.0 0.0 5.0 2.0 0.0 0.0 31.0 37.0 0.0 0.0 0.0 0.0 15.0 17.0 26.0 17.0 0.0 0.0 0.0 0.0 88.0 46.0 0.0 0.0 
25_3_007_3
0.0 0.0 0.0 0.0 0.0 0.0 2.0 7.0 0.0 0.0 0.0 0.0 0.0 0.0 5.0 5.0 -2.0 -12.0 102.0 0.0 0.0 0.0 0.0 1.0 0.0 -13.0 54.0 5.0 0.0 0.0 8.0 9.0 0.0 0.0 0.0 0.0 0.0 0.0 3.0 8.0 0.0 0.0 4.0 6.0 0.0 0.0 0.0 8.0 0.0 -23.0 101.0 73.0 6.0 0.0 0.0 0.0 1.0 5.0 2.0 1.0 1.0 2.0 1.0 14.0 0.0 0.0 0.0 0.0 0.0 0.0 -2.0 13.0 0.0 0.0 5.0 14.0 0.0 0.0 -2.0 7.0 0.0 0.0 8.0 97.0 8.0 0.0 0.0 0.0 0.0 0.0 0.0 0.0 1.0 11.0 11.0 7.0 0.0 0.0 0.0 0.0 0.0 0.0 -4.0 12.0 1.0 1.0 0.0 8.0 1.0 0.0 -2.0 5.0 0.0 0.0 0.0 66.0 19.0 0.0 0.0 0.0 0.0 0.0 0.0 0.0 0.0 0.0 0.0 29.0 
25_3_007_4
12.0 1.0 0.0 0.0 0.0 0.0 5.0 36.0 6.0 5.0 0.0 0.0 5.0 8.0 0.0 2.0 0.0 3.0 15.0 19.0 22.0 0.0 0.0 0.0 0.0 0.0 1.0 26.0 102.0 10.0 0.0 0.0 10.0 19.0 1.0 0.0 0.0 5.0 12.0 1.0 6.0 14.0 12.0 4.0 0.0 0.0 1.0 6.0 0.0 7.0 28.0 38.0 2.0 5.0 2.0 2.0 3.0 2.0 0.0 1.0 13.0 6.0 6.0 9.0 6.0 11.0 3.0 0.0 4.0 31.0 5.0 0.0 11.0 10.0 4.0 5.0 4.0 15.0 14.0 13.0 7.0 14.0 30.0 13.0 0.0 8.0 0.0 1.0 6.0 1.0 10.0 1.0 1.0 0.0 0.0 19.0 4.0 21.0 2.0 0.0 0.0 12.0 6.0 3.0 0.0 19.0 28.0 23.0 2.0 5.0 1.0 0.0 1.0 3.0 8.0 12.0 7.0 2.0 2.0 1.0 2.0 20.0 26.0 0.0 0.0 0.0 0.0 4.0 
25_3_007_5
9.0 4.0 1.0 11.0 8.0 0.0 0.0 2.0 21.0 25.0 3.0 0.0 0.0 0.0 0.0 0.0 1.0 5.0 10.0 7.0 0.0 0.0 0.0 0.0 1.0 0.0 0.0 0.0 0.0 0.0 10.0 52.0 0.0 0.0 3.0 13.0 50.0 5.0 0.0 0.0 6.0 1.0 0.0 3.0 17.0 19.0 5.0 0.0 6.0 9.0 6.0 7.0 1.0 0.0 1.0 6.0 0.0 0.0 0.0 0.0 0.0 0.0 27.0 83.0 0.0 0.0 20.0 18.0 0.0 0.0 0.0 0.0 0.0 0.0 18.0 18.0 1.0 0.0 0.0 0.0 0.0 0.0 2.0 9.0 0.0 0.0 102.0 12.0 0.0 0.0 0.0 0.0 0.0 4.0 53.0 8.0 0.0 4.0 31.0 0.0 0.0 0.0 0.0 0.0 2.0 5.0 33.0 0.0 0.0 0.0 25.0 20.0 0.0 0.0 0.0 0.0 0.0 0.0 67.0 43.0 0.0 0.0 6.0 2.0 0.0 0.0 0.0 0.0 
25_3_007_6
0.0 0.0 0.0 102.0 29.0 0.0 0.0 0.0 0.0 0.0 0.0 5.0 10.0 2.0 10.0 46.0 12.0 0.0 0.0 0.0 0.0 0.0 1.0 35.0 14.0 0.0 0.0 0.0 0.0 0.0 0.0 13.0 0.0 0.0 0.0 80.0 22.0 0.0 0.0 2.0 12.0 0.0 0.0 61.0 16.0 0.0 0.0 22.0 23.0 26.0 9.0 0.0 0.0 0.0 0.0 4.0 13.0 75.0 7.0 0.0 0.0 0.0 1.0 1.0 1.0 0.0 7.0 73.0 4.0 0.0 0.0 1.0 11.0 0.0 0.0 82.0 26.0 2.0 3.0 4.0 2.0 3.0 11.0 3.0 1.0 15.0 16.0 3.0 0.0 0.0 0.0 0.0 1.0 28.0 27.0 2.0 2.0 0.0 0.0 10.0 14.0 0.0 0.0 1.0 0.0 0.0 0.0 34.0 93.0 3.0 0.0 0.0 8.0 0.0 0.0 1.0 3.0 1.0 7.0 12.0 11.0 0.0 0.0 0.0 0.0 3.0 8.0 11.0 
25_3_007_7
16.0 43.0 0.0 0.0 0.0 0.0 0.0 0.0 18.0 66.0 1.0 0.0 0.0 0.0 0.0 0.0 0.0 11.0 56.0 102.0 12.0 0.0 0.0 0.0 0.0 0.0 1.0 16.0 19.0 37.0 0.0 0.0 0.0 3.0 0.0 0.0 0.0 11.0 3.0 0.0 0.0 12.0 1.0 0.0 4.0 19.0 2.0 0.0 0.0 0.0 6.0 8.0 29.0 11.0 0.0 0.0 0.0 0.0 1.0 0.0 21.0 42.0 0.0 0.0 17.0 5.0 0.0 0.0 0.0 0.0 0.0 5.0 2.0 11.0 3.0 0.0 0.0 0.0 0.0 1.0 0.0 1.0 8.0 33.0 7.0 0.0 0.0 0.0 4.0 2.0 3.0 0.0 2.0 0.0 4.0 5.0 1.0 1.0 0.0 0.0 0.0 1.0 10.0 10.0 0.0 6.0 9.0 5.0 1.0 0.0 0.0 0.0 8.0 1.0 2.0 10.0 5.0 0.0 0.0 1.0 0.0 4.0 6.0 4.0 2.0 0.0 1.0 0.0 
25_3_007_8
8.0 6.0 3.0 4.0 0.0 0.0 0.0 0.0 0.0 0.0 5.0 57.0 16.0 0.0 0.0 0.0 0.0 0.0 0.0 59.0 12.0 0.0 0.0 0.0 2.0 0.0 0.0 0.0 0.0 0.0 0.0 1.0 2.0 0.0 3.0 6.0 0.0 0.0 3.0 6.0 0.0 0.0 11.0 43.0 9.0 0.0 0.0 0.0 0.0 0.0 1.0 102.0 13.0 0.0 0.0 0.0 0.0 0.0 0.0 0.0 0.0 1.0 0.0 1.0 0.0 0.0 4.0 14.0 3.0 3.0 3.0 0.0 0.0 0.0 18.0 49.0 5.0 0.0 0.0 0.0 0.0 0.0 35.0 73.0 0.0 0.0 0.0 0.0 0.0 1.0 4.0 1.0 0.0 0.0 0.0 0.0 0.0 0.0 7.0 11.0 0.0 0.0 0.0 0.0 0.0 0.0 10.0 56.0 19.0 17.0 0.0 0.0 0.0 0.0 9.0 17.0 35.0 17.0 0.0 0.0 0.0 0.0 0.0 1.0 3.0 1.0 0.0 0.0 
25_3_007_9
0.0 0.0 0.0 0.0 0.0 26.0 6.0 0.0 0.0 0.0 0.0 0.0 24.0 13.0 0.0 0.0 0.0 0.0 5.0 7.0 12.0 5.0 0.0 0.0 0.0 7.0 9.0 5.0 15.0 0.0 0.0 0.0 0.0 0.0 1.0 2.0 1.0 5.0 8.0 0.0 0.0 0.0 0.0 9.0 16.0 8.0 1.0 0.0 0.0 0.0 55.0 69.0 8.0 2.0 0.0 0.0 6.0 15.0 12.0 0.0 0.0 6.0 19.0 11.0 1.0 6.0 6.0 0.0 0.0 0.0 0.0 0.0 0.0 0.0 1.0 15.0 0.0 0.0 6.0 2.0 0.0 0.0 3.0 102.0 26.0 1.0 2.0 0.0 1.0 0.0 1.0 0.0 0.0 2.0 24.0 31.0 5.0 7.0 6.0 0.0 0.0 0.0 0.0 4.0 0.0 51.0 29.0 1.0 0.0 0.0 0.0 0.0 9.0 20.0 4.0 14.0 25.0 7.0 0.0 0.0 0.0 0.0 0.0 0.0 2.0 19.0 11.0 1.0 
25_3_007_10
0.0 0.0 0.0 0.0 0.0 0.0 0.0 3.0 0.0 0.0 0.0 79.0 25.0 0.0 0.0 0.0 0.0 0.0 0.0 0.0 0.0 0.0 8.0 24.0 1.0 0.0 0.0 0.0 0.0 0.0 0.0 11.0 1.0 0.0 0.0 0.0 0.0 0.0 0.0 5.0 0.0 0.0 4.0 102.0 6.0 0.0 0.0 0.0 5.0 0.0 0.0 5.0 1.0 0.0 0.0 22.0 7.0 2.0 0.0 0.0 0.0 0.0 0.0 2.0 0.0 0.0 0.0 0.0 0.0 0.0 0.0 3.0 0.0 0.0 23.0 86.0 0.0 0.0 0.0 0.0 13.0 0.0 0.0 10.0 2.0 0.0 0.0 10.0 0.0 4.0 11.0 3.0 0.0 1.0 0.0 0.0 2.0 0.0 0.0 0.0 0.0 0.0 0.0 1.0 0.0 0.0 0.0 39.0 35.0 0.0 0.0 0.0 0.0 0.0 0.0 3.0 16.0 3.0 3.0 2.0 0.0 0.0 0.0 0.0 0.0 4.0 6.0 3.0 
25_3_007_11
4.0 14.0 2.0 0.0 0.0 0.0 0.0 1.0 1.0 0.0 5.0 9.0 0.0 0.0 0.0 1.0 19.0 54.0 23.0 28.0 0.0 0.0 0.0 0.0 6.0 102.0 0.0 0.0 0.0 0.0 0.0 0.0 0.0 0.0 0.0 0.0 0.0 4.0 7.0 3.0 1.0 1.0 10.0 16.0 0.0 0.0 0.0 0.0 0.0 0.0 3.0 83.0 3.0 0.0 0.0 0.0 0.0 2.0 0.0 1.0 0.0 0.0 0.0 0.0 0.0 0.0 1.0 1.0 1.0 6.0 4.0 0.0 0.0 0.0 28.0 28.0 1.0 0.0 0.0 0.0 0.0 0.0 32.0 44.0 0.0 0.0 0.0 0.0 0.0 0.0 1.0 3.0 0.0 0.0 0.0 0.0 0.0 16.0 15.0 0.0 0.0 0.0 0.0 0.0 0.0 1.0 67.0 13.0 0.0 0.0 0.0 0.0 0.0 0.0 9.0 2.0 0.0 0.0 0.0 0.0 0.0 0.0 0.0 1.0 0.0 0.0 0.0 0.0 
25_3_007_12
0.0 0.0 0.0 0.0 0.0 28.0 14.0 0.0 0.0 0.0 0.0 0.0 10.0 26.0 8.0 0.0 0.0 0.0 6.0 36.0 21.0 0.0 0.0 0.0 7.0 1.0 9.0 15.0 0.0 0.0 -20.0 51.0 0.0 1.0 1.0 3.0 1.0 25.0 14.0 0.0 0.0 0.0 6.0 29.0 7.0 1.0 0.0 2.0 0.0 0.0 23.0 73.0 2.0 1.0 6.0 4.0 0.0 0.0 0.0 28.0 39.0 3.0 0.0 47.0 39.0 41.0 19.0 0.0 0.0 0.0 -2.0 -9.0 21.0 21.0 26.0 1.0 0.0 0.0 0.0 -8.0 12.0 0.0 35.0 50.0 0.0 0.0 -8.0 25.0 0.0 6.0 7.0 32.0 5.0 2.0 26.0 35.0 0.0 1.0 1.0 0.0 3.0 18.0 19.0 4.0 0.0 1.0 4.0 2.0 13.0 23.0 0.0 0.0 0.0 0.0 6.0 10.0 14.0 61.0 17.0 1.0 0.0 0.0 0.0 0.0 0.0 14.0 102.0 8.0 
25_3_007_13
0.0 0.0 0.0 0.0 0.0 0.0 0.0 0.0 0.0 0.0 41.0 19.0 0.0 0.0 0.0 0.0 0.0 10.0 15.0 5.0 0.0 0.0 0.0 0.0 4.0 15.0 4.0 0.0 0.0 0.0 0.0 0.0 1.0 0.0 0.0 1.0 0.0 0.0 0.0 0.0 0.0 0.0 9.0 79.0 17.0 0.0 0.0 0.0 1.0 3.0 9.0 0.0 0.0 0.0 17.0 11.0 0.0 2.0 2.0 15.0 23.0 1.0 0.0 0.0 1.0 0.0 0.0 0.0 0.0 0.0 0.0 0.0 0.0 0.0 16.0 102.0 0.0 0.0 0.0 0.0 1.0 0.0 0.0 0.0 0.0 0.0 13.0 34.0 0.0 0.0 0.0 0.0 5.0 13.0 5.0 1.0 0.0 0.0 0.0 0.0 0.0 0.0 0.0 0.0 0.0 1.0 18.0 78.0 0.0 0.0 0.0 0.0 3.0 0.0 0.0 0.0 0.0 0.0 1.0 38.0 0.0 0.0 0.0 0.0 0.0 0.0 2.0 10.0 
25_3_007_14
0.0 0.0 5.0 13.0 40.0 0.0 0.0 0.0 4.0 8.0 0.0 0.0 13.0 14.0 8.0 11.0 0.0 0.0 7.0 36.0 7.0 0.0 5.0 6.0 0.0 0.0 7.0 16.0 5.0 0.0 0.0 0.0 0.0 0.0 0.0 1.0 23.0 25.0 9.0 14.0 0.0 0.0 4.0 37.0 35.0 11.0 0.0 0.0 0.0 4.0 13.0 29.0 8.0 0.0 2.0 2.0 0.0 0.0 36.0 57.0 8.0 0.0 0.0 0.0 0.0 0.0 23.0 13.0 0.0 0.0 12.0 12.0 0.0 0.0 31.0 66.0 0.0 0.0 0.0 0.0 0.0 2.0 20.0 14.0 0.0 1.0 2.0 0.0 0.0 0.0 19.0 102.0 42.0 4.0 0.0 0.0 4.0 3.0 25.0 19.0 0.0 0.0 0.0 0.0 0.0 0.0 22.0 27.0 0.0 0.0 0.0 0.0 0.0 0.0 7.0 5.0 1.0 0.0 22.0 7.0 0.0 0.0 0.0 0.0 10.0 75.0 87.0 7.0 
25_3_007_15
0.0 1.0 4.0 0.0 0.0 0.0 0.0 0.0 0.0 0.0 23.0 18.0 0.0 0.0 0.0 0.0 0.0 0.0 16.0 68.0 2.0 0.0 0.0 4.0 2.0 0.0 0.0 0.0 0.0 0.0 -1.0 22.0 0.0 1.0 3.0 0.0 0.0 0.0 0.0 0.0 0.0 0.0 29.0 69.0 0.0 0.0 0.0 0.0 0.0 0.0 9.0 33.0 5.0 0.0 1.0 2.0 3.0 0.0 0.0 0.0 0.0 0.0 2.0 18.0 0.0 2.0 5.0 0.0 0.0 0.0 0.0 0.0 0.0 0.0 3.0 102.0 4.0 0.0 0.0 0.0 5.0 6.0 9.0 18.0 3.0 0.0 0.0 0.0 11.0 13.0 1.0 0.0 0.0 0.0 0.0 9.0 0.0 1.0 2.0 0.0 0.0 0.0 0.0 0.0 0.0 0.0 1.0 63.0 6.0 0.0 0.0 0.0 0.0 1.0 9.0 29.0 11.0 0.0 0.0 0.0 0.0 7.0 19.0 5.0 4.0 0.0 0.0 0.0 
25_3_007_16
0.0 0.0 0.0 0.0 2.0 14.0 1.0 0.0 0.0 0.0 6.0 12.0 7.0 1.0 0.0 0.0 4.0 20.0 28.0 1.0 7.0 0.0 0.0 0.0 8.0 0.0 0.0 0.0 0.0 0.0 3.0 18.0 0.0 0.0 0.0 0.0 11.0 16.0 1.0 0.0 0.0 0.0 19.0 91.0 15.0 3.0 0.0 0.0 1.0 5.0 21.0 13.0 1.0 3.0 33.0 9.0 4.0 0.0 0.0 0.0 0.0 2.0 15.0 61.0 0.0 0.0 0.0 4.0 3.0 2.0 8.0 3.0 0.0 0.0 0.0 102.0 56.0 0.0 0.0 0.0 0.0 0.0 13.0 10.0 6.0 5.0 16.0 6.0 9.0 5.0 0.0 0.0 0.0 0.0 4.0 57.0 0.0 0.0 0.0 1.0 0.0 0.0 1.0 6.0 0.0 0.0 1.0 31.0 29.0 0.0 0.0 0.0 0.0 0.0 0.0 8.0 41.0 32.0 6.0 0.0 0.0 0.0 0.0 0.0 0.0 11.0 18.0 7.0 
25_3_007_17
1.0 7.0 7.0 12.0 3.0 0.0 0.0 0.0 7.0 1.0 4.0 1.0 0.0 0.0 1.0 6.0 0.0 0.0 27.0 40.0 0.0 0.0 0.0 0.0 0.0 0.0 3.0 75.0 0.0 0.0 0.0 0.0 3.0 2.0 0.0 0.0 12.0 6.0 6.0 6.0 0.0 0.0 17.0 18.0 1.0 0.0 6.0 3.0 0.0 0.0 16.0 23.0 8.0 0.0 0.0 0.0 0.0 0.0 12.0 102.0 2.0 0.0 0.0 0.0 0.0 2.0 5.0 15.0 11.0 2.0 3.0 0.0 0.0 3.0 9.0 40.0 4.0 0.0 2.0 0.0 0.0 0.0 31.0 23.0 2.0 0.0 0.0 0.0 0.0 0.0 38.0 59.0 0.0 0.0 0.0 0.0 0.0 0.0 9.0 12.0 0.0 0.0 0.0 0.0 0.0 0.0 15.0 18.0 0.0 0.0 1.0 0.0 0.0 0.0 71.0 51.0 0.0 0.0 0.0 0.0 0.0 0.0 19.0 6.0 0.0 0.0 0.0 0.0 
25_3_007_18
0.0 1.0 0.0 0.0 0.0 0.0 0.0 0.0 0.0 0.0 13.0 6.0 0.0 0.0 0.0 0.0 0.0 4.0 47.0 18.0 0.0 0.0 0.0 0.0 1.0 8.0 9.0 3.0 0.0 0.0 0.0 0.0 2.0 1.0 0.0 0.0 0.0 0.0 0.0 0.0 0.0 0.0 5.0 30.0 11.0 0.0 0.0 0.0 0.0 6.0 25.0 65.0 10.0 0.0 1.0 1.0 1.0 3.0 2.0 1.0 4.0 2.0 13.0 6.0 1.0 1.0 0.0 0.0 0.0 0.0 0.0 0.0 0.0 0.0 3.0 20.0 0.0 0.0 0.0 0.0 1.0 0.0 14.0 102.0 1.0 0.0 7.0 16.0 0.0 0.0 0.0 0.0 2.0 3.0 13.0 11.0 1.0 0.0 0.0 0.0 0.0 0.0 0.0 0.0 0.0 0.0 7.0 32.0 0.0 0.0 0.0 0.0 2.0 0.0 16.0 62.0 0.0 0.0 0.0 37.0 1.0 0.0 0.0 0.0 0.0 0.0 1.0 14.0 
25_3_007_19
58.0 0.0 0.0 0.0 4.0 5.0 -5.0 7.0 8.0 0.0 0.0 0.0 0.0 0.0 -31.0 77.0 0.0 14.0 0.0 0.0 0.0 3.0 0.0 -1.0 -11.0 47.0 1.0 0.0 2.0 1.0 0.0 0.0 -3.0 11.0 0.0 5.0 7.0 5.0 -5.0 13.0 11.0 0.0 0.0 0.0 0.0 0.0 -24.0 102.0 -28.0 81.0 17.0 8.0 0.0 0.0 0.0 -2.0 -21.0 66.0 11.0 0.0 3.0 2.0 0.0 -1.0 0.0 -1.0 4.0 4.0 12.0 8.0 2.0 0.0 0.0 0.0 0.0 0.0 0.0 0.0 13.0 42.0 0.0 -1.0 8.0 33.0 18.0 3.0 0.0 0.0 9.0 0.0 0.0 1.0 6.0 32.0 2.0 -2.0 0.0 2.0 1.0 1.0 0.0 0.0 0.0 6.0 0.0 0.0 0.0 0.0 1.0 1.0 10.0 11.0 0.0 0.0 1.0 4.0 7.0 3.0 0.0 0.0 0.0 0.0 0.0 0.0 1.0 5.0 1.0 10.0 
25_3_007_20
3.0 14.0 3.0 7.0 3.0 0.0 0.0 0.0 13.0 4.0 0.0 0.0 0.0 0.0 0.0 6.0 0.0 3.0 19.0 30.0 1.0 0.0 0.0 0.0 1.0 1.0 2.0 2.0 1.0 1.0 5.0 10.0 11.0 63.0 16.0 0.0 1.0 0.0 0.0 1.0 35.0 8.0 0.0 0.0 0.0 0.0 4.0 61.0 0.0 0.0 28.0 81.0 10.0 0.0 0.0 0.0 30.0 24.0 4.0 0.0 0.0 0.0 2.0 9.0 8.0 5.0 0.0 0.0 5.0 18.0 51.0 6.0 0.0 0.0 0.0 0.0 0.0 24.0 102.0 31.0 0.0 0.0 3.0 75.0 88.0 5.0 0.0 0.0 13.0 8.0 2.0 8.0 15.0 6.0 12.0 3.0 2.0 1.0 0.0 0.0 0.0 64.0 48.0 2.0 0.0 5.0 0.0 0.0 0.0 18.0 19.0 0.0 0.0 2.0 0.0 12.0 56.0 5.0 0.0 0.0 1.0 3.0 1.0 12.0 84.0 40.0 0.0 0.0 
25_3_007_21
0.0 0.0 0.0 0.0 4.0 1.0 1.0 0.0 0.0 0.0 0.0 11.0 7.0 0.0 0.0 0.0 4.0 0.0 0.0 5.0 1.0 0.0 -16.0 85.0 0.0 0.0 0.0 0.0 0.0 0.0 -2.0 10.0 0.0 0.0 0.0 6.0 7.0 0.0 0.0 0.0 0.0 0.0 0.0 12.0 3.0 0.0 0.0 0.0 30.0 0.0 3.0 23.0 2.0 0.0 0.0 29.0 15.0 0.0 0.0 0.0 0.0 0.0 -7.0 45.0 0.0 0.0 0.0 13.0 3.0 0.0 0.0 0.0 0.0 0.0 2.0 14.0 0.0 0.0 0.0 0.0 1.0 0.0 3.0 39.0 0.0 0.0 -5.0 29.0 0.0 0.0 0.0 0.0 0.0 0.0 -13.0 102.0 0.0 0.0 2.0 9.0 0.0 0.0 0.0 0.0 0.0 0.0 1.0 14.0 0.0 0.0 0.0 0.0 0.0 0.0 3.0 29.0 0.0 0.0 5.0 14.0 0.0 0.0 0.0 0.0 0.0 0.0 11.0 57.0 
25_3_007_22
0.0 0.0 0.0 0.0 51.0 102.0 0.0 0.0 0.0 0.0 0.0 0.0 60.0 72.0 17.0 3.0 0.0 0.0 0.0 0.0 0.0 0.0 54.0 30.0 0.0 0.0 1.0 6.0 2.0 1.0 3.0 0.0 0.0 0.0 1.0 1.0 6.0 7.0 0.0 0.0 0.0 0.0 6.0 56.0 53.0 22.0 0.0 0.0 0.0 0.0 1.0 10.0 2.0 4.0 10.0 7.0 0.0 0.0 0.0 0.0 7.0 13.0 6.0 2.0 0.0 0.0 6.0 1.0 0.0 0.0 0.0 0.0 0.0 0.0 30.0 73.0 0.0 0.0 0.0 0.0 0.0 0.0 0.0 4.0 1.0 0.0 11.0 14.0 2.0 1.0 1.0 1.0 1.0 1.0 4.0 7.0 0.0 0.0 19.0 10.0 0.0 0.0 0.0 0.0 0.0 0.0 31.0 24.0 0.0 0.0 0.0 0.0 0.0 0.0 0.0 0.0 0.0 0.0 4.0 14.0 0.0 0.0 0.0 0.0 0.0 0.0 0.0 3.0 
25_3_007_23
0.0 0.0 2.0 1.0 3.0 8.0 0.0 0.0 0.0 0.0 1.0 3.0 36.0 29.0 0.0 0.0 0.0 0.0 5.0 53.0 41.0 30.0 2.0 1.0 1.0 0.0 0.0 0.0 0.0 0.0 7.0 8.0 0.0 0.0 1.0 1.0 0.0 0.0 0.0 0.0 0.0 0.0 6.0 12.0 0.0 0.0 0.0 0.0 0.0 0.0 9.0 102.0 1.0 0.0 1.0 1.0 0.0 0.0 0.0 0.0 0.0 0.0 14.0 20.0 0.0 1.0 3.0 0.0 0.0 0.0 0.0 0.0 0.0 0.0 50.0 17.0 0.0 0.0 0.0 0.0 0.0 0.0 24.0 49.0 0.0 0.0 1.0 3.0 0.0 0.0 0.0 0.0 0.0 0.0 1.0 21.0 0.0 0.0 3.0 2.0 0.0 0.0 0.0 0.0 0.0 0.0 30.0 39.0 0.0 0.0 0.0 0.0 0.0 0.0 3.0 16.0 3.0 1.0 1.0 3.0 0.0 0.0 0.0 0.0 0.0 0.0 5.0 9.0 
25_3_007_24
0.0 0.0 8.0 23.0 2.0 0.0 0.0 0.0 0.0 0.0 0.0 59.0 20.0 1.0 0.0 0.0 0.0 0.0 0.0 15.0 2.0 0.0 0.0 0.0 0.0 0.0 0.0 0.0 0.0 0.0 1.0 0.0 1.0 0.0 5.0 7.0 1.0 0.0 0.0 0.0 0.0 0.0 8.0 102.0 6.0 0.0 0.0 0.0 0.0 0.0 1.0 17.0 1.0 0.0 0.0 0.0 0.0 1.0 1.0 0.0 0.0 0.0 0.0 0.0 0.0 0.0 2.0 13.0 10.0 0.0 0.0 0.0 0.0 0.0 49.0 67.0 0.0 0.0 0.0 0.0 0.0 0.0 3.0 10.0 0.0 0.0 0.0 0.0 0.0 0.0 4.0 1.0 0.0 0.0 0.0 0.0 0.0 0.0 7.0 33.0 0.0 0.0 0.0 0.0 0.0 0.0 29.0 50.0 0.0 0.0 0.0 0.0 0.0 0.0 6.0 1.0 0.0 2.0 0.0 0.0 0.0 0.0 0.0 0.0 0.0 1.0 1.0 0.0 
25_3_007_25
0.0 0.0 0.0 0.0 0.0 0.0 22.0 56.0 0.0 0.0 0.0 0.0 0.0 0.0 27.0 33.0 4.0 3.0 0.0 0.0 0.0 0.0 4.0 19.0 1.0 11.0 8.0 0.0 0.0 0.0 0.0 0.0 0.0 0.0 0.0 0.0 0.0 0.0 41.0 102.0 0.0 0.0 0.0 0.0 0.0 6.0 37.0 21.0 0.0 1.0 8.0 7.0 2.0 3.0 3.0 2.0 9.0 10.0 5.0 0.0 0.0 0.0 0.0 0.0 0.0 0.0 0.0 0.0 21.0 47.0 70.0 40.0 1.0 0.0 0.0 0.0 1.0 0.0 11.0 9.0 0.0 0.0 7.0 21.0 10.0 11.0 0.0 0.0 5.0 7.0 5.0 2.0 10.0 37.0 2.0 0.0 0.0 0.0 5.0 51.0 21.0 0.0 1.0 0.0 0.0 0.0 0.0 0.0 0.0 3.0 20.0 14.0 0.0 0.0 0.0 0.0 15.0 26.0 3.0 0.0 1.0 0.0 0.0 0.0 6.0 9.0 1.0 5.0 
25_3_007_26
15.0 14.0 0.0 17.0 30.0 0.0 0.0 0.0 10.0 6.0 2.0 2.0 0.0 0.0 7.0 10.0 0.0 1.0 13.0 3.0 0.0 0.0 5.0 5.0 0.0 0.0 34.0 23.0 2.0 0.0 0.0 0.0 0.0 0.0 0.0 9.0 52.0 7.0 0.0 0.0 0.0 0.0 0.0 1.0 9.0 12.0 28.0 12.0 0.0 0.0 28.0 56.0 2.0 0.0 0.0 0.0 1.0 1.0 6.0 1.0 6.0 1.0 0.0 1.0 0.0 0.0 19.0 46.0 8.0 0.0 0.0 0.0 2.0 20.0 11.0 3.0 0.0 2.0 0.0 3.0 0.0 0.0 16.0 39.0 16.0 1.0 0.0 0.0 1.0 3.0 35.0 10.0 0.0 0.0 0.0 0.0 0.0 0.0 34.0 15.0 0.0 0.0 0.0 0.0 1.0 4.0 6.0 1.0 1.0 3.0 5.0 0.0 0.0 0.0 34.0 32.0 1.0 0.0 0.0 0.0 0.0 0.0 102.0 34.0 0.0 0.0 0.0 0.0 
25_3_007_27
0.0 0.0 0.0 0.0 0.0 0.0 1.0 1.0 -20.0 51.0 19.0 2.0 0.0 0.0 0.0 0.0 -35.0 102.0 31.0 4.0 0.0 0.0 0.0 0.0 -24.0 54.0 2.0 1.0 0.0 0.0 10.0 1.0 0.0 0.0 5.0 5.0 0.0 0.0 1.0 1.0 -5.0 10.0 45.0 51.0 2.0 1.0 0.0 0.0 2.0 7.0 12.0 17.0 2.0 0.0 0.0 -2.0 0.0 0.0 0.0 0.0 0.0 0.0 11.0 21.0 0.0 0.0 34.0 22.0 0.0 0.0 0.0 0.0 -6.0 14.0 20.0 26.0 1.0 0.0 0.0 0.0 0.0 0.0 3.0 12.0 5.0 3.0 11.0 0.0 3.0 1.0 0.0 2.0 1.0 2.0 4.0 3.0 0.0 0.0 29.0 29.0 0.0 0.0 0.0 0.0 0.0 0.0 6.0 3.0 4.0 3.0 7.0 1.0 0.0 0.0 0.0 1.0 2.0 0.0 7.0 1.0 0.0 0.0 0.0 2.0 6.0 6.0 0.0 0.0 
25_3_007_28
0.0 0.0 0.0 0.0 0.0 0.0 0.0 4.0 0.0 0.0 1.0 82.0 6.0 0.0 0.0 0.0 0.0 -1.0 9.0 16.0 8.0 2.0 0.0 0.0 0.0 0.0 0.0 1.0 5.0 0.0 12.0 5.0 0.0 0.0 0.0 0.0 0.0 0.0 -2.0 7.0 0.0 0.0 26.0 90.0 0.0 0.0 0.0 0.0 0.0 -1.0 8.0 11.0 6.0 8.0 3.0 2.0 0.0 0.0 0.0 2.0 2.0 1.0 4.0 6.0 0.0 0.0 0.0 0.0 0.0 0.0 -1.0 4.0 0.0 0.0 4.0 102.0 9.0 0.0 0.0 0.0 0.0 -1.0 8.0 13.0 2.0 1.0 2.0 6.0 0.0 0.0 3.0 3.0 0.0 0.0 -1.0 13.0 3.0 0.0 0.0 0.0 0.0 0.0 0.0 0.0 0.0 0.0 0.0 44.0 22.0 0.0 0.0 0.0 0.0 0.0 3.0 24.0 7.0 0.0 0.0 0.0 0.0 0.0 0.0 1.0 0.0 0.0 0.0 9.0 
25_3_007_29
0.0 0.0 7.0 25.0 17.0 24.0 6.0 0.0 2.0 0.0 2.0 1.0 8.0 102.0 51.0 8.0 10.0 1.0 2.0 1.0 0.0 48.0 97.0 1.0 0.0 0.0 3.0 34.0 10.0 4.0 2.0 0.0 0.0 0.0 0.0 0.0 10.0 83.0 20.0 6.0 2.0 0.0 0.0 0.0 11.0 88.0 7.0 5.0 21.0 30.0 11.0 11.0 10.0 3.0 -1.0 6.0 0.0 21.0 68.0 14.0 4.0 7.0 0.0 0.0 18.0 10.0 0.0 0.0 1.0 3.0 5.0 48.0 0.0 9.0 24.0 37.0 21.0 2.0 0.0 0.0 0.0 1.0 19.0 33.0 21.0 22.0 12.0 0.0 0.0 3.0 6.0 1.0 1.0 62.0 47.0 31.0 15.0 0.0 0.0 0.0 0.0 0.0 -4.0 30.0 0.0 2.0 3.0 3.0 4.0 2.0 2.0 0.0 0.0 5.0 15.0 6.0 17.0 15.0 0.0 0.0 10.0 12.0 3.0 1.0 0.0 0.0 1.0 3.0 
25_3_007_30
0.0 0.0 0.0 0.0 0.0 22.0 25.0 1.0 0.0 0.0 0.0 8.0 11.0 45.0 21.0 4.0 0.0 0.0 5.0 72.0 24.0 0.0 0.0 0.0 13.0 19.0 12.0 26.0 10.0 0.0 0.0 0.0 3.0 3.0 2.0 0.0 1.0 0.0 4.0 1.0 21.0 33.0 20.0 4.0 0.0 0.0 0.0 7.0 0.0 0.0 8.0 74.0 16.0 2.0 8.0 0.0 0.0 5.0 4.0 64.0 102.0 8.0 2.0 0.0 18.0 5.0 11.0 16.0 1.0 0.0 0.0 4.0 11.0 29.0 18.0 28.0 10.0 0.0 0.0 2.0 13.0 11.0 14.0 1.0 1.0 0.0 15.0 35.0 2.0 2.0 0.0 23.0 80.0 0.0 6.0 5.0 4.0 1.0 0.0 0.0 0.0 2.0 7.0 14.0 5.0 0.0 0.0 32.0 61.0 25.0 11.0 7.0 61.0 15.0 4.0 26.0 5.0 0.0 0.0 13.0 5.0 39.0 11.0 1.0 0.0 0.0 0.0 0.0 
25_3_007_31
0.0 0.0 2.0 11.0 5.0 2.0 1.0 0.0 1.0 0.0 36.0 33.0 3.0 1.0 0.0 0.0 4.0 0.0 8.0 26.0 7.0 0.0 -11.0 47.0 0.0 0.0 0.0 0.0 0.0 6.0 12.0 45.0 1.0 0.0 10.0 41.0 0.0 0.0 0.0 6.0 0.0 0.0 6.0 30.0 3.0 5.0 17.0 30.0 0.0 0.0 0.0 69.0 43.0 0.0 4.0 43.0 0.0 0.0 0.0 0.0 0.0 7.0 33.0 74.0 11.0 6.0 27.0 26.0 0.0 0.0 -1.0 -1.0 19.0 4.0 11.0 17.0 0.0 0.0 -27.0 66.0 0.0 0.0 24.0 54.0 5.0 5.0 32.0 42.0 0.0 0.0 0.0 0.0 0.0 8.0 49.0 72.0 0.0 2.0 13.0 9.0 19.0 12.0 0.0 0.0 0.0 0.0 0.0 3.0 4.0 21.0 48.0 9.0 0.0 0.0 0.0 0.0 0.0 39.0 102.0 3.0 0.0 0.0 0.0 2.0 1.0 2.0 27.0 8.0 
25_3_007_32
0.0 0.0 2.0 26.0 0.0 0.0 0.0 0.0 0.0 0.0 0.0 17.0 6.0 1.0 1.0 3.0 0.0 0.0 0.0 54.0 24.0 0.0 0.0 0.0 0.0 0.0 0.0 0.0 0.0 0.0 0.0 0.0 0.0 0.0 13.0 24.0 0.0 0.0 0.0 0.0 5.0 2.0 7.0 13.0 0.0 0.0 1.0 14.0 0.0 0.0 5.0 102.0 2.0 0.0 0.0 0.0 0.0 0.0 0.0 3.0 0.0 0.0 0.0 0.0 0.0 1.0 16.0 17.0 0.0 0.0 0.0 0.0 9.0 8.0 21.0 20.0 0.0 0.0 0.0 3.0 0.0 0.0 49.0 32.0 0.0 0.0 0.0 0.0 0.0 0.0 2.0 1.0 0.0 0.0 0.0 0.0 0.0 5.0 28.0 1.0 0.0 0.0 0.0 0.0 0.0 0.0 56.0 9.0 0.0 0.0 0.0 0.0 0.0 0.0 10.0 1.0 0.0 0.0 0.0 0.0 0.0 0.0 0.0 0.0 0.0 0.0 0.0 0.0 
25_3_007_33
13.0 11.0 1.0 0.0 0.0 0.0 5.0 8.0 0.0 0.0 4.0 12.0 11.0 13.0 12.0 0.0 5.0 4.0 14.0 91.0 5.0 1.0 33.0 10.0 1.0 0.0 0.0 1.0 4.0 10.0 16.0 11.0 25.0 1.0 8.0 3.0 0.0 0.0 3.0 35.0 9.0 5.0 2.0 15.0 0.0 0.0 2.0 3.0 12.0 0.0 3.0 102.0 17.0 0.0 23.0 73.0 4.0 0.0 7.0 55.0 7.0 8.0 1.0 2.0 24.0 5.0 3.0 0.0 0.0 6.0 31.0 31.0 13.0 32.0 2.0 0.0 11.0 4.0 0.0 0.0 32.0 1.0 19.0 98.0 2.0 0.0 0.0 19.0 39.0 15.0 27.0 10.0 0.0 0.0 0.0 1.0 0.0 0.0 0.0 0.0 0.0 13.0 62.0 18.0 0.0 0.0 0.0 24.0 46.0 2.0 0.0 0.0 0.0 0.0 2.0 46.0 34.0 0.0 0.0 0.0 4.0 0.0 0.0 0.0 0.0 4.0 15.0 13.0 
25_3_007_34
2.0 3.0 0.0 40.0 36.0 0.0 0.0 2.0 10.0 9.0 6.0 14.0 6.0 0.0 0.0 0.0 4.0 9.0 13.0 3.0 0.0 0.0 0.0 0.0 0.0 10.0 50.0 13.0 0.0 0.0 0.0 0.0 0.0 0.0 0.0 44.0 64.0 0.0 0.0 0.0 0.0 1.0 1.0 13.0 35.0 13.0 0.0 0.0 2.0 5.0 20.0 29.0 6.0 0.0 -1.0 5.0 0.0 0.0 0.0 17.0 18.0 29.0 2.0 3.0 0.0 0.0 0.0 13.0 13.0 0.0 0.0 0.0 0.0 4.0 4.0 71.0 51.0 0.0 0.0 0.0 11.0 0.0 21.0 66.0 1.0 0.0 0.0 0.0 3.0 0.0 0.0 0.0 0.0 1.0 -18.0 76.0 0.0 1.0 1.0 0.0 0.0 0.0 0.0 0.0 0.0 0.0 0.0 26.0 60.0 12.0 0.0 0.0 0.0 0.0 0.0 7.0 102.0 50.0 0.0 0.0 17.0 2.0 0.0 0.0 31.0 4.0 -16.0 48.0 
25_3_007_35
0.0 0.0 0.0 72.0 18.0 1.0 0.0 0.0 0.0 -3.0 11.0 8.0 8.0 6.0 0.0 0.0 0.0 0.0 0.0 0.0 3.0 2.0 9.0 12.0 0.0 0.0 0.0 0.0 4.0 17.0 7.0 0.0 0.0 -2.0 11.0 102.0 2.0 0.0 0.0 0.0 0.0 0.0 0.0 17.0 8.0 9.0 4.0 8.0 0.0 0.0 1.0 0.0 0.0 0.0 0.0 23.0 0.0 0.0 0.0 0.0 0.0 2.0 13.0 6.0 0.0 0.0 0.0 76.0 31.0 0.0 0.0 0.0 0.0 1.0 2.0 27.0 4.0 0.0 1.0 3.0 0.0 0.0 1.0 2.0 0.0 0.0 -6.0 29.0 0.0 0.0 0.0 0.0 0.0 0.0 -8.0 38.0 0.0 0.0 0.0 26.0 36.0 0.0 0.0 0.0 0.0 0.0 0.0 35.0 20.0 0.0 0.0 0.0 0.0 0.0 0.0 2.0 0.0 0.0 0.0 14.0 0.0 0.0 0.0 0.0 0.0 0.0 -3.0 22.0 
25_3_007_36
4.0 12.0 9.0 7.0 0.0 3.0 1.0 -1.0 0.0 9.0 15.0 7.0 15.0 14.0 0.0 0.0 0.0 18.0 15.0 3.0 17.0 33.0 3.0 0.0 5.0 19.0 1.0 0.0 1.0 37.0 8.0 0.0 0.0 0.0 0.0 1.0 10.0 27.0 2.0 0.0 0.0 1.0 23.0 18.0 7.0 7.0 0.0 0.0 0.0 6.0 3.0 2.0 6.0 7.0 5.0 31.0 0.0 0.0 0.0 0.0 0.0 30.0 6.0 5.0 0.0 0.0 0.0 7.0 25.0 4.0 0.0 0.0 0.0 0.0 23.0 76.0 17.0 0.0 0.0 0.0 28.0 0.0 12.0 6.0 0.0 0.0 -40.0 102.0 5.0 0.0 0.0 0.0 0.0 9.0 3.0 20.0 0.0 0.0 17.0 42.0 0.0 1.0 1.0 0.0 1.0 0.0 26.0 29.0 22.0 3.0 6.0 5.0 3.0 0.0 1.0 25.0 16.0 0.0 -2.0 80.0 0.0 0.0 0.0 0.0 0.0 11.0 26.0 36.0 
25_3_007_37
0.0 0.0 8.0 13.0 5.0 0.0 0.0 0.0 0.0 0.0 0.0 19.0 10.0 0.0 0.0 0.0 12.0 16.0 7.0 5.0 0.0 0.0 0.0 8.0 38.0 0.0 0.0 0.0 0.0 0.0 0.0 83.0 3.0 16.0 28.0 5.0 0.0 0.0 0.0 0.0 6.0 15.0 8.0 12.0 1.0 0.0 0.0 0.0 18.0 9.0 8.0 25.0 0.0 0.0 0.0 7.0 51.0 4.0 5.0 0.0 0.0 0.0 1.0 22.0 5.0 42.0 8.0 0.0 0.0 0.0 7.0 10.0 9.0 7.0 0.0 0.0 4.0 9.0 18.0 5.0 12.0 0.0 11.0 40.0 21.0 1.0 0.0 0.0 26.0 0.0 1.0 0.0 0.0 0.0 29.0 41.0 0.0 0.0 0.0 0.0 5.0 32.0 31.0 0.0 0.0 0.0 0.0 1.0 4.0 3.0 14.0 2.0 0.0 0.0 0.0 37.0 32.0 0.0 0.0 0.0 15.0 0.0 0.0 6.0 1.0 0.0 16.0 102.0 
25_3_007_38
0.0 0.0 0.0 0.0 0.0 1.0 1.0 0.0 0.0 0.0 0.0 0.0 0.0 0.0 1.0 0.0 0.0 0.0 52.0 43.0 0.0 0.0 0.0 0.0 0.0 0.0 14.0 9.0 0.0 0.0 26.0 9.0 0.0 0.0 0.0 0.0 0.0 2.0 1.0 0.0 0.0 0.0 1.0 11.0 0.0 1.0 0.0 0.0 0.0 0.0 30.0 102.0 1.0 0.0 7.0 0.0 0.0 0.0 0.0 0.0 0.0 0.0 35.0 22.0 0.0 0.0 0.0 0.0 0.0 1.0 1.0 0.0 0.0 0.0 2.0 25.0 3.0 0.0 0.0 0.0 0.0 0.0 5.0 62.0 15.0 3.0 10.0 3.0 0.0 0.0 0.0 0.0 0.0 0.0 11.0 12.0 0.0 0.0 0.0 0.0 0.0 1.0 0.0 0.0 0.0 0.0 0.0 8.0 7.0 1.0 0.0 0.0 0.0 0.0 0.0 34.0 25.0 0.0 0.0 0.0 0.0 0.0 0.0 0.0 0.0 0.0 1.0 8.0 
25_3_007_39
0.0 0.0 2.0 5.0 0.0 0.0 0.0 0.0 0.0 0.0 3.0 9.0 1.0 7.0 11.0 0.0 0.0 0.0 8.0 50.0 10.0 2.0 0.0 0.0 2.0 0.0 3.0 5.0 0.0 0.0 9.0 12.0 3.0 1.0 1.0 2.0 1.0 0.0 -5.0 11.0 0.0 1.0 1.0 0.0 2.0 5.0 8.0 15.0 0.0 0.0 7.0 102.0 5.0 0.0 0.0 0.0 0.0 2.0 30.0 12.0 0.0 0.0 9.0 17.0 16.0 3.0 1.0 0.0 0.0 0.0 -1.0 0.0 18.0 16.0 7.0 0.0 0.0 0.0 0.0 -3.0 0.0 0.0 21.0 51.0 8.0 0.0 0.0 0.0 0.0 3.0 18.0 8.0 8.0 14.0 16.0 0.0 2.0 4.0 0.0 0.0 5.0 10.0 0.0 0.0 0.0 1.0 7.0 4.0 6.0 1.0 0.0 0.0 0.0 1.0 5.0 15.0 7.0 0.0 0.0 0.0 6.0 0.0 0.0 0.0 2.0 10.0 7.0 6.0 
25_3_007_40
4.0 0.0 0.0 2.0 4.0 6.0 4.0 18.0 7.0 4.0 8.0 1.0 2.0 3.0 1.0 -1.0 3.0 16.0 20.0 3.0 0.0 0.0 0.0 0.0 0.0 50.0 25.0 10.0 0.0 0.0 0.0 0.0 0.0 0.0 0.0 1.0 2.0 10.0 14.0 2.0 0.0 0.0 6.0 39.0 4.0 3.0 0.0 0.0 0.0 0.0 6.0 11.0 13.0 6.0 6.0 0.0 11.0 0.0 18.0 64.0 11.0 0.0 1.0 -2.0 2.0 6.0 0.0 0.0 1.0 0.0 0.0 0.0 0.0 0.0 1.0 21.0 12.0 4.0 1.0 0.0 0.0 0.0 0.0 19.0 16.0 11.0 36.0 6.0 0.0 0.0 0.0 102.0 21.0 0.0 6.0 11.0 37.0 4.0 0.0 0.0 0.0 0.0 0.0 -12.0 14.0 5.0 6.0 0.0 1.0 1.0 -3.0 3.0 18.0 13.0 14.0 7.0 3.0 1.0 -8.0 23.0 0.0 0.0 9.0 76.0 12.0 0.0 0.0 0.0 
25_3_007_41
0.0 0.0 8.0 7.0 0.0 0.0 0.0 0.0 0.0 2.0 20.0 16.0 0.0 0.0 0.0 0.0 12.0 17.0 12.0 1.0 0.0 0.0 -10.0 25.0 5.0 0.0 0.0 0.0 0.0 0.0 -40.0 102.0 0.0 0.0 1.0 5.0 2.0 8.0 13.0 0.0 0.0 0.0 9.0 76.0 12.0 1.0 0.0 0.0 0.0 0.0 3.0 13.0 0.0 0.0 21.0 21.0 19.0 3.0 9.0 2.0 0.0 0.0 -24.0 89.0 3.0 3.0 0.0 1.0 1.0 2.0 3.0 13.0 0.0 0.0 9.0 94.0 6.0 0.0 0.0 0.0 2.0 4.0 49.0 13.0 0.0 0.0 8.0 12.0 0.0 0.0 8.0 1.0 0.0 0.0 24.0 81.0 7.0 9.0 5.0 0.0 0.0 0.0 0.0 -1.0 0.0 0.0 12.0 40.0 9.0 0.0 0.0 0.0 0.0 0.0 9.0 11.0 6.0 19.0 21.0 0.0 0.0 0.0 0.0 0.0 0.0 3.0 29.0 31.0 
25_3_007_42
0.0 0.0 0.0 0.0 0.0 4.0 51.0 4.0 1.0 0.0 0.0 0.0 0.0 3.0 38.0 10.0 0.0 1.0 8.0 36.0 26.0 0.0 0.0 0.0 15.0 2.0 6.0 11.0 1.0 0.0 -1.0 -2.0 2.0 0.0 0.0 0.0 0.0 1.0 22.0 36.0 0.0 9.0 77.0 20.0 0.0 4.0 4.0 0.0 12.0 92.0 37.0 1.0 0.0 0.0 0.0 -13.0 0.0 24.0 12.0 6.0 5.0 2.0 0.0 -1.0 69.0 0.0 0.0 0.0 0.0 0.0 -17.0 25.0 20.0 6.0 28.0 102.0 0.0 0.0 0.0 -10.0 11.0 1.0 10.0 8.0 0.0 0.0 -7.0 41.0 2.0 0.0 0.0 0.0 0.0 24.0 15.0 3.0 8.0 0.0 0.0 0.0 0.0 8.0 -8.0 42.0 8.0 1.0 3.0 13.0 22.0 19.0 4.0 -2.0 0.0 0.0 0.0 1.0 41.0 11.0 19.0 44.0 0.0 0.0 0.0 4.0 10.0 20.0 10.0 25.0 
25_3_007_43
0.0 0.0 3.0 12.0 0.0 0.0 0.0 0.0 1.0 0.0 1.0 2.0 0.0 0.0 0.0 3.0 24.0 5.0 0.0 0.0 0.0 0.0 0.0 30.0 2.0 10.0 0.0 0.0 0.0 0.0 0.0 0.0 3.0 4.0 1.0 5.0 1.0 0.0 0.0 0.0 0.0 0.0 0.0 8.0 2.0 0.0 1.0 0.0 12.0 54.0 20.0 32.0 0.0 0.0 0.0 0.0 8.0 102.0 2.0 0.0 0.0 0.0 0.0 0.0 3.0 0.0 0.0 0.0 0.0 0.0 0.0 8.0 0.0 0.0 8.0 14.0 0.0 0.0 0.0 0.0 0.0 0.0 6.0 70.0 4.0 0.0 0.0 0.0 0.0 0.0 1.0 1.0 0.0 0.0 0.0 0.0 1.0 1.0 0.0 1.0 0.0 0.0 1.0 0.0 0.0 0.0 6.0 3.0 0.0 0.0 0.0 0.0 0.0 0.0 0.0 47.0 13.0 0.0 0.0 0.0 0.0 0.0 0.0 3.0 0.0 0.0 0.0 0.0 
25_3_007_44
0.0 0.0 1.0 1.0 0.0 0.0 0.0 0.0 0.0 0.0 2.0 3.0 1.0 0.0 0.0 0.0 0.0 0.0 11.0 77.0 5.0 0.0 0.0 0.0 0.0 1.0 0.0 0.0 0.0 0.0 7.0 3.0 0.0 0.0 2.0 1.0 0.0 0.0 0.0 0.0 0.0 0.0 5.0 9.0 0.0 0.0 0.0 0.0 0.0 0.0 6.0 102.0 1.0 0.0 0.0 0.0 0.0 0.0 0.0 0.0 0.0 0.0 10.0 12.0 0.0 0.0 3.0 0.0 0.0 0.0 0.0 0.0 0.0 2.0 52.0 6.0 0.0 0.0 0.0 0.0 0.0 0.0 25.0 49.0 0.0 0.0 0.0 2.0 0.0 0.0 0.0 0.0 0.0 0.0 2.0 18.0 0.0 0.0 4.0 6.0 0.0 0.0 0.0 0.0 0.0 1.0 26.0 27.0 0.0 0.0 0.0 0.0 0.0 0.0 2.0 22.0 1.0 0.0 1.0 2.0 0.0 0.0 0.0 0.0 0.0 0.0 5.0 8.0 
25_3_007_45
0.0 0.0 0.0 0.0 0.0 0.0 1.0 0.0 0.0 0.0 0.0 0.0 0.0 0.0 1.0 1.0 0.0 0.0 45.0 37.0 0.0 0.0 0.0 0.0 0.0 0.0 15.0 3.0 0.0 0.0 4.0 10.0 0.0 0.0 0.0 0.0 0.0 0.0 1.0 1.0 0.0 0.0 0.0 7.0 0.0 0.0 0.0 0.0 0.0 0.0 40.0 85.0 0.0 0.0 0.0 0.0 0.0 0.0 0.0 0.0 0.0 0.0 4.0 31.0 0.0 0.0 0.0 0.0 0.0 0.0 0.0 2.0 0.0 0.0 0.0 12.0 1.0 0.0 0.0 0.0 0.0 0.0 6.0 102.0 8.0 0.0 0.0 0.0 1.0 0.0 0.0 0.0 0.0 0.0 2.0 35.0 0.0 0.0 0.0 0.0 0.0 0.0 1.0 1.0 0.0 0.0 0.0 4.0 1.0 0.0 0.0 1.0 0.0 0.0 0.0 85.0 18.0 0.0 0.0 0.0 0.0 0.0 0.0 0.0 0.0 0.0 2.0 28.0 
25_3_007_46
1.0 0.0 0.0 1.0 1.0 0.0 0.0 0.0 0.0 0.0 0.0 31.0 28.0 0.0 0.0 0.0 0.0 0.0 1.0 9.0 0.0 0.0 0.0 0.0 0.0 0.0 0.0 0.0 0.0 0.0 1.0 7.0 4.0 1.0 0.0 0.0 0.0 0.0 0.0 -1.0 0.0 0.0 8.0 56.0 1.0 0.0 0.0 0.0 0.0 0.0 1.0 9.0 0.0 0.0 0.0 1.0 0.0 0.0 0.0 0.0 0.0 0.0 0.0 6.0 23.0 8.0 0.0 0.0 0.0 0.0 0.0 -11.0 -23.0 56.0 25.0 38.0 0.0 0.0 0.0 0.0 1.0 1.0 4.0 3.0 0.0 0.0 -3.0 8.0 0.0 0.0 0.0 0.0 0.0 0.0 3.0 5.0 102.0 32.0 0.0 0.0 0.0 0.0 0.0 -51.0 3.0 81.0 0.0 0.0 0.0 0.0 -10.0 17.0 2.0 0.0 0.0 0.0 0.0 0.0 -14.0 40.0 0.0 0.0 0.0 0.0 0.0 0.0 -2.0 12.0 
25_3_007_47
1.0 0.0 0.0 1.0 1.0 0.0 0.0 0.0 0.0 0.0 0.0 31.0 28.0 0.0 0.0 0.0 0.0 0.0 1.0 9.0 0.0 0.0 0.0 0.0 0.0 0.0 0.0 0.0 0.0 0.0 1.0 7.0 4.0 1.0 0.0 0.0 0.0 0.0 0.0 -1.0 0.0 0.0 8.0 56.0 1.0 0.0 0.0 0.0 0.0 0.0 1.0 9.0 0.0 0.0 0.0 1.0 0.0 0.0 0.0 0.0 0.0 0.0 0.0 6.0 23.0 8.0 0.0 0.0 0.0 0.0 0.0 -11.0 -23.0 56.0 25.0 38.0 0.0 0.0 0.0 0.0 1.0 1.0 4.0 3.0 0.0 0.0 -3.0 8.0 0.0 0.0 0.0 0.0 0.0 0.0 3.0 5.0 102.0 32.0 0.0 0.0 0.0 0.0 0.0 -51.0 3.0 81.0 0.0 0.0 0.0 0.0 -10.0 17.0 2.0 0.0 0.0 0.0 0.0 0.0 -14.0 40.0 0.0 0.0 0.0 0.0 0.0 0.0 -2.0 12.0 
25_3_007_48
0.0 0.0 3.0 39.0 0.0 0.0 -1.0 10.0 2.0 0.0 4.0 32.0 4.0 0.0 -2.0 9.0 0.0 0.0 0.0 59.0 9.0 0.0 0.0 42.0 3.0 0.0 1.0 53.0 28.0 0.0 0.0 24.0 12.0 12.0 25.0 5.0 0.0 0.0 -2.0 2.0 24.0 3.0 19.0 23.0 0.0 0.0 -2.0 -2.0 9.0 1.0 15.0 78.0 0.0 0.0 -16.0 34.0 12.0 7.0 14.0 36.0 3.0 0.0 -25.0 57.0 4.0 1.0 1.0 5.0 9.0 0.0 -2.0 7.0 23.0 12.0 18.0 1.0 21.0 3.0 0.0 -8.0 0.0 0.0 24.0 35.0 15.0 6.0 8.0 0.0 0.0 0.0 0.0 0.0 0.0 11.0 50.0 38.0 0.0 0.0 0.0 0.0 10.0 15.0 4.0 1.0 0.0 0.0 0.0 0.0 10.0 40.0 7.0 0.0 0.0 0.0 0.0 0.0 9.0 102.0 28.0 0.0 0.0 0.0 0.0 0.0 5.0 44.0 34.0 18.0 
25_3_007_49
1.0 0.0 0.0 0.0 0.0 0.0 0.0 4.0 1.0 0.0 4.0 1.0 0.0 0.0 0.0 3.0 0.0 10.0 64.0 8.0 0.0 0.0 0.0 0.0 0.0 8.0 26.0 10.0 0.0 0.0 0.0 0.0 9.0 4.0 0.0 0.0 0.0 0.0 0.0 0.0 2.0 4.0 14.0 10.0 0.0 0.0 0.0 0.0 4.0 3.0 45.0 85.0 0.0 0.0 0.0 7.0 3.0 0.0 0.0 3.0 11.0 5.0 6.0 23.0 5.0 12.0 1.0 0.0 0.0 0.0 0.0 0.0 1.0 15.0 11.0 8.0 0.0 0.0 0.0 0.0 1.0 0.0 5.0 102.0 3.0 0.0 0.0 11.0 17.0 0.0 2.0 8.0 2.0 0.0 4.0 42.0 0.0 6.0 2.0 0.0 0.0 0.0 0.0 0.0 1.0 6.0 9.0 3.0 0.0 0.0 0.0 0.0 0.0 0.0 3.0 66.0 5.0 0.0 0.0 0.0 28.0 1.0 2.0 0.0 0.0 0.0 0.0 15.0 
25_3_007_50
0.0 0.0 0.0 0.0 0.0 0.0 43.0 6.0 0.0 0.0 4.0 0.0 0.0 0.0 17.0 3.0 0.0 2.0 16.0 13.0 3.0 0.0 0.0 0.0 13.0 2.0 1.0 7.0 7.0 0.0 -20.0 42.0 0.0 0.0 0.0 0.0 0.0 2.0 24.0 7.0 0.0 0.0 6.0 32.0 6.0 2.0 1.0 1.0 2.0 0.0 4.0 1.0 0.0 1.0 12.0 9.0 0.0 0.0 0.0 2.0 63.0 23.0 13.0 10.0 1.0 0.0 0.0 0.0 0.0 4.0 10.0 13.0 1.0 0.0 1.0 19.0 35.0 14.0 1.0 0.0 0.0 0.0 0.0 4.0 4.0 0.0 0.0 28.0 0.0 0.0 0.0 3.0 14.0 0.0 -19.0 102.0 0.0 0.0 0.0 0.0 0.0 0.0 -4.0 50.0 0.0 0.0 0.0 7.0 23.0 3.0 0.0 12.0 0.0 0.0 0.0 19.0 34.0 0.0 -2.0 23.0 9.0 0.0 0.0 1.0 0.0 0.0 -11.0 36.0 
25_3_007_51
0.0 0.0 0.0 0.0 1.0 3.0 0.0 0.0 0.0 0.0 0.0 70.0 25.0 0.0 0.0 0.0 0.0 0.0 0.0 6.0 1.0 0.0 1.0 0.0 0.0 0.0 1.0 1.0 0.0 0.0 0.0 0.0 1.0 1.0 0.0 0.0 0.0 0.0 0.0 1.0 0.0 1.0 3.0 102.0 6.0 0.0 0.0 0.0 0.0 0.0 0.0 15.0 4.0 0.0 0.0 0.0 0.0 0.0 2.0 4.0 0.0 0.0 0.0 0.0 0.0 0.0 0.0 13.0 10.0 1.0 0.0 0.0 0.0 1.0 35.0 65.0 0.0 0.0 0.0 0.0 0.0 0.0 7.0 9.0 0.0 0.0 0.0 0.0 0.0 0.0 3.0 3.0 0.0 0.0 0.0 0.0 0.0 0.0 1.0 21.0 3.0 0.0 0.0 0.0 0.0 0.0 1.0 75.0 4.0 0.0 0.0 0.0 0.0 0.0 3.0 5.0 1.0 2.0 0.0 0.0 0.0 0.0 0.0 0.0 0.0 3.0 2.0 0.0 
25_3_007_52
0.0 -4.0 17.0 72.0 10.0 0.0 0.0 0.0 0.0 5.0 5.0 3.0 14.0 11.0 4.0 -1.0 0.0 0.0 0.0 0.0 0.0 1.0 8.0 20.0 0.0 0.0 0.0 0.0 4.0 13.0 4.0 1.0 0.0 -3.0 17.0 102.0 4.0 0.0 0.0 14.0 0.0 0.0 3.0 35.0 9.0 10.0 9.0 17.0 0.0 1.0 2.0 0.0 0.0 0.0 -4.0 27.0 0.0 0.0 0.0 0.0 0.0 2.0 6.0 20.0 0.0 0.0 0.0 75.0 38.0 2.0 4.0 2.0 0.0 4.0 3.0 42.0 0.0 1.0 0.0 13.0 0.0 0.0 0.0 5.0 0.0 0.0 -6.0 26.0 0.0 0.0 0.0 0.0 0.0 0.0 -9.0 47.0 0.0 0.0 0.0 50.0 43.0 0.0 0.0 0.0 0.0 0.0 2.0 41.0 4.0 0.0 0.0 0.0 0.0 0.0 0.0 3.0 0.0 0.0 -1.0 11.0 0.0 0.0 0.0 0.0 0.0 0.0 -2.0 28.0 
25_3_007_53
0.0 0.0 0.0 69.0 18.0 0.0 0.0 0.0 -3.0 3.0 14.0 15.0 3.0 1.0 0.0 0.0 0.0 0.0 0.0 6.0 9.0 2.0 7.0 5.0 0.0 0.0 0.0 0.0 2.0 1.0 2.0 7.0 0.0 0.0 7.0 102.0 0.0 0.0 0.0 0.0 -1.0 0.0 16.0 17.0 1.0 6.0 9.0 13.0 0.0 0.0 0.0 17.0 11.0 7.0 2.0 0.0 0.0 0.0 0.0 0.0 0.0 0.0 1.0 17.0 0.0 0.0 2.0 92.0 10.0 0.0 0.0 0.0 0.0 0.0 0.0 15.0 12.0 2.0 0.0 29.0 1.0 -8.0 22.0 28.0 0.0 0.0 0.0 0.0 0.0 0.0 0.0 0.0 0.0 0.0 -6.0 29.0 0.0 1.0 0.0 42.0 13.0 0.0 0.0 0.0 0.0 0.0 0.0 18.0 19.0 2.0 0.0 0.0 0.0 0.0 2.0 25.0 0.0 0.0 0.0 0.0 0.0 0.0 0.0 0.0 0.0 0.0 -2.0 16.0 
25_3_007_54
6.0 10.0 9.0 1.0 0.0 0.0 0.0 2.0 4.0 13.0 25.0 15.0 0.0 0.0 1.0 3.0 29.0 26.0 13.0 0.0 0.0 0.0 0.0 7.0 0.0 0.0 7.0 10.0 1.0 10.0 19.0 0.0 2.0 0.0 0.0 0.0 0.0 8.0 26.0 22.0 0.0 0.0 13.0 89.0 55.0 8.0 0.0 0.0 11.0 0.0 0.0 0.0 0.0 1.0 24.0 57.0 6.0 1.0 0.0 0.0 0.0 3.0 15.0 5.0 59.0 33.0 0.0 0.0 0.0 0.0 0.0 9.0 0.0 25.0 102.0 79.0 0.0 0.0 0.0 0.0 86.0 10.0 0.0 0.0 0.0 0.0 0.0 44.0 15.0 26.0 1.0 0.0 0.0 0.0 0.0 4.0 5.0 15.0 3.0 6.0 2.0 0.0 0.0 0.0 0.0 11.0 36.0 25.0 14.0 4.0 0.0 0.0 24.0 0.0 0.0 0.0 0.0 8.0 57.0 44.0 4.0 8.0 1.0 1.0 19.0 8.0 0.0 0.0 
25_3_007_55
0.0 0.0 0.0 0.0 7.0 5.0 0.0 0.0 0.0 4.0 1.0 0.0 0.0 0.0 0.0 0.0 2.0 11.0 0.0 0.0 0.0 0.0 0.0 0.0 0.0 8.0 3.0 0.0 0.0 0.0 0.0 0.0 0.0 0.0 0.0 0.0 30.0 18.0 0.0 0.0 0.0 0.0 13.0 33.0 32.0 6.0 0.0 0.0 0.0 51.0 7.0 0.0 0.0 0.0 0.0 0.0 8.0 33.0 1.0 0.0 0.0 0.0 0.0 0.0 0.0 0.0 2.0 2.0 0.0 0.0 0.0 0.0 0.0 0.0 36.0 102.0 0.0 0.0 0.0 0.0 1.0 6.0 5.0 11.0 0.0 0.0 0.0 0.0 5.0 9.0 0.0 0.0 0.0 0.0 0.0 0.0 0.0 0.0 10.0 13.0 0.0 0.0 0.0 0.0 0.0 0.0 46.0 52.0 0.0 0.0 0.0 0.0 0.0 0.0 1.0 5.0 1.0 0.0 0.0 0.0 1.0 0.0 0.0 0.0 0.0 0.0 0.0 0.0 
25_3_007_56
0.0 0.0 0.0 0.0 0.0 0.0 0.0 0.0 0.0 0.0 3.0 3.0 0.0 0.0 0.0 0.0 0.0 0.0 37.0 33.0 0.0 0.0 0.0 0.0 0.0 0.0 6.0 26.0 4.0 0.0 0.0 0.0 0.0 1.0 2.0 0.0 0.0 0.0 0.0 0.0 0.0 0.0 4.0 9.0 0.0 0.0 0.0 0.0 0.0 0.0 29.0 71.0 0.0 0.0 0.0 0.0 0.0 2.0 5.0 15.0 6.0 0.0 2.0 0.0 0.0 2.0 2.0 0.0 0.0 0.0 0.0 0.0 0.0 2.0 3.0 10.0 0.0 0.0 0.0 0.0 0.0 0.0 5.0 102.0 4.0 0.0 0.0 0.0 12.0 0.0 1.0 16.0 5.0 0.0 3.0 12.0 0.0 1.0 2.0 0.0 0.0 0.0 0.0 0.0 0.0 1.0 1.0 4.0 0.0 0.0 0.0 0.0 0.0 0.0 0.0 84.0 12.0 0.0 0.0 0.0 10.0 5.0 3.0 2.0 4.0 0.0 0.0 5.0 
25_3_007_57
33.0 10.0 4.0 12.0 5.0 0.0 0.0 6.0 6.0 4.0 7.0 11.0 2.0 0.0 0.0 0.0 4.0 17.0 25.0 7.0 0.0 0.0 0.0 0.0 1.0 19.0 53.0 7.0 0.0 0.0 0.0 1.0 0.0 2.0 0.0 22.0 25.0 14.0 2.0 1.0 1.0 10.0 20.0 23.0 12.0 7.0 0.0 0.0 8.0 10.0 25.0 15.0 15.0 1.0 0.0 2.0 0.0 14.0 35.0 13.0 37.0 29.0 0.0 0.0 17.0 0.0 2.0 60.0 19.0 0.0 0.0 3.0 0.0 2.0 48.0 74.0 0.0 0.0 0.0 0.0 16.0 0.0 0.0 0.0 1.0 1.0 -1.0 55.0 0.0 0.0 0.0 0.0 28.0 35.0 4.0 0.0 1.0 1.0 1.0 67.0 42.0 2.0 0.0 0.0 0.0 0.0 19.0 57.0 20.0 6.0 0.0 0.0 7.0 3.0 0.0 0.0 0.0 0.0 -20.0 102.0 0.0 0.0 0.0 0.0 0.0 6.0 3.0 10.0 
25_3_007_58
0.0 0.0 11.0 14.0 12.0 13.0 0.0 0.0 5.0 18.0 7.0 1.0 0.0 5.0 0.0 0.0 1.0 19.0 6.0 5.0 9.0 5.0 0.0 0.0 0.0 0.0 0.0 3.0 9.0 11.0 1.0 0.0 0.0 0.0 14.0 38.0 0.0 0.0 0.0 0.0 0.0 2.0 13.0 43.0 7.0 0.0 0.0 0.0 23.0 11.0 0.0 0.0 0.0 0.0 0.0 15.0 10.0 3.0 0.0 0.0 0.0 0.0 0.0 2.0 0.0 0.0 10.0 19.0 2.0 1.0 11.0 0.0 0.0 0.0 14.0 102.0 9.0 7.0 2.0 0.0 38.0 7.0 3.0 0.0 0.0 0.0 17.0 27.0 1.0 0.0 0.0 2.0 3.0 4.0 3.0 7.0 1.0 0.0 0.0 0.0 0.0 2.0 18.0 2.0 0.0 0.0 0.0 86.0 42.0 1.0 0.0 0.0 2.0 0.0 0.0 0.0 10.0 14.0 50.0 67.0 0.0 1.0 2.0 21.0 14.0 1.0 0.0 0.0 
25_3_007_59
0.0 0.0 0.0 3.0 2.0 2.0 19.0 1.0 0.0 0.0 5.0 47.0 7.0 5.0 2.0 0.0 0.0 0.0 11.0 36.0 0.0 0.0 16.0 21.0 0.0 0.0 20.0 15.0 1.0 0.0 13.0 1.0 8.0 1.0 0.0 0.0 0.0 2.0 2.0 21.0 0.0 0.0 13.0 102.0 6.0 0.0 0.0 0.0 0.0 8.0 9.0 17.0 4.0 1.0 12.0 30.0 0.0 0.0 63.0 22.0 0.0 0.0 6.0 6.0 21.0 6.0 3.0 1.0 0.0 0.0 0.0 -4.0 0.0 7.0 31.0 41.0 7.0 0.0 0.0 0.0 0.0 2.0 19.0 37.0 12.0 4.0 0.0 0.0 0.0 0.0 6.0 2.0 0.0 17.0 54.0 7.0 0.0 4.0 1.0 1.0 7.0 2.0 0.0 0.0 0.0 1.0 7.0 14.0 4.0 0.0 0.0 0.0 4.0 2.0 0.0 4.0 11.0 19.0 8.0 0.0 0.0 0.0 0.0 0.0 0.0 10.0 18.0 3.0 
25_3_007_60
0.0 5.0 4.0 4.0 6.0 15.0 18.0 1.0 0.0 0.0 0.0 0.0 0.0 17.0 49.0 10.0 0.0 0.0 0.0 0.0 4.0 5.0 10.0 1.0 0.0 0.0 0.0 2.0 11.0 9.0 8.0 7.0 0.0 0.0 0.0 0.0 0.0 21.0 102.0 6.0 1.0 0.0 6.0 33.0 22.0 30.0 16.0 1.0 0.0 0.0 0.0 7.0 9.0 4.0 2.0 0.0 20.0 0.0 0.0 2.0 5.0 0.0 0.0 24.0 10.0 30.0 0.0 0.0 0.0 0.0 4.0 3.0 1.0 15.0 12.0 7.0 2.0 2.0 4.0 4.0 0.0 0.0 0.0 14.0 11.0 11.0 0.0 0.0 13.0 0.0 0.0 13.0 3.0 0.0 0.0 9.0 2.0 1.0 0.0 0.0 0.0 12.0 18.0 2.0 0.0 0.0 1.0 1.0 0.0 0.0 11.0 3.0 0.0 0.0 6.0 19.0 3.0 0.0 0.0 0.0 2.0 0.0 1.0 14.0 1.0 0.0 0.0 2.0 
25_3_007_61
0.0 0.0 0.0 0.0 0.0 23.0 8.0 0.0 0.0 0.0 0.0 7.0 6.0 12.0 0.0 0.0 3.0 4.0 30.0 12.0 0.0 0.0 0.0 0.0 4.0 0.0 0.0 0.0 0.0 0.0 -3.0 33.0 0.0 0.0 0.0 2.0 14.0 12.0 2.0 0.0 0.0 0.0 0.0 12.0 28.0 15.0 0.0 0.0 2.0 0.0 5.0 68.0 26.0 0.0 0.0 0.0 45.0 2.0 6.0 0.0 0.0 0.0 -22.0 48.0 0.0 0.0 2.0 7.0 5.0 5.0 5.0 0.0 0.0 0.0 43.0 49.0 6.0 4.0 0.0 0.0 2.0 2.0 26.0 58.0 24.0 1.0 2.0 1.0 9.0 0.0 4.0 22.0 10.0 0.0 -20.0 76.0 0.0 0.0 0.0 2.0 1.0 0.0 3.0 12.0 0.0 0.0 13.0 102.0 7.0 0.0 0.0 0.0 0.0 0.0 0.0 2.0 28.0 4.0 16.0 54.0 0.0 0.0 0.0 42.0 48.0 0.0 -3.0 27.0 
25_3_007_62
0.0 0.0 0.0 0.0 2.0 5.0 23.0 0.0 11.0 7.0 3.0 25.0 9.0 0.0 0.0 -4.0 33.0 43.0 4.0 2.0 0.0 0.0 0.0 -17.0 102.0 0.0 0.0 0.0 0.0 0.0 -4.0 -10.0 0.0 0.0 0.0 0.0 5.0 7.0 15.0 1.0 0.0 0.0 0.0 2.0 37.0 37.0 3.0 0.0 0.0 0.0 1.0 23.0 87.0 11.0 0.0 0.0 41.0 5.0 0.0 1.0 31.0 30.0 0.0 -8.0 0.0 0.0 0.0 0.0 2.0 12.0 15.0 2.0 0.0 0.0 0.0 2.0 12.0 17.0 19.0 0.0 3.0 0.0 3.0 64.0 40.0 2.0 -2.0 6.0 7.0 0.0 0.0 0.0 16.0 54.0 -26.0 80.0 0.0 0.0 0.0 0.0 2.0 5.0 10.0 12.0 0.0 0.0 0.0 2.0 6.0 3.0 1.0 13.0 0.0 0.0 0.0 10.0 85.0 4.0 0.0 0.0 16.0 0.0 0.0 2.0 42.0 7.0 -13.0 29.0 
25_3_007_63
5.0 2.0 5.0 10.0 41.0 27.0 2.0 2.0 78.0 9.0 0.0 5.0 0.0 0.0 1.0 15.0 3.0 22.0 21.0 1.0 0.0 0.0 0.0 0.0 1.0 32.0 19.0 10.0 12.0 0.0 0.0 0.0 14.0 10.0 4.0 35.0 53.0 2.0 5.0 5.0 28.0 35.0 27.0 102.0 35.0 0.0 0.0 0.0 85.0 48.0 5.0 0.0 0.0 0.0 3.0 41.0 0.0 0.0 3.0 1.0 7.0 58.0 13.0 0.0 5.0 74.0 42.0 0.0 0.0 0.0 0.0 0.0 0.0 3.0 48.0 42.0 43.0 6.0 0.0 0.0 40.0 2.0 3.0 1.0 2.0 11.0 24.0 92.0 18.0 0.0 0.0 0.0 5.0 15.0 11.0 68.0 1.0 21.0 3.0 4.0 6.0 0.0 0.0 0.0 2.0 2.0 0.0 1.0 12.0 19.0 6.0 2.0 0.0 0.0 0.0 0.0 7.0 44.0 83.0 14.0 0.0 1.0 4.0 0.0 0.0 0.0 44.0 46.0 
25_3_007_64
0.0 0.0 0.0 5.0 9.0 5.0 -1.0 28.0 3.0 20.0 7.0 0.0 0.0 0.0 -26.0 102.0 8.0 97.0 83.0 0.0 0.0 0.0 0.0 0.0 97.0 32.0 0.0 0.0 0.0 0.0 0.0 -8.0 0.0 0.0 0.0 10.0 52.0 7.0 1.0 0.0 4.0 42.0 97.0 39.0 3.0 0.0 -3.0 9.0 7.0 23.0 42.0 1.0 4.0 9.0 -11.0 48.0 26.0 3.0 0.0 0.0 0.0 0.0 -25.0 84.0 0.0 3.0 20.0 23.0 9.0 1.0 0.0 1.0 0.0 0.0 23.0 95.0 20.0 38.0 37.0 0.0 0.0 0.0 0.0 1.0 37.0 91.0 59.0 12.0 0.0 0.0 0.0 1.0 11.0 5.0 6.0 10.0 0.0 9.0 33.0 16.0 5.0 0.0 0.0 0.0 0.0 0.0 0.0 4.0 0.0 4.0 100.0 50.0 0.0 0.0 8.0 54.0 37.0 9.0 12.0 0.0 0.0 0.0 0.0 3.0 30.0 24.0 1.0 0.0 
25_3_007_65
2.0 2.0 13.0 18.0 0.0 0.0 0.0 3.0 0.0 46.0 44.0 30.0 0.0 0.0 0.0 -3.0 36.0 15.0 3.0 1.0 0.0 0.0 -3.0 -7.0 1.0 1.0 0.0 2.0 8.0 7.0 -1.0 3.0 48.0 6.0 10.0 16.0 0.0 0.0 0.0 -16.0 -2.0 13.0 17.0 87.0 10.0 0.0 1.0 0.0 15.0 0.0 0.0 0.0 0.0 4.0 5.0 49.0 0.0 0.0 0.0 0.0 1.0 34.0 10.0 7.0 29.0 7.0 0.0 0.0 1.0 11.0 6.0 -12.0 0.0 0.0 3.0 22.0 67.0 26.0 0.0 0.0 0.0 0.0 0.0 0.0 9.0 9.0 28.0 102.0 0.0 0.0 0.0 4.0 24.0 20.0 6.0 17.0 0.0 0.0 0.0 0.0 4.0 18.0 0.0 15.0 0.0 0.0 0.0 3.0 13.0 8.0 3.0 0.0 0.0 0.0 0.0 18.0 31.0 1.0 -9.0 35.0 31.0 10.0 6.0 3.0 0.0 0.0 -20.0 41.0 
25_3_007_66
0.0 2.0 9.0 0.0 0.0 5.0 8.0 0.0 0.0 0.0 5.0 28.0 7.0 2.0 2.0 0.0 0.0 3.0 0.0 0.0 0.0 0.0 3.0 57.0 0.0 0.0 0.0 0.0 0.0 0.0 -4.0 48.0 0.0 0.0 0.0 0.0 0.0 4.0 25.0 14.0 0.0 0.0 4.0 95.0 34.0 21.0 26.0 4.0 0.0 0.0 0.0 0.0 1.0 4.0 45.0 76.0 0.0 0.0 0.0 2.0 8.0 2.0 -9.0 30.0 0.0 0.0 0.0 0.0 0.0 1.0 21.0 54.0 0.0 0.0 56.0 102.0 3.0 0.0 7.0 16.0 0.0 0.0 0.0 2.0 5.0 2.0 71.0 67.0 0.0 0.0 0.0 3.0 28.0 9.0 0.0 0.0 16.0 14.0 13.0 10.0 0.0 0.0 -3.0 8.0 0.0 12.0 65.0 10.0 0.0 0.0 19.0 65.0 0.0 0.0 2.0 3.0 2.0 0.0 17.0 44.0 0.0 1.0 3.0 3.0 2.0 0.0 0.0 0.0 
25_3_007_67
0.0 0.0 4.0 1.0 0.0 0.0 3.0 0.0 0.0 0.0 0.0 0.0 1.0 9.0 13.0 1.0 0.0 0.0 56.0 27.0 4.0 1.0 0.0 0.0 0.0 6.0 82.0 7.0 1.0 1.0 2.0 0.0 0.0 0.0 0.0 0.0 0.0 1.0 9.0 2.0 1.0 1.0 14.0 9.0 0.0 0.0 1.0 4.0 0.0 0.0 42.0 102.0 9.0 0.0 0.0 0.0 1.0 2.0 0.0 3.0 5.0 19.0 29.0 2.0 0.0 0.0 1.0 0.0 0.0 0.0 3.0 1.0 0.0 0.0 14.0 21.0 0.0 0.0 0.0 0.0 0.0 0.0 14.0 76.0 14.0 0.0 0.0 0.0 0.0 5.0 19.0 15.0 4.0 2.0 0.0 0.0 4.0 22.0 10.0 0.0 0.0 0.0 0.0 0.0 2.0 18.0 20.0 1.0 0.0 0.0 0.0 1.0 0.0 0.0 1.0 28.0 42.0 9.0 1.0 0.0 0.0 0.0 0.0 3.0 16.0 15.0 9.0 0.0 
25_3_007_68
0.0 0.0 11.0 2.0 0.0 0.0 0.0 0.0 0.0 0.0 26.0 18.0 0.0 0.0 0.0 0.0 0.0 0.0 24.0 68.0 0.0 0.0 0.0 0.0 0.0 0.0 2.0 4.0 0.0 0.0 0.0 0.0 0.0 1.0 34.0 6.0 0.0 0.0 0.0 0.0 0.0 3.0 26.0 2.0 1.0 0.0 0.0 3.0 0.0 0.0 14.0 102.0 0.0 0.0 0.0 0.0 0.0 0.0 1.0 2.0 0.0 0.0 0.0 0.0 0.0 2.0 34.0 3.0 0.0 0.0 5.0 1.0 0.0 0.0 20.0 22.0 1.0 4.0 18.0 1.0 0.0 0.0 44.0 53.0 0.0 0.0 0.0 0.0 0.0 0.0 0.0 2.0 0.0 0.0 0.0 0.0 0.0 1.0 8.0 0.0 0.0 0.0 21.0 12.0 0.0 0.0 90.0 23.0 0.0 0.0 2.0 0.0 0.0 0.0 11.0 8.0 0.0 0.0 0.0 0.0 0.0 0.0 0.0 0.0 0.0 0.0 0.0 0.0 
25_3_007_69
11.0 0.0 0.0 0.0 0.0 2.0 8.0 18.0 0.0 0.0 0.0 6.0 26.0 13.0 1.0 0.0 0.0 0.0 3.0 69.0 4.0 0.0 0.0 0.0 27.0 0.0 8.0 7.0 0.0 0.0 0.0 42.0 7.0 27.0 3.0 0.0 0.0 9.0 8.0 14.0 8.0 52.0 14.0 22.0 5.0 0.0 0.0 1.0 0.0 0.0 24.0 102.0 1.0 0.0 0.0 0.0 5.0 0.0 5.0 3.0 2.0 7.0 4.0 23.0 3.0 56.0 4.0 1.0 6.0 2.0 0.0 0.0 15.0 64.0 18.0 1.0 0.0 0.0 0.0 0.0 14.0 10.0 10.0 31.0 14.0 0.0 0.0 7.0 0.0 0.0 3.0 42.0 4.0 2.0 5.0 1.0 7.0 73.0 30.0 5.0 1.0 0.0 0.0 0.0 15.0 42.0 11.0 0.0 0.0 0.0 6.0 20.0 7.0 1.0 1.0 16.0 2.0 0.0 1.0 37.0 0.0 2.0 24.0 42.0 0.0 0.0 0.0 0.0 
25_3_007_70
0.0 68.0 81.0 0.0 3.0 2.0 0.0 0.0 7.0 9.0 14.0 0.0 2.0 10.0 7.0 6.0 2.0 2.0 0.0 1.0 3.0 20.0 11.0 1.0 0.0 0.0 0.0 0.0 21.0 29.0 4.0 0.0 0.0 0.0 0.0 0.0 2.0 61.0 12.0 0.0 0.0 0.0 0.0 0.0 3.0 102.0 21.0 0.0 0.0 6.0 19.0 22.0 5.0 18.0 17.0 0.0 0.0 38.0 38.0 1.0 0.0 0.0 0.0 1.0 0.0 0.0 0.0 0.0 0.0 16.0 32.0 9.0 0.0 0.0 0.0 29.0 21.0 33.0 17.0 3.0 0.0 0.0 1.0 79.0 29.0 4.0 0.0 0.0 0.0 3.0 2.0 48.0 47.0 0.0 0.0 0.0 5.0 3.0 2.0 0.0 0.0 0.0 3.0 7.0 13.0 28.0 17.0 9.0 0.0 0.0 0.0 3.0 0.0 0.0 0.0 62.0 29.0 0.0 0.0 0.0 0.0 0.0 0.0 15.0 44.0 4.0 15.0 8.0 
25_3_007_71
2.0 0.0 0.0 0.0 0.0 0.0 6.0 30.0 8.0 9.0 13.0 1.0 0.0 0.0 0.0 1.0 3.0 9.0 28.0 6.0 0.0 0.0 1.0 5.0 7.0 11.0 12.0 1.0 0.0 0.0 4.0 11.0 0.0 0.0 0.0 0.0 4.0 5.0 19.0 3.0 0.0 4.0 3.0 1.0 1.0 21.0 26.0 2.0 4.0 6.0 8.0 34.0 50.0 2.0 1.0 1.0 11.0 6.0 0.0 0.0 0.0 1.0 15.0 22.0 0.0 24.0 15.0 2.0 4.0 2.0 0.0 0.0 40.0 10.0 0.0 0.0 0.0 0.0 7.0 27.0 0.0 7.0 35.0 102.0 0.0 0.0 0.0 0.0 22.0 1.0 0.0 0.0 0.0 0.0 3.0 58.0 2.0 23.0 9.0 1.0 0.0 0.0 0.0 0.0 28.0 50.0 2.0 1.0 0.0 0.0 0.0 0.0 4.0 23.0 71.0 17.0 4.0 1.0 1.0 0.0 44.0 2.0 0.0 0.0 0.0 0.0 6.0 36.0 
25_3_007_72
3.0 0.0 0.0 0.0 0.0 5.0 27.0 12.0 11.0 16.0 10.0 1.0 0.0 0.0 0.0 8.0 8.0 41.0 10.0 0.0 1.0 0.0 2.0 1.0 26.0 6.0 0.0 0.0 0.0 1.0 8.0 15.0 1.0 2.0 0.0 1.0 1.0 25.0 18.0 0.0 1.0 20.0 36.0 24.0 24.0 8.0 0.0 0.0 55.0 11.0 3.0 0.0 0.0 0.0 29.0 17.0 5.0 22.0 36.0 0.0 0.0 0.0 16.0 3.0 17.0 9.0 15.0 0.0 0.0 3.0 13.0 46.0 2.0 3.0 102.0 87.0 6.0 0.0 1.0 8.0 12.0 1.0 0.0 0.0 0.0 14.0 49.0 29.0 0.0 11.0 12.0 3.0 5.0 33.0 2.0 0.0 26.0 71.0 47.0 1.0 0.0 0.0 0.0 1.0 16.0 15.0 40.0 2.0 0.0 0.0 22.0 73.0 6.0 1.0 1.0 0.0 0.0 5.0 19.0 19.0 2.0 0.0 9.0 8.0 1.0 6.0 7.0 8.0 
25_3_007_73
2.0 0.0 0.0 0.0 0.0 0.0 -1.0 2.0 0.0 0.0 0.0 51.0 38.0 0.0 0.0 0.0 0.0 0.0 9.0 28.0 6.0 0.0 0.0 0.0 0.0 0.0 2.0 4.0 0.0 0.0 0.0 1.0 2.0 1.0 0.0 0.0 0.0 0.0 0.0 0.0 2.0 0.0 0.0 26.0 25.0 0.0 0.0 0.0 0.0 0.0 3.0 96.0 22.0 0.0 0.0 0.0 0.0 0.0 0.0 0.0 0.0 1.0 3.0 2.0 10.0 1.0 0.0 0.0 0.0 0.0 0.0 -4.0 5.0 0.0 13.0 18.0 0.0 0.0 0.0 -1.0 0.0 0.0 28.0 102.0 0.0 0.0 0.0 1.0 0.0 0.0 0.0 0.0 0.0 0.0 2.0 3.0 77.0 0.0 0.0 0.0 0.0 0.0 0.0 -35.0 -24.0 74.0 21.0 16.0 0.0 0.0 0.0 0.0 -2.0 0.0 42.0 37.0 0.0 0.0 -2.0 6.0 0.0 0.0 0.0 0.0 0.0 0.0 0.0 10.0 
25_3_007_74
0.0 0.0 2.0 0.0 0.0 5.0 4.0 1.0 0.0 0.0 20.0 33.0 10.0 0.0 0.0 0.0 4.0 4.0 11.0 6.0 0.0 0.0 1.0 25.0 19.0 2.0 2.0 0.0 0.0 0.0 -10.0 28.0 0.0 0.0 0.0 5.0 4.0 6.0 19.0 1.0 0.0 0.0 21.0 102.0 3.0 0.0 0.0 0.0 0.0 0.0 3.0 7.0 2.0 2.0 37.0 33.0 7.0 2.0 32.0 25.0 0.0 0.0 -4.0 9.0 0.0 1.0 2.0 15.0 7.0 0.0 0.0 19.0 0.0 0.0 10.0 102.0 7.0 0.0 0.0 0.0 3.0 7.0 51.0 10.0 0.0 0.0 15.0 26.0 0.0 1.0 23.0 15.0 0.0 0.0 21.0 25.0 14.0 9.0 14.0 2.0 0.0 0.0 0.0 -2.0 0.0 0.0 7.0 38.0 14.0 0.0 0.0 0.0 0.0 1.0 23.0 22.0 4.0 7.0 11.0 0.0 0.0 0.0 0.0 0.0 0.0 8.0 44.0 21.0 
25_3_007_75
0.0 0.0 8.0 3.0 1.0 4.0 5.0 0.0 0.0 0.0 12.0 25.0 2.0 4.0 4.0 0.0 6.0 3.0 17.0 9.0 0.0 0.0 3.0 13.0 2.0 1.0 0.0 0.0 0.0 0.0 0.0 3.0 0.0 0.0 0.0 0.0 0.0 9.0 11.0 2.0 0.0 0.0 29.0 102.0 2.0 0.0 0.0 0.0 12.0 2.0 10.0 2.0 5.0 21.0 51.0 20.0 1.0 0.0 0.0 0.0 4.0 3.0 5.0 12.0 4.0 1.0 0.0 0.0 0.0 0.0 1.0 3.0 0.0 0.0 6.0 101.0 7.0 1.0 0.0 0.0 0.0 0.0 0.0 16.0 12.0 3.0 45.0 73.0 2.0 1.0 1.0 24.0 6.0 0.0 0.0 3.0 11.0 3.0 4.0 1.0 0.0 0.0 0.0 2.0 5.0 0.0 26.0 57.0 0.0 0.0 0.0 12.0 2.0 1.0 11.0 21.0 0.0 0.0 5.0 79.0 0.0 0.0 6.0 18.0 0.0 0.0 0.0 1.0 
25_3_007_76
0.0 0.0 0.0 0.0 0.0 1.0 4.0 26.0 0.0 0.0 0.0 34.0 28.0 0.0 1.0 10.0 0.0 0.0 0.0 0.0 1.0 0.0 -5.0 51.0 0.0 0.0 0.0 2.0 1.0 2.0 0.0 0.0 0.0 0.0 0.0 0.0 1.0 0.0 -13.0 51.0 6.0 0.0 3.0 69.0 8.0 0.0 -2.0 4.0 0.0 0.0 0.0 0.0 0.0 0.0 -27.0 102.0 0.0 0.0 2.0 1.0 3.0 1.0 0.0 0.0 4.0 0.0 0.0 4.0 2.0 0.0 -3.0 6.0 12.0 7.0 29.0 30.0 4.0 2.0 0.0 -4.0 0.0 0.0 0.0 0.0 0.0 0.0 -6.0 91.0 3.0 2.0 12.0 0.0 0.0 0.0 0.0 -1.0 3.0 1.0 0.0 1.0 1.0 0.0 0.0 -1.0 0.0 0.0 0.0 9.0 14.0 3.0 0.0 0.0 0.0 0.0 0.0 0.0 0.0 0.0 3.0 33.0 0.0 0.0 4.0 0.0 0.0 0.0 1.0 3.0 
25_3_007_77
0.0 0.0 0.0 0.0 0.0 29.0 23.0 0.0 0.0 0.0 2.0 8.0 7.0 29.0 14.0 0.0 0.0 0.0 12.0 15.0 3.0 1.0 5.0 1.0 0.0 0.0 3.0 15.0 3.0 7.0 8.0 0.0 0.0 0.0 0.0 0.0 0.0 6.0 24.0 6.0 0.0 0.0 17.0 81.0 6.0 3.0 2.0 0.0 2.0 0.0 7.0 6.0 0.0 0.0 14.0 25.0 0.0 0.0 10.0 56.0 4.0 0.0 1.0 0.0 32.0 26.0 0.0 0.0 0.0 1.0 1.0 -8.0 0.0 14.0 25.0 85.0 0.0 0.0 0.0 0.0 7.0 0.0 0.0 0.0 0.0 0.0 -11.0 43.0 3.0 3.0 14.0 56.0 2.0 0.0 0.0 -1.0 102.0 6.0 0.0 0.0 0.0 0.0 -4.0 -24.0 31.0 19.0 30.0 3.0 0.0 0.0 0.0 -12.0 50.0 1.0 1.0 0.0 0.0 0.0 -4.0 2.0 0.0 1.0 24.0 34.0 0.0 0.0 0.0 0.0 
25_3_007_78
0.0 0.0 0.0 1.0 6.0 16.0 11.0 0.0 0.0 0.0 0.0 8.0 12.0 12.0 0.0 0.0 33.0 0.0 0.0 0.0 1.0 1.0 4.0 27.0 5.0 0.0 8.0 9.0 1.0 3.0 19.0 9.0 0.0 0.0 2.0 12.0 2.0 1.0 3.0 0.0 0.0 0.0 7.0 1.0 0.0 10.0 44.0 15.0 3.0 -3.0 18.0 35.0 31.0 8.0 -4.0 21.0 0.0 0.0 0.0 0.0 0.0 0.0 62.0 102.0 0.0 -6.0 28.0 10.0 1.0 1.0 0.0 0.0 0.0 -2.0 9.0 3.0 0.0 0.0 39.0 63.0 0.0 0.0 14.0 91.0 8.0 1.0 51.0 23.0 0.0 0.0 0.0 0.0 0.0 0.0 90.0 82.0 0.0 -9.0 33.0 0.0 0.0 0.0 6.0 11.0 -15.0 47.0 6.0 0.0 1.0 7.0 10.0 26.0 -1.0 2.0 1.0 3.0 0.0 6.0 59.0 38.0 0.0 0.0 0.0 0.0 0.0 1.0 50.0 35.0 
25_3_007_79
0.0 0.0 15.0 67.0 0.0 0.0 0.0 0.0 1.0 4.0 8.0 3.0 0.0 1.0 14.0 6.0 0.0 0.0 0.0 26.0 12.0 0.0 0.0 7.0 2.0 0.0 0.0 0.0 0.0 0.0 2.0 13.0 0.0 0.0 3.0 102.0 1.0 0.0 0.0 0.0 27.0 3.0 7.0 15.0 0.0 0.0 1.0 42.0 1.0 0.0 0.0 60.0 5.0 0.0 0.0 5.0 4.0 1.0 3.0 1.0 0.0 0.0 0.0 6.0 0.0 0.0 5.0 98.0 6.0 0.0 0.0 0.0 22.0 3.0 0.0 23.0 11.0 1.0 0.0 25.0 2.0 18.0 14.0 17.0 0.0 0.0 0.0 1.0 2.0 1.0 3.0 0.0 0.0 0.0 0.0 3.0 0.0 0.0 11.0 66.0 0.0 0.0 0.0 0.0 0.0 0.0 0.0 6.0 14.0 13.0 1.0 1.0 2.0 5.0 7.0 7.0 6.0 3.0 0.0 1.0 3.0 10.0 10.0 2.0 0.0 0.0 0.0 0.0 
25_3_007_80
38.0 0.0 0.0 0.0 0.0 0.0 -2.0 -3.0 9.0 10.0 0.0 0.0 0.0 0.0 0.0 -2.0 -9.0 41.0 0.0 0.0 0.0 0.0 0.0 -1.0 -35.0 102.0 0.0 0.0 0.0 0.0 0.0 0.0 8.0 0.0 0.0 0.0 0.0 4.0 11.0 35.0 0.0 31.0 14.0 8.0 3.0 3.0 -1.0 1.0 -22.0 96.0 5.0 0.0 0.0 0.0 0.0 -5.0 -2.0 1.0 25.0 4.0 6.0 0.0 0.0 0.0 3.0 0.0 0.0 0.0 0.0 0.0 -5.0 42.0 1.0 2.0 7.0 72.0 1.0 0.0 0.0 0.0 0.0 9.0 19.0 3.0 1.0 0.0 0.0 -1.0 37.0 11.0 1.0 2.0 0.0 0.0 0.0 -14.0 0.0 0.0 0.0 0.0 0.0 0.0 -2.0 21.0 1.0 0.0 7.0 35.0 4.0 0.0 0.0 0.0 0.0 0.0 0.0 1.0 18.0 14.0 4.0 0.0 0.0 0.0 0.0 0.0 13.0 23.0 2.0 0.0 
25_3_007_81
0.0 0.0 5.0 1.0 0.0 0.0 0.0 0.0 0.0 0.0 58.0 18.0 0.0 0.0 0.0 0.0 1.0 4.0 4.0 2.0 0.0 0.0 4.0 10.0 0.0 3.0 25.0 3.0 0.0 0.0 0.0 0.0 0.0 0.0 8.0 27.0 1.0 0.0 0.0 0.0 1.0 1.0 17.0 35.0 8.0 0.0 0.0 1.0 0.0 20.0 32.0 0.0 0.0 0.0 0.0 1.0 2.0 9.0 11.0 0.0 0.0 0.0 3.0 6.0 0.0 0.0 0.0 4.0 7.0 0.0 0.0 0.0 0.0 0.0 11.0 67.0 46.0 4.0 0.0 0.0 2.0 7.0 16.0 14.0 0.0 0.0 0.0 3.0 0.0 0.0 0.0 0.0 0.0 0.0 29.0 12.0 0.0 0.0 0.0 0.0 0.0 0.0 0.0 0.0 0.0 0.0 11.0 102.0 0.0 0.0 0.0 0.0 0.0 0.0 1.0 6.0 0.0 0.0 21.0 14.0 0.0 0.0 0.0 0.0 0.0 1.0 14.0 8.0 
25_3_007_82
0.0 0.0 0.0 2.0 1.0 87.0 78.0 0.0 0.0 0.0 0.0 3.0 57.0 77.0 33.0 0.0 7.0 0.0 0.0 1.0 8.0 13.0 26.0 64.0 50.0 0.0 0.0 0.0 0.0 0.0 0.0 18.0 0.0 0.0 2.0 6.0 9.0 66.0 11.0 0.0 0.0 0.0 14.0 102.0 29.0 13.0 0.0 0.0 0.0 0.0 0.0 11.0 0.0 3.0 40.0 49.0 9.0 10.0 12.0 0.0 0.0 0.0 0.0 8.0 0.0 8.0 37.0 12.0 0.0 2.0 4.0 0.0 0.0 0.0 15.0 35.0 42.0 51.0 6.0 0.0 0.0 0.0 15.0 19.0 10.0 16.0 17.0 6.0 9.0 4.0 17.0 1.0 0.0 0.0 0.0 16.0 0.0 0.0 1.0 0.0 0.0 60.0 80.0 0.0 0.0 0.0 0.0 53.0 71.0 40.0 6.0 0.0 0.0 0.0 26.0 94.0 18.0 0.0 0.0 0.0 12.0 7.0 14.0 12.0 1.0 0.0 0.0 8.0 
25_3_007_83
0.0 0.0 0.0 0.0 0.0 8.0 17.0 1.0 0.0 20.0 26.0 0.0 0.0 0.0 4.0 6.0 1.0 27.0 102.0 1.0 0.0 0.0 -2.0 4.0 68.0 2.0 0.0 0.0 0.0 0.0 -11.0 2.0 14.0 3.0 10.0 3.0 0.0 0.0 -1.0 -2.0 0.0 3.0 57.0 15.0 3.0 7.0 4.0 0.0 3.0 0.0 14.0 49.0 27.0 4.0 0.0 -1.0 43.0 9.0 9.0 2.0 0.0 0.0 -15.0 24.0 0.0 0.0 9.0 17.0 1.0 0.0 0.0 0.0 0.0 0.0 3.0 11.0 1.0 2.0 6.0 3.0 0.0 0.0 4.0 45.0 48.0 14.0 0.0 0.0 0.0 0.0 0.0 14.0 41.0 0.0 -14.0 45.0 0.0 0.0 0.0 16.0 17.0 2.0 0.0 0.0 3.0 1.0 0.0 5.0 0.0 0.0 3.0 10.0 0.0 0.0 0.0 1.0 31.0 12.0 17.0 7.0 2.0 0.0 0.0 31.0 78.0 0.0 0.0 -1.0 
25_3_007_84
0.0 13.0 64.0 39.0 0.0 0.0 0.0 0.0 3.0 14.0 21.0 40.0 0.0 0.0 0.0 0.0 0.0 0.0 2.0 18.0 0.0 0.0 12.0 21.0 0.0 0.0 0.0 0.0 0.0 1.0 16.0 9.0 2.0 2.0 32.0 57.0 0.0 0.0 3.0 8.0 0.0 0.0 4.0 76.0 8.0 7.0 39.0 14.0 0.0 0.0 0.0 6.0 3.0 0.0 11.0 39.0 10.0 5.0 0.0 0.0 0.0 0.0 12.0 15.0 10.0 5.0 36.0 65.0 0.0 0.0 0.0 61.0 10.0 3.0 16.0 102.0 0.0 0.0 0.0 48.0 7.0 1.0 0.0 1.0 0.0 0.0 1.0 24.0 6.0 9.0 7.0 1.0 0.0 0.0 21.0 15.0 3.0 0.0 1.0 43.0 14.0 2.0 3.0 14.0 22.0 29.0 16.0 9.0 0.0 0.0 0.0 4.0 4.0 2.0 1.0 0.0 0.0 0.0 1.0 9.0 32.0 13.0 6.0 0.0 0.0 0.0 3.0 22.0 
25_3_007_85
0.0 0.0 102.0 38.0 0.0 0.0 0.0 0.0 0.0 4.0 33.0 61.0 2.0 0.0 0.0 0.0 0.0 0.0 5.0 26.0 0.0 0.0 18.0 9.0 0.0 0.0 0.0 0.0 0.0 0.0 11.0 25.0 0.0 29.0 72.0 26.0 0.0 0.0 0.0 0.0 5.0 13.0 31.0 62.0 2.0 0.0 6.0 0.0 1.0 0.0 0.0 7.0 0.0 0.0 25.0 26.0 0.0 0.0 0.0 0.0 0.0 2.0 30.0 12.0 6.0 5.0 20.0 24.0 0.0 0.0 22.0 40.0 0.0 0.0 15.0 100.0 14.0 7.0 14.0 0.0 2.0 0.0 0.0 0.0 0.0 0.0 20.0 42.0 13.0 11.0 0.0 0.0 0.0 0.0 16.0 15.0 18.0 2.0 15.0 20.0 0.0 0.0 2.0 90.0 1.0 2.0 29.0 70.0 0.0 0.0 0.0 1.0 4.0 2.0 5.0 0.0 0.0 0.0 1.0 19.0 7.0 5.0 1.0 0.0 0.0 0.0 44.0 15.0 
25_3_007_86
0.0 0.0 0.0 0.0 0.0 0.0 0.0 0.0 0.0 0.0 4.0 76.0 4.0 0.0 0.0 0.0 5.0 3.0 1.0 0.0 0.0 5.0 1.0 8.0 0.0 0.0 13.0 26.0 1.0 1.0 0.0 0.0 0.0 0.0 0.0 0.0 0.0 0.0 0.0 0.0 0.0 0.0 9.0 102.0 3.0 0.0 0.0 0.0 6.0 3.0 11.0 9.0 0.0 0.0 -1.0 14.0 1.0 3.0 37.0 19.0 0.0 0.0 0.0 0.0 0.0 1.0 0.0 0.0 0.0 0.0 0.0 0.0 0.0 0.0 2.0 82.0 29.0 0.0 0.0 0.0 0.0 1.0 14.0 11.0 27.0 11.0 0.0 1.0 0.0 1.0 13.0 20.0 2.0 0.0 0.0 0.0 0.0 1.0 0.0 0.0 0.0 0.0 0.0 0.0 0.0 0.0 0.0 2.0 20.0 1.0 0.0 0.0 0.0 0.0 0.0 9.0 47.0 36.0 0.0 0.0 2.0 0.0 2.0 45.0 39.0 0.0 0.0 2.0 
25_3_007_87
0.0 0.0 10.0 55.0 1.0 3.0 25.0 18.0 0.0 0.0 0.0 2.0 17.0 28.0 39.0 18.0 0.0 0.0 0.0 4.0 6.0 1.0 0.0 8.0 9.0 1.0 2.0 4.0 0.0 0.0 0.0 13.0 0.0 0.0 2.0 45.0 5.0 0.0 24.0 73.0 0.0 0.0 3.0 75.0 15.0 2.0 10.0 33.0 4.0 1.0 12.0 13.0 0.0 0.0 0.0 2.0 4.0 0.0 6.0 8.0 0.0 0.0 0.0 40.0 9.0 1.0 14.0 26.0 0.0 0.0 0.0 102.0 8.0 1.0 31.0 70.0 0.0 0.0 0.0 22.0 0.0 0.0 5.0 19.0 0.0 0.0 0.0 2.0 1.0 0.0 0.0 9.0 0.0 0.0 1.0 46.0 24.0 0.0 0.0 28.0 3.0 0.0 0.0 34.0 13.0 15.0 24.0 2.0 0.0 0.0 0.0 1.0 0.0 4.0 16.0 3.0 0.0 0.0 0.0 0.0 2.0 0.0 1.0 1.0 0.0 0.0 4.0 21.0 
25_3_007_88
2.0 0.0 0.0 2.0 10.0 2.0 3.0 20.0 0.0 0.0 3.0 42.0 20.0 0.0 0.0 0.0 11.0 8.0 34.0 25.0 0.0 0.0 0.0 0.0 27.0 17.0 0.0 0.0 0.0 0.0 0.0 7.0 17.0 4.0 1.0 0.0 3.0 1.0 1.0 53.0 0.0 2.0 26.0 102.0 15.0 0.0 0.0 0.0 1.0 0.0 6.0 36.0 23.0 8.0 0.0 0.0 5.0 20.0 2.0 3.0 6.0 7.0 10.0 0.0 0.0 1.0 2.0 0.0 12.0 16.0 21.0 5.0 0.0 0.0 7.0 19.0 56.0 29.0 0.0 0.0 0.0 0.0 0.0 21.0 68.0 38.0 0.0 0.0 2.0 6.0 3.0 4.0 7.0 11.0 11.0 1.0 0.0 0.0 0.0 0.0 1.0 9.0 7.0 0.0 0.0 0.0 0.0 0.0 16.0 22.0 1.0 0.0 0.0 0.0 0.0 40.0 78.0 1.0 0.0 0.0 0.0 8.0 9.0 23.0 50.0 8.0 0.0 0.0 
25_3_007_89
0.0 0.0 0.0 10.0 32.0 5.0 0.0 0.0 5.0 1.0 1.0 25.0 75.0 1.0 0.0 0.0 24.0 9.0 14.0 51.0 3.0 1.0 1.0 1.0 0.0 0.0 2.0 53.0 5.0 0.0 0.0 0.0 0.0 0.0 2.0 2.0 4.0 9.0 0.0 0.0 0.0 0.0 8.0 102.0 22.0 0.0 0.0 0.0 0.0 0.0 0.0 65.0 19.0 8.0 3.0 1.0 0.0 0.0 4.0 80.0 1.0 0.0 0.0 0.0 0.0 2.0 16.0 7.0 0.0 0.0 0.0 0.0 0.0 0.0 31.0 83.0 0.0 0.0 0.0 0.0 7.0 0.0 7.0 66.0 3.0 0.0 0.0 1.0 0.0 0.0 0.0 89.0 7.0 0.0 0.0 0.0 0.0 0.0 20.0 16.0 0.0 0.0 0.0 0.0 0.0 0.0 20.0 41.0 3.0 0.0 0.0 0.0 0.0 0.0 0.0 30.0 10.0 6.0 4.0 2.0 0.0 0.0 0.0 86.0 4.0 0.0 0.0 0.0 
25_3_007_90
0.0 1.0 0.0 0.0 0.0 0.0 0.0 0.0 0.0 0.0 4.0 64.0 0.0 0.0 0.0 0.0 0.0 0.0 0.0 24.0 16.0 0.0 0.0 3.0 5.0 8.0 4.0 0.0 1.0 0.0 0.0 1.0 0.0 1.0 0.0 0.0 0.0 0.0 0.0 0.0 0.0 0.0 19.0 92.0 0.0 0.0 0.0 0.0 3.0 3.0 4.0 3.0 2.0 8.0 2.0 6.0 0.0 0.0 14.0 15.0 8.0 6.0 0.0 0.0 0.0 0.0 0.0 0.0 0.0 0.0 0.0 0.0 0.0 0.0 26.0 102.0 0.0 0.0 0.0 0.0 6.0 4.0 9.0 0.0 0.0 0.0 0.0 18.0 1.0 2.0 41.0 19.0 0.0 0.0 0.0 0.0 0.0 0.0 1.0 1.0 0.0 0.0 0.0 0.0 0.0 0.0 10.0 74.0 14.0 0.0 0.0 0.0 2.0 2.0 25.0 5.0 4.0 0.0 0.0 3.0 2.0 2.0 13.0 13.0 0.0 0.0 0.0 3.0 
25_3_007_91
35.0 7.0 0.0 0.0 0.0 0.0 0.0 21.0 4.0 10.0 3.0 0.0 0.0 0.0 0.0 0.0 0.0 0.0 28.0 55.0 3.0 0.0 0.0 0.0 0.0 0.0 3.0 4.0 2.0 1.0 18.0 18.0 102.0 18.0 0.0 0.0 0.0 14.0 7.0 10.0 60.0 9.0 5.0 0.0 0.0 0.0 0.0 17.0 0.0 2.0 21.0 36.0 8.0 0.0 0.0 0.0 0.0 0.0 0.0 0.0 1.0 10.0 75.0 17.0 0.0 0.0 0.0 0.0 2.0 39.0 31.0 5.0 3.0 0.0 0.0 0.0 0.0 18.0 41.0 23.0 0.0 0.0 0.0 9.0 18.0 25.0 14.0 0.0 5.0 1.0 0.0 0.0 0.0 0.0 38.0 40.0 0.0 0.0 0.0 0.0 10.0 52.0 25.0 0.0 0.0 0.0 0.0 0.0 0.0 9.0 27.0 1.0 0.0 0.0 0.0 4.0 8.0 8.0 0.0 0.0 11.0 9.0 0.0 0.0 3.0 8.0 1.0 1.0 
25_3_007_92
0.0 0.0 10.0 9.0 23.0 4.0 4.0 1.0 6.0 5.0 11.0 9.0 10.0 0.0 0.0 4.0 7.0 12.0 1.0 0.0 0.0 0.0 0.0 7.0 25.0 10.0 6.0 0.0 0.0 0.0 1.0 14.0 0.0 32.0 102.0 2.0 0.0 0.0 0.0 0.0 23.0 26.0 20.0 0.0 1.0 3.0 16.0 24.0 4.0 47.0 25.0 5.0 1.0 0.0 0.0 1.0 4.0 50.0 33.0 0.0 0.0 0.0 0.0 0.0 8.0 23.0 25.0 4.0 0.0 0.0 9.0 35.0 0.0 0.0 0.0 0.0 0.0 12.0 44.0 18.0 0.0 9.0 24.0 80.0 53.0 3.0 1.0 0.0 37.0 69.0 10.0 7.0 3.0 0.0 0.0 0.0 0.0 0.0 0.0 0.0 1.0 0.0 74.0 31.0 0.0 0.0 0.0 1.0 9.0 12.0 20.0 1.0 0.0 0.0 5.0 33.0 41.0 4.0 1.0 0.0 4.0 4.0 2.0 42.0 94.0 1.0 0.0 0.0 
25_3_007_93
0.0 2.0 2.0 0.0 0.0 0.0 0.0 0.0 0.0 4.0 3.0 0.0 0.0 0.0 0.0 0.0 0.0 0.0 18.0 81.0 0.0 0.0 0.0 0.0 0.0 0.0 4.0 3.0 0.0 0.0 0.0 0.0 0.0 2.0 1.0 0.0 0.0 0.0 0.0 0.0 0.0 0.0 3.0 9.0 0.0 0.0 0.0 0.0 0.0 0.0 20.0 102.0 0.0 0.0 0.0 0.0 0.0 0.0 2.0 2.0 0.0 0.0 0.0 0.0 0.0 2.0 1.0 0.0 0.0 0.0 0.0 0.0 1.0 0.0 4.0 15.0 0.0 0.0 0.0 0.0 0.0 0.0 12.0 101.0 0.0 0.0 0.0 0.0 0.0 0.0 1.0 2.0 0.0 0.0 0.0 0.0 0.0 3.0 1.0 0.0 0.0 0.0 0.0 0.0 0.0 2.0 6.0 10.0 0.0 0.0 0.0 0.0 0.0 0.0 6.0 76.0 0.0 0.0 0.0 0.0 0.0 0.0 0.0 1.0 0.0 0.0 0.0 0.0 
25_3_007_94
0.0 0.0 0.0 0.0 0.0 0.0 0.0 0.0 0.0 0.0 12.0 53.0 0.0 0.0 0.0 0.0 0.0 0.0 7.0 26.0 0.0 0.0 0.0 0.0 0.0 0.0 0.0 0.0 0.0 0.0 0.0 0.0 0.0 0.0 0.0 0.0 0.0 0.0 0.0 0.0 0.0 0.0 14.0 89.0 0.0 0.0 0.0 0.0 0.0 0.0 3.0 20.0 0.0 0.0 0.0 0.0 0.0 0.0 0.0 0.0 0.0 0.0 0.0 0.0 0.0 0.0 0.0 0.0 0.0 0.0 0.0 0.0 0.0 0.0 2.0 102.0 1.0 0.0 0.0 0.0 0.0 0.0 0.0 13.0 0.0 0.0 0.0 0.0 0.0 0.0 0.0 0.0 0.0 0.0 0.0 0.0 0.0 0.0 0.0 0.0 0.0 0.0 0.0 0.0 0.0 0.0 0.0 76.0 7.0 0.0 0.0 0.0 0.0 0.0 0.0 11.0 2.0 0.0 0.0 0.0 0.0 0.0 0.0 0.0 0.0 0.0 0.0 0.0 
25_3_007_95
0.0 0.0 0.0 0.0 0.0 0.0 0.0 0.0 0.0 0.0 1.0 2.0 0.0 0.0 0.0 0.0 0.0 0.0 30.0 65.0 0.0 0.0 0.0 0.0 0.0 0.0 0.0 1.0 0.0 0.0 5.0 13.0 0.0 0.0 0.0 0.0 0.0 0.0 0.0 0.0 0.0 0.0 1.0 8.0 0.0 0.0 0.0 0.0 0.0 0.0 14.0 96.0 0.0 0.0 0.0 0.0 0.0 0.0 0.0 0.0 0.0 0.0 9.0 22.0 0.0 0.0 0.0 0.0 0.0 1.0 0.0 0.0 0.0 0.0 0.0 14.0 1.0 0.0 0.0 0.0 0.0 0.0 1.0 102.0 7.0 0.0 0.0 0.0 4.0 0.0 0.0 0.0 0.0 0.0 5.0 32.0 0.0 0.0 0.0 0.0 0.0 0.0 0.0 0.0 0.0 0.0 0.0 5.0 2.0 0.0 0.0 0.0 0.0 0.0 0.0 71.0 15.0 0.0 0.0 0.0 3.0 0.0 0.0 0.0 0.0 0.0 0.0 24.0 
25_3_007_96
0.0 0.0 0.0 0.0 0.0 0.0 0.0 0.0 0.0 0.0 0.0 5.0 0.0 0.0 0.0 0.0 0.0 0.0 4.0 86.0 0.0 0.0 0.0 0.0 1.0 0.0 0.0 0.0 0.0 0.0 3.0 33.0 0.0 0.0 0.0 0.0 0.0 0.0 0.0 0.0 0.0 0.0 1.0 7.0 0.0 0.0 0.0 0.0 1.0 1.0 17.0 102.0 0.0 0.0 0.0 0.0 3.0 0.0 0.0 0.0 0.0 0.0 1.0 47.0 0.0 0.0 0.0 0.0 0.0 0.0 0.0 0.0 0.0 0.0 5.0 19.0 0.0 0.0 0.0 0.0 2.0 0.0 19.0 98.0 0.0 0.0 0.0 1.0 13.0 0.0 0.0 0.0 0.0 0.0 0.0 41.0 0.0 0.0 0.0 0.0 0.0 0.0 0.0 0.0 0.0 0.0 3.0 27.0 0.0 0.0 0.0 0.0 0.0 0.0 6.0 77.0 0.0 0.0 0.0 0.0 2.0 0.0 0.0 0.0 0.0 0.0 1.0 37.0 
25_3_007_97
0.0 0.0 1.0 1.0 0.0 0.0 0.0 0.0 0.0 0.0 17.0 31.0 0.0 0.0 0.0 0.0 0.0 0.0 11.0 20.0 4.0 1.0 0.0 0.0 0.0 0.0 0.0 25.0 6.0 0.0 0.0 0.0 0.0 0.0 1.0 0.0 0.0 0.0 0.0 0.0 0.0 0.0 18.0 71.0 0.0 0.0 0.0 0.0 0.0 10.0 26.0 6.0 0.0 0.0 0.0 0.0 2.0 5.0 2.0 21.0 5.0 0.0 0.0 2.0 1.0 0.0 0.0 0.0 0.0 0.0 0.0 0.0 0.0 0.0 3.0 102.0 0.0 0.0 0.0 0.0 0.0 1.0 8.0 19.0 2.0 0.0 2.0 3.0 0.0 0.0 0.0 17.0 11.0 0.0 17.0 15.0 0.0 2.0 1.0 0.0 0.0 0.0 0.0 0.0 0.0 0.0 0.0 67.0 7.0 0.0 0.0 0.0 4.0 5.0 6.0 32.0 4.0 0.0 0.0 1.0 15.0 0.0 0.0 14.0 4.0 0.0 -1.0 30.0 
25_3_007_98
0.0 0.0 10.0 26.0 1.0 0.0 0.0 0.0 1.0 0.0 1.0 62.0 2.0 0.0 0.0 4.0 2.0 0.0 0.0 84.0 19.0 0.0 0.0 5.0 0.0 0.0 0.0 38.0 5.0 0.0 0.0 0.0 0.0 0.0 17.0 33.0 0.0 0.0 0.0 0.0 0.0 0.0 13.0 68.0 0.0 0.0 0.0 0.0 11.0 0.0 1.0 70.0 16.0 0.0 0.0 12.0 0.0 0.0 0.0 66.0 15.0 0.0 0.0 0.0 0.0 0.0 28.0 32.0 0.0 0.0 0.0 0.0 0.0 0.0 7.0 31.0 13.0 4.0 0.0 0.0 0.0 0.0 0.0 44.0 12.0 7.0 12.0 10.0 0.0 0.0 0.0 102.0 14.0 0.0 0.0 0.0 0.0 0.0 11.0 20.0 0.0 1.0 0.0 0.0 0.0 0.0 0.0 0.0 14.0 13.0 0.0 0.0 0.0 0.0 0.0 48.0 6.0 4.0 7.0 0.0 0.0 0.0 4.0 88.0 1.0 0.0 0.0 0.0 
25_3_007_99
0.0 0.0 0.0 0.0 0.0 13.0 11.0 6.0 -10.0 26.0 18.0 39.0 8.0 0.0 0.0 0.0 9.0 53.0 0.0 0.0 0.0 0.0 0.0 -8.0 0.0 19.0 6.0 3.0 3.0 0.0 0.0 -3.0 9.0 1.0 0.0 0.0 0.0 0.0 -12.0 29.0 0.0 -2.0 23.0 102.0 0.0 0.0 0.0 0.0 4.0 5.0 14.0 7.0 0.0 0.0 0.0 2.0 22.0 20.0 7.0 8.0 0.0 0.0 0.0 -13.0 4.0 1.0 0.0 0.0 0.0 0.0 -3.0 19.0 0.0 -2.0 16.0 65.0 14.0 0.0 0.0 0.0 0.0 0.0 0.0 1.0 18.0 28.0 14.0 0.0 0.0 0.0 0.0 5.0 39.0 18.0 0.0 0.0 -1.0 4.0 1.0 0.0 0.0 0.0 1.0 2.0 0.0 0.0 2.0 31.0 12.0 0.0 0.0 0.0 0.0 0.0 0.0 3.0 5.0 1.0 0.0 20.0 0.0 0.0 0.0 3.0 12.0 7.0 8.0 1.0 
25_3_007_100
0.0 1.0 2.0 1.0 0.0 0.0 0.0 0.0 0.0 0.0 2.0 3.0 1.0 0.0 0.0 0.0 0.0 0.0 47.0 13.0 0.0 0.0 0.0 0.0 0.0 0.0 21.0 62.0 10.0 0.0 0.0 0.0 0.0 0.0 1.0 1.0 0.0 0.0 0.0 0.0 0.0 0.0 5.0 10.0 1.0 0.0 0.0 0.0 0.0 0.0 52.0 78.0 4.0 0.0 0.0 0.0 0.0 1.0 2.0 18.0 10.0 2.0 0.0 0.0 0.0 0.0 2.0 2.0 0.0 0.0 0.0 0.0 0.0 0.0 3.0 15.0 1.0 0.0 0.0 0.0 0.0 0.0 11.0 102.0 1.0 0.0 0.0 0.0 0.0 7.0 15.0 6.0 5.0 0.0 0.0 0.0 0.0 0.0 3.0 1.0 0.0 0.0 0.0 0.0 1.0 0.0 0.0 8.0 2.0 0.0 0.0 0.0 0.0 0.0 6.0 95.0 15.0 0.0 0.0 0.0 1.0 2.0 13.0 5.0 1.0 0.0 3.0 5.0 
25_3_007_101
0.0 0.0 0.0 15.0 14.0 0.0 0.0 0.0 0.0 0.0 0.0 13.0 4.0 0.0 1.0 2.0 0.0 0.0 0.0 73.0 8.0 0.0 0.0 0.0 0.0 0.0 1.0 3.0 0.0 0.0 0.0 0.0 0.0 0.0 4.0 19.0 5.0 0.0 0.0 0.0 1.0 0.0 3.0 23.0 3.0 0.0 0.0 0.0 0.0 0.0 3.0 102.0 1.0 0.0 0.0 0.0 0.0 1.0 2.0 2.0 1.0 0.0 0.0 0.0 0.0 1.0 25.0 7.0 0.0 0.0 0.0 0.0 0.0 1.0 13.0 19.0 0.0 0.0 0.0 0.0 0.0 0.0 13.0 87.0 0.0 0.0 0.0 0.0 0.0 0.0 0.0 2.0 0.0 0.0 0.0 0.0 0.0 0.0 18.0 6.0 0.0 0.0 0.0 0.0 1.0 0.0 1.0 13.0 3.0 0.0 3.0 11.0 0.0 0.0 0.0 74.0 6.0 0.0 0.0 0.0 0.0 0.0 1.0 1.0 0.0 0.0 0.0 0.0 
25_3_007_102
6.0 2.0 1.0 19.0 10.0 0.0 0.0 1.0 9.0 0.0 1.0 2.0 1.0 0.0 2.0 3.0 0.0 0.0 2.0 45.0 11.0 0.0 0.0 0.0 7.0 4.0 1.0 0.0 0.0 1.0 1.0 9.0 0.0 0.0 0.0 38.0 63.0 0.0 0.0 0.0 12.0 3.0 2.0 4.0 2.0 0.0 -10.0 29.0 0.0 0.0 11.0 60.0 2.0 0.0 0.0 0.0 7.0 3.0 4.0 5.0 10.0 0.0 -5.0 15.0 0.0 0.0 0.0 40.0 27.0 0.0 0.0 0.0 3.0 2.0 0.0 30.0 29.0 1.0 -2.0 11.0 0.0 0.0 15.0 21.0 11.0 6.0 0.0 0.0 0.0 2.0 11.0 10.0 9.0 0.0 0.0 0.0 0.0 0.0 0.0 4.0 5.0 0.0 0.0 0.0 0.0 0.0 0.0 4.0 64.0 20.0 0.0 0.0 0.0 0.0 0.0 0.0 10.0 58.0 28.0 0.0 0.0 0.0 0.0 6.0 102.0 3.0 0.0 0.0 
25_3_007_103
9.0 102.0 13.0 0.0 0.0 7.0 14.0 0.0 12.0 82.0 17.0 0.0 0.0 0.0 1.0 2.0 0.0 81.0 53.0 0.0 0.0 0.0 0.0 0.0 3.0 87.0 8.0 0.0 0.0 0.0 2.0 5.0 4.0 5.0 0.0 1.0 2.0 22.0 15.0 1.0 0.0 0.0 22.0 52.0 8.0 0.0 0.0 0.0 2.0 4.0 2.0 4.0 8.0 20.0 27.0 29.0 6.0 12.0 4.0 0.0 0.0 74.0 65.0 5.0 34.0 100.0 0.0 0.0 0.0 0.0 0.0 0.0 16.0 26.0 19.0 18.0 1.0 0.0 1.0 2.0 20.0 4.0 0.0 0.0 0.0 5.0 9.0 18.0 5.0 59.0 13.0 0.0 1.0 3.0 2.0 0.0 6.0 0.0 0.0 3.0 11.0 25.0 14.0 7.0 9.0 0.0 0.0 0.0 0.0 1.0 7.0 35.0 4.0 0.0 0.0 0.0 0.0 3.0 8.0 5.0 0.0 0.0 0.0 0.0 0.0 5.0 6.0 1.0 
25_3_007_104
0.0 0.0 0.0 0.0 0.0 0.0 0.0 3.0 0.0 1.0 23.0 8.0 0.0 0.0 0.0 0.0 0.0 0.0 71.0 26.0 0.0 0.0 0.0 0.0 0.0 0.0 1.0 14.0 3.0 0.0 1.0 0.0 0.0 0.0 0.0 0.0 0.0 0.0 -2.0 7.0 0.0 0.0 35.0 76.0 0.0 0.0 0.0 0.0 0.0 0.0 15.0 10.0 0.0 0.0 0.0 1.0 -1.0 4.0 5.0 4.0 6.0 1.0 2.0 0.0 1.0 0.0 0.0 0.0 0.0 0.0 0.0 2.0 0.0 0.0 14.0 102.0 0.0 0.0 0.0 0.0 0.0 2.0 22.0 10.0 1.0 0.0 0.0 2.0 -1.0 6.0 30.0 0.0 0.0 0.0 0.0 0.0 0.0 0.0 1.0 0.0 0.0 0.0 0.0 3.0 0.0 0.0 45.0 75.0 0.0 0.0 0.0 0.0 0.0 4.0 33.0 0.0 0.0 0.0 0.0 0.0 0.0 0.0 3.0 0.0 0.0 0.0 0.0 0.0 
25_3_007_105
0.0 0.0 1.0 6.0 2.0 1.0 0.0 0.0 1.0 0.0 1.0 7.0 2.0 1.0 1.0 1.0 0.0 0.0 31.0 93.0 1.0 2.0 0.0 0.0 38.0 7.0 0.0 0.0 0.0 0.0 0.0 10.0 0.0 0.0 0.0 4.0 6.0 2.0 0.0 0.0 0.0 4.0 22.0 30.0 2.0 0.0 0.0 0.0 0.0 10.0 38.0 102.0 3.0 0.0 0.0 0.0 21.0 1.0 3.0 3.0 1.0 0.0 0.0 62.0 0.0 0.0 0.0 0.0 4.0 10.0 1.0 0.0 0.0 0.0 0.0 25.0 60.0 4.0 0.0 0.0 0.0 0.0 0.0 60.0 57.0 0.0 0.0 0.0 18.0 0.0 0.0 13.0 17.0 0.0 2.0 45.0 0.0 0.0 0.0 0.0 0.0 9.0 2.0 0.0 0.0 0.0 0.0 0.0 13.0 20.0 4.0 0.0 0.0 0.0 0.0 39.0 102.0 5.0 0.0 0.0 4.0 0.0 0.0 32.0 21.0 0.0 1.0 5.0 
25_3_007_106
6.0 4.0 0.0 0.0 0.0 0.0 0.0 -2.0 5.0 21.0 0.0 0.0 0.0 0.0 0.0 -6.0 -37.0 95.0 0.0 0.0 0.0 0.0 0.0 0.0 -39.0 102.0 0.0 0.0 0.0 0.0 0.0 0.0 -3.0 63.0 9.0 0.0 0.0 0.0 0.0 -8.0 62.0 21.0 3.0 0.0 0.0 0.0 0.0 -25.0 -19.0 41.0 11.0 26.0 0.0 0.0 0.0 0.0 0.0 0.0 2.0 0.0 0.0 2.0 8.0 0.0 5.0 3.0 3.0 0.0 0.0 0.0 5.0 0.0 11.0 8.0 0.0 2.0 1.0 0.0 -2.0 0.0 -1.0 7.0 16.0 9.0 0.0 0.0 -1.0 2.0 0.0 0.0 0.0 0.0 0.0 0.0 4.0 7.0 0.0 0.0 0.0 0.0 1.0 3.0 3.0 0.0 0.0 0.0 7.0 12.0 1.0 0.0 0.0 0.0 0.0 0.0 4.0 3.0 0.0 0.0 4.0 4.0 0.0 0.0 0.0 0.0 0.0 0.0 8.0 7.0 
25_3_007_107
43.0 0.0 0.0 2.0 26.0 3.0 3.0 21.0 6.0 0.0 0.0 11.0 94.0 11.0 5.0 30.0 80.0 0.0 0.0 0.0 0.0 0.0 0.0 56.0 34.0 0.0 0.0 0.0 0.0 0.0 0.0 39.0 65.0 0.0 0.0 2.0 2.0 0.0 0.0 29.0 22.0 6.0 12.0 58.0 20.0 0.0 0.0 2.0 21.0 0.0 0.0 0.0 0.0 3.0 15.0 39.0 64.0 0.0 0.0 0.0 0.0 0.0 1.0 102.0 13.0 1.0 0.0 15.0 19.0 0.0 0.0 1.0 60.0 2.0 2.0 9.0 5.0 3.0 1.0 23.0 4.0 0.0 0.0 0.0 0.0 8.0 41.0 14.0 29.0 0.0 0.0 0.0 0.0 0.0 4.0 99.0 0.0 0.0 2.0 12.0 15.0 0.0 0.0 0.0 38.0 0.0 0.0 5.0 5.0 0.0 0.0 10.0 39.0 2.0 1.0 1.0 0.0 0.0 0.0 17.0 10.0 2.0 0.0 0.0 0.0 0.0 18.0 73.0 
25_3_007_108
0.0 0.0 0.0 0.0 0.0 1.0 31.0 8.0 2.0 17.0 6.0 2.0 0.0 0.0 -1.0 13.0 0.0 1.0 102.0 66.0 1.0 2.0 0.0 0.0 -2.0 27.0 8.0 1.0 0.0 0.0 -2.0 10.0 -1.0 11.0 0.0 0.0 0.0 0.0 5.0 6.0 -9.0 19.0 53.0 35.0 0.0 0.0 0.0 0.0 0.0 0.0 13.0 28.0 15.0 35.0 11.0 2.0 0.0 0.0 2.0 46.0 49.0 7.0 0.0 0.0 20.0 6.0 0.0 0.0 0.0 0.0 -1.0 -5.0 -3.0 7.0 9.0 60.0 6.0 0.0 0.0 0.0 0.0 0.0 0.0 16.0 1.0 1.0 19.0 24.0 0.0 0.0 0.0 35.0 27.0 18.0 2.0 0.0 0.0 0.0 0.0 0.0 0.0 0.0 0.0 6.0 0.0 0.0 0.0 25.0 12.0 0.0 0.0 0.0 6.0 3.0 2.0 4.0 1.0 0.0 2.0 3.0 0.0 0.0 0.0 2.0 3.0 6.0 18.0 14.0 
25_3_007_109
1.0 0.0 0.0 0.0 0.0 0.0 -11.0 52.0 6.0 2.0 27.0 102.0 1.0 0.0 0.0 -2.0 4.0 9.0 7.0 29.0 9.0 15.0 8.0 2.0 2.0 5.0 17.0 22.0 26.0 0.0 0.0 -2.0 1.0 1.0 2.0 0.0 0.0 0.0 9.0 11.0 -1.0 0.0 36.0 82.0 1.0 0.0 0.0 0.0 0.0 0.0 0.0 1.0 20.0 26.0 29.0 15.0 0.0 0.0 0.0 14.0 81.0 14.0 0.0 0.0 -7.0 27.0 0.0 0.0 0.0 0.0 -2.0 6.0 4.0 -1.0 8.0 45.0 28.0 0.0 0.0 -1.0 0.0 0.0 0.0 7.0 14.0 1.0 0.0 36.0 0.0 0.0 0.0 12.0 19.0 9.0 11.0 4.0 3.0 7.0 1.0 2.0 1.0 0.0 0.0 0.0 1.0 0.0 0.0 10.0 9.0 0.0 -1.0 2.0 3.0 0.0 0.0 4.0 21.0 1.0 -1.0 5.0 2.0 8.0 1.0 1.0 0.0 0.0 -1.0 4.0 
25_3_007_110
0.0 0.0 0.0 2.0 2.0 0.0 1.0 5.0 10.0 3.0 9.0 0.0 0.0 0.0 0.0 38.0 0.0 0.0 15.0 39.0 9.0 2.0 0.0 0.0 1.0 0.0 0.0 0.0 0.0 0.0 10.0 98.0 7.0 2.0 4.0 8.0 0.0 0.0 0.0 2.0 16.0 11.0 28.0 6.0 0.0 0.0 0.0 8.0 17.0 8.0 1.0 0.0 2.0 1.0 2.0 16.0 1.0 0.0 0.0 0.0 0.0 0.0 14.0 102.0 2.0 2.0 10.0 26.0 0.0 0.0 0.0 0.0 20.0 0.0 0.0 6.0 9.0 4.0 2.0 16.0 0.0 0.0 0.0 0.0 0.0 11.0 29.0 22.0 30.0 1.0 3.0 1.0 0.0 0.0 0.0 64.0 0.0 1.0 8.0 33.0 0.0 0.0 0.0 0.0 33.0 3.0 0.0 0.0 0.0 0.0 0.0 36.0 6.0 5.0 3.0 0.0 0.0 0.0 3.0 5.0 23.0 0.0 15.0 16.0 0.0 0.0 0.0 34.0 
25_3_007_111
0.0 0.0 0.0 0.0 0.0 3.0 9.0 29.0 0.0 0.0 0.0 17.0 32.0 4.0 0.0 0.0 0.0 0.0 0.0 2.0 37.0 7.0 4.0 6.0 5.0 0.0 0.0 0.0 0.0 0.0 0.0 32.0 0.0 0.0 1.0 6.0 28.0 6.0 4.0 11.0 0.0 9.0 26.0 28.0 0.0 0.0 0.0 0.0 11.0 2.0 0.0 3.0 37.0 2.0 0.0 5.0 5.0 0.0 0.0 0.0 2.0 3.0 2.0 23.0 0.0 0.0 0.0 80.0 54.0 0.0 0.0 0.0 0.0 0.0 3.0 18.0 26.0 4.0 0.0 0.0 0.0 0.0 0.0 0.0 15.0 9.0 37.0 11.0 0.0 0.0 0.0 6.0 13.0 2.0 1.0 4.0 0.0 0.0 0.0 102.0 39.0 0.0 0.0 0.0 15.0 6.0 5.0 18.0 2.0 0.0 0.0 9.0 4.0 0.0 0.0 6.0 9.0 4.0 13.0 29.0 1.0 0.0 0.0 30.0 12.0 0.0 0.0 0.0 
25_3_007_112
0.0 0.0 59.0 102.0 0.0 0.0 0.0 0.0 -1.0 5.0 0.0 9.0 5.0 9.0 18.0 0.0 -2.0 6.0 7.0 20.0 6.0 1.0 0.0 0.0 0.0 0.0 21.0 41.0 3.0 0.0 3.0 0.0 -7.0 17.0 88.0 45.0 0.0 0.0 0.0 0.0 -30.0 72.0 16.0 13.0 0.0 0.0 0.0 0.0 32.0 5.0 10.0 23.0 0.0 0.0 -6.0 7.0 0.0 0.0 1.0 26.0 6.0 5.0 18.0 0.0 -6.0 26.0 28.0 6.0 0.0 0.0 -3.0 17.0 0.0 0.0 1.0 15.0 14.0 35.0 6.0 0.0 0.0 0.0 1.0 33.0 7.0 8.0 20.0 3.0 0.0 0.0 0.0 1.0 1.0 5.0 31.0 5.0 0.0 0.0 1.0 3.0 1.0 1.0 42.0 23.0 0.0 0.0 17.0 20.0 6.0 11.0 15.0 0.0 0.0 1.0 14.0 20.0 1.0 1.0 1.0 0.0 0.0 0.0 0.0 0.0 0.0 0.0 9.0 5.0 
25_3_007_113
0.0 0.0 0.0 91.0 18.0 3.0 12.0 3.0 -3.0 7.0 0.0 1.0 2.0 5.0 8.0 5.0 0.0 -1.0 4.0 55.0 20.0 0.0 0.0 0.0 0.0 0.0 0.0 0.0 3.0 3.0 13.0 21.0 0.0 -1.0 11.0 102.0 8.0 0.0 1.0 0.0 -15.0 34.0 36.0 9.0 0.0 0.0 0.0 0.0 13.0 6.0 0.0 26.0 13.0 0.0 -3.0 10.0 0.0 0.0 0.0 0.0 7.0 0.0 19.0 17.0 0.0 1.0 46.0 64.0 0.0 0.0 0.0 -1.0 1.0 -1.0 4.0 12.0 15.0 15.0 1.0 4.0 0.0 0.0 0.0 13.0 16.0 11.0 24.0 3.0 0.0 0.0 0.0 0.0 5.0 1.0 9.0 13.0 7.0 0.0 16.0 50.0 1.0 0.0 0.0 0.0 0.0 0.0 0.0 0.0 0.0 4.0 26.0 45.0 0.0 -1.0 10.0 43.0 6.0 3.0 0.0 0.0 0.0 0.0 0.0 0.0 1.0 0.0 1.0 5.0 
25_3_007_114
0.0 0.0 3.0 3.0 1.0 1.0 8.0 2.0 0.0 0.0 0.0 5.0 22.0 18.0 4.0 2.0 8.0 3.0 4.0 0.0 0.0 0.0 -4.0 44.0 0.0 0.0 0.0 0.0 0.0 0.0 35.0 49.0 0.0 -1.0 3.0 1.0 0.0 0.0 17.0 43.0 0.0 0.0 13.0 102.0 14.0 2.0 11.0 6.0 0.0 5.0 7.0 0.0 0.0 0.0 40.0 63.0 0.0 0.0 0.0 0.0 0.0 0.0 43.0 75.0 1.0 0.0 0.0 0.0 0.0 0.0 23.0 56.0 1.0 -11.0 39.0 70.0 10.0 5.0 2.0 0.0 0.0 0.0 0.0 0.0 0.0 0.0 56.0 64.0 0.0 0.0 0.0 0.0 0.0 0.0 35.0 53.0 5.0 8.0 7.0 1.0 0.0 0.0 6.0 27.0 -15.0 31.0 12.0 0.0 0.0 3.0 10.0 2.0 0.0 0.0 0.0 0.0 0.0 0.0 51.0 60.0 0.0 0.0 0.0 0.0 0.0 0.0 17.0 15.0 
25_3_007_115
0.0 0.0 7.0 13.0 0.0 0.0 0.0 0.0 0.0 0.0 0.0 26.0 2.0 0.0 0.0 0.0 0.0 0.0 6.0 80.0 1.0 0.0 0.0 0.0 0.0 0.0 5.0 8.0 0.0 0.0 0.0 0.0 0.0 0.0 2.0 13.0 1.0 0.0 0.0 0.0 0.0 0.0 0.0 30.0 7.0 0.0 0.0 0.0 0.0 0.0 20.0 102.0 0.0 0.0 0.0 0.0 0.0 0.0 7.0 2.0 1.0 2.0 2.0 0.0 0.0 0.0 1.0 9.0 0.0 0.0 0.0 0.0 0.0 0.0 2.0 27.0 5.0 6.0 1.0 0.0 0.0 0.0 3.0 52.0 47.0 84.0 0.0 0.0 0.0 0.0 0.0 0.0 25.0 87.0 1.0 0.0 0.0 0.0 0.0 8.0 2.0 0.0 0.0 0.0 0.0 0.0 0.0 0.0 0.0 4.0 66.0 24.0 0.0 0.0 0.0 0.0 1.0 99.0 35.0 1.0 0.0 0.0 0.0 0.0 54.0 81.0 0.0 0.0 
25_3_007_116
0.0 0.0 5.0 6.0 0.0 0.0 0.0 0.0 2.0 2.0 2.0 0.0 0.0 0.0 -3.0 20.0 4.0 2.0 15.0 2.0 0.0 0.0 3.0 23.0 2.0 14.0 17.0 0.0 0.0 0.0 27.0 30.0 0.0 0.0 0.0 9.0 3.0 0.0 0.0 0.0 0.0 2.0 4.0 7.0 1.0 1.0 0.0 4.0 19.0 33.0 41.0 37.0 0.0 0.0 -9.0 21.0 13.0 86.0 64.0 0.0 0.0 0.0 13.0 2.0 0.0 1.0 15.0 5.0 0.0 0.0 0.0 0.0 0.0 16.0 41.0 1.0 0.0 1.0 0.0 0.0 0.0 0.0 10.0 25.0 18.0 41.0 21.0 0.0 0.0 0.0 0.0 0.0 0.0 53.0 102.0 0.0 0.0 0.0 1.0 17.0 17.0 2.0 0.0 0.0 0.0 0.0 0.0 0.0 3.0 31.0 29.0 0.0 2.0 0.0 0.0 0.0 0.0 21.0 39.0 3.0 5.0 9.0 0.0 0.0 0.0 1.0 15.0 3.0 
25_3_007_117
0.0 0.0 0.0 1.0 1.0 0.0 0.0 0.0 0.0 0.0 0.0 74.0 48.0 0.0 0.0 0.0 0.0 0.0 0.0 29.0 66.0 0.0 0.0 1.0 3.0 0.0 0.0 0.0 2.0 0.0 -6.0 18.0 0.0 0.0 0.0 4.0 5.0 0.0 0.0 0.0 0.0 0.0 38.0 101.0 0.0 0.0 0.0 0.0 0.0 0.0 10.0 30.0 38.0 0.0 0.0 2.0 0.0 0.0 0.0 3.0 50.0 0.0 -2.0 5.0 0.0 0.0 2.0 6.0 2.0 0.0 0.0 0.0 0.0 0.0 1.0 102.0 33.0 0.0 0.0 0.0 0.0 0.0 0.0 8.0 18.0 8.0 1.0 0.0 0.0 0.0 6.0 8.0 34.0 0.0 0.0 0.0 0.0 0.0 1.0 2.0 1.0 0.0 0.0 0.0 0.0 0.0 0.0 36.0 31.0 0.0 0.0 0.0 0.0 0.0 8.0 42.0 24.0 0.0 0.0 0.0 0.0 1.0 18.0 14.0 0.0 0.0 -3.0 12.0 
25_3_007_118
0.0 1.0 0.0 0.0 0.0 0.0 0.0 0.0 0.0 1.0 1.0 1.0 0.0 0.0 0.0 0.0 0.0 0.0 21.0 75.0 0.0 0.0 0.0 0.0 3.0 2.0 20.0 33.0 0.0 0.0 0.0 0.0 0.0 2.0 0.0 0.0 0.0 0.0 0.0 0.0 0.0 1.0 3.0 9.0 0.0 0.0 0.0 0.0 0.0 0.0 29.0 102.0 0.0 0.0 0.0 0.0 0.0 0.0 11.0 47.0 4.0 0.0 4.0 5.0 0.0 2.0 0.0 0.0 0.0 0.0 0.0 0.0 0.0 1.0 8.0 19.0 0.0 0.0 0.0 0.0 0.0 0.0 27.0 97.0 0.0 0.0 0.0 0.0 0.0 0.0 0.0 25.0 17.0 2.0 2.0 0.0 0.0 0.0 0.0 0.0 0.0 0.0 0.0 0.0 0.0 0.0 9.0 31.0 0.0 0.0 0.0 0.0 3.0 3.0 39.0 51.0 0.0 0.0 0.0 2.0 0.0 0.0 0.0 0.0 4.0 9.0 3.0 2.0 
