25_3_036_0
1.0 0.0 0.0 3.0 11.0 5.0 3.0 3.0 11.0 12.0 7.0 7.0 0.0 0.0 0.0 3.0 0.0 32.0 102.0 7.0 0.0 0.0 0.0 0.0 0.0 14.0 19.0 0.0 0.0 0.0 0.0 0.0 1.0 4.0 9.0 2.0 0.0 1.0 2.0 4.0 0.0 2.0 31.0 34.0 0.0 0.0 2.0 3.0 0.0 0.0 3.0 66.0 15.0 0.0 0.0 0.0 0.0 0.0 0.0 2.0 0.0 0.0 0.0 0.0 1.0 10.0 47.0 18.0 2.0 3.0 0.0 1.0 0.0 63.0 45.0 0.0 0.0 0.0 0.0 0.0 0.0 4.0 29.0 12.0 0.0 0.0 0.0 0.0 0.0 0.0 3.0 1.0 0.0 0.0 0.0 0.0 0.0 0.0 32.0 56.0 0.0 0.0 0.0 0.0 0.0 2.0 1.0 0.0 0.0 0.0 1.0 0.0 0.0 0.0 3.0 0.0 0.0 0.0 0.0 0.0 0.0 0.0 5.0 0.0 0.0 0.0 0.0 0.0 
25_3_036_1
0.0 0.0 0.0 102.0 32.0 0.0 0.0 0.0 0.0 0.0 0.0 3.0 1.0 0.0 0.0 0.0 0.0 0.0 0.0 0.0 3.0 2.0 0.0 0.0 0.0 0.0 0.0 0.0 3.0 0.0 0.0 0.0 0.0 3.0 10.0 62.0 41.0 2.0 0.0 0.0 0.0 0.0 0.0 1.0 44.0 83.0 0.0 0.0 0.0 0.0 0.0 8.0 39.0 9.0 0.0 0.0 0.0 0.0 0.0 1.0 3.0 0.0 0.0 0.0 4.0 4.0 2.0 2.0 2.0 4.0 6.0 4.0 5.0 0.0 0.0 32.0 39.0 6.0 0.0 1.0 0.0 0.0 8.0 91.0 4.0 0.0 0.0 0.0 1.0 0.0 0.0 1.0 1.0 0.0 0.0 0.0 4.0 8.0 4.0 0.0 5.0 1.0 3.0 0.0 3.0 5.0 3.0 19.0 5.0 0.0 4.0 2.0 0.0 0.0 0.0 33.0 85.0 14.0 0.0 0.0 0.0 0.0 0.0 0.0 10.0 7.0 0.0 0.0 
25_3_036_2
3.0 2.0 0.0 0.0 0.0 0.0 0.0 1.0 10.0 1.0 2.0 0.0 0.0 0.0 0.0 1.0 0.0 0.0 26.0 77.0 0.0 0.0 0.0 0.0 0.0 0.0 1.0 0.0 0.0 0.0 0.0 0.0 3.0 1.0 1.0 0.0 0.0 0.0 0.0 2.0 5.0 3.0 7.0 3.0 0.0 0.0 0.0 1.0 0.0 0.0 14.0 102.0 4.0 0.0 0.0 0.0 0.0 0.0 0.0 0.0 1.0 0.0 0.0 0.0 14.0 18.0 4.0 0.0 0.0 0.0 0.0 0.0 3.0 11.0 10.0 1.0 0.0 0.0 2.0 3.0 0.0 0.0 3.0 16.0 46.0 17.0 0.0 0.0 0.0 0.0 0.0 1.0 37.0 10.0 0.0 0.0 0.0 0.0 0.0 0.0 3.0 11.0 5.0 0.0 1.0 1.0 0.0 8.0 2.0 1.0 3.0 2.0 6.0 0.0 0.0 20.0 5.0 0.0 1.0 6.0 0.0 0.0 13.0 19.0 2.0 0.0 0.0 0.0 
25_3_036_3
4.0 2.0 2.0 12.0 3.0 3.0 3.0 3.0 1.0 27.0 93.0 40.0 4.0 0.0 0.0 0.0 0.0 12.0 34.0 2.0 0.0 0.0 0.0 0.0 1.0 2.0 0.0 0.0 0.0 0.0 0.0 0.0 0.0 2.0 42.0 17.0 0.0 0.0 6.0 6.0 0.0 0.0 6.0 102.0 32.0 0.0 0.0 0.0 0.0 0.0 0.0 13.0 3.0 0.0 2.0 0.0 0.0 0.0 0.0 3.0 2.0 0.0 0.0 0.0 0.0 49.0 40.0 0.0 0.0 0.0 0.0 0.0 0.0 23.0 65.0 41.0 0.0 0.0 0.0 0.0 0.0 0.0 4.0 8.0 0.0 0.0 0.0 0.0 0.0 0.0 4.0 3.0 0.0 0.0 0.0 0.0 0.0 33.0 6.0 0.0 0.0 0.0 0.0 0.0 0.0 10.0 6.0 0.0 0.0 0.0 0.0 0.0 0.0 0.0 3.0 0.0 0.0 0.0 0.0 0.0 0.0 0.0 3.0 1.0 0.0 0.0 0.0 0.0 
25_3_036_4
0.0 1.0 11.0 2.0 0.0 5.0 8.0 4.0 13.0 19.0 23.0 20.0 2.0 6.0 1.0 1.0 0.0 26.0 102.0 9.0 0.0 0.0 0.0 0.0 1.0 5.0 10.0 0.0 0.0 0.0 0.0 0.0 1.0 2.0 12.0 1.0 0.0 4.0 21.0 18.0 0.0 0.0 30.0 55.0 13.0 0.0 1.0 0.0 0.0 0.0 0.0 60.0 35.0 0.0 0.0 0.0 0.0 0.0 0.0 0.0 0.0 1.0 2.0 0.0 1.0 19.0 54.0 1.0 2.0 5.0 1.0 0.0 3.0 24.0 29.0 5.0 0.0 0.0 0.0 0.0 0.0 0.0 26.0 68.0 0.0 0.0 0.0 0.0 0.0 0.0 0.0 0.0 0.0 0.0 0.0 0.0 1.0 43.0 19.0 0.0 0.0 0.0 0.0 0.0 0.0 42.0 20.0 0.0 0.0 0.0 0.0 0.0 0.0 5.0 13.0 1.0 0.0 0.0 0.0 0.0 0.0 0.0 2.0 0.0 0.0 0.0 0.0 0.0 
25_3_036_5
0.0 0.0 31.0 25.0 2.0 2.0 4.0 1.0 0.0 0.0 5.0 14.0 5.0 1.0 0.0 0.0 0.0 10.0 59.0 21.0 1.0 6.0 2.0 0.0 3.0 35.0 4.0 0.0 0.0 19.0 7.0 0.0 1.0 0.0 25.0 65.0 0.0 0.0 0.0 1.0 0.0 0.0 36.0 57.0 0.0 0.0 0.0 0.0 1.0 0.0 16.0 12.0 0.0 3.0 13.0 15.0 0.0 0.0 0.0 0.0 3.0 16.0 14.0 7.0 4.0 5.0 3.0 26.0 0.0 0.0 0.0 0.0 1.0 3.0 8.0 102.0 1.0 0.0 0.0 0.0 46.0 5.0 7.0 1.0 0.0 0.0 0.0 7.0 21.0 22.0 1.0 0.0 0.0 0.0 0.0 2.0 6.0 0.0 0.0 0.0 0.0 0.0 0.0 2.0 3.0 0.0 0.0 27.0 25.0 0.0 0.0 2.0 18.0 6.0 0.0 17.0 58.0 25.0 1.0 0.0 17.0 11.0 0.0 0.0 0.0 7.0 2.0 10.0 
25_3_036_6
1.0 0.0 2.0 15.0 13.0 4.0 1.0 2.0 13.0 3.0 0.0 0.0 0.0 0.0 3.0 44.0 8.0 5.0 0.0 0.0 0.0 0.0 4.0 9.0 1.0 29.0 44.0 0.0 0.0 0.0 2.0 4.0 3.0 2.0 5.0 4.0 10.0 21.0 2.0 0.0 1.0 6.0 15.0 5.0 0.0 15.0 10.0 4.0 19.0 27.0 53.0 36.0 10.0 0.0 0.0 2.0 0.0 32.0 102.0 6.0 0.0 0.0 0.0 0.0 0.0 8.0 27.0 12.0 1.0 14.0 5.0 0.0 4.0 4.0 19.0 5.0 0.0 6.0 20.0 25.0 0.0 0.0 25.0 73.0 25.0 0.0 0.0 0.0 0.0 0.0 0.0 44.0 19.0 0.0 0.0 0.0 4.0 14.0 9.0 0.0 0.0 1.0 13.0 9.0 0.0 17.0 65.0 1.0 2.0 1.0 0.0 0.0 3.0 16.0 23.0 18.0 0.0 0.0 0.0 0.0 0.0 0.0 11.0 38.0 0.0 0.0 0.0 0.0 
25_3_036_7
0.0 0.0 0.0 0.0 0.0 0.0 -8.0 102.0 0.0 0.0 0.0 0.0 0.0 1.0 5.0 59.0 0.0 0.0 0.0 3.0 2.0 2.0 4.0 8.0 1.0 0.0 0.0 5.0 1.0 4.0 2.0 7.0 0.0 0.0 0.0 0.0 0.0 18.0 53.0 67.0 4.0 16.0 23.0 6.0 0.0 0.0 4.0 61.0 25.0 30.0 1.0 2.0 0.0 0.0 -2.0 10.0 36.0 29.0 0.0 0.0 0.0 0.0 -5.0 7.0 0.0 0.0 0.0 0.0 0.0 11.0 71.0 25.0 0.0 0.0 6.0 37.0 10.0 7.0 11.0 6.0 0.0 0.0 2.0 34.0 11.0 1.0 40.0 10.0 7.0 20.0 7.0 15.0 12.0 4.0 0.0 0.0 0.0 2.0 5.0 12.0 4.0 1.0 18.0 22.0 0.0 6.0 12.0 9.0 1.0 1.0 12.0 30.0 0.0 1.0 9.0 16.0 8.0 7.0 2.0 6.0 0.0 0.0 0.0 0.0 17.0 19.0 0.0 0.0 
25_3_036_8
8.0 1.0 0.0 5.0 0.0 9.0 24.0 10.0 13.0 1.0 1.0 12.0 8.0 3.0 7.0 18.0 0.0 0.0 1.0 33.0 51.0 11.0 0.0 0.0 0.0 0.0 0.0 19.0 69.0 3.0 0.0 0.0 3.0 5.0 4.0 11.0 10.0 7.0 5.0 7.0 19.0 2.0 6.0 22.0 5.0 4.0 32.0 22.0 0.0 5.0 15.0 87.0 7.0 1.0 0.0 0.0 0.0 4.0 62.0 24.0 0.0 0.0 0.0 0.0 21.0 4.0 10.0 21.0 0.0 0.0 0.0 26.0 33.0 7.0 10.0 19.0 0.0 0.0 0.0 25.0 0.0 1.0 84.0 92.0 0.0 0.0 0.0 0.0 0.0 5.0 68.0 9.0 0.0 0.0 0.0 0.0 10.0 1.0 1.0 5.0 2.0 25.0 13.0 14.0 3.0 0.0 0.0 7.0 6.0 25.0 27.0 12.0 0.0 0.0 1.0 102.0 66.0 3.0 0.0 0.0 0.0 0.0 3.0 12.0 13.0 0.0 1.0 0.0 
25_3_036_9
0.0 0.0 0.0 11.0 33.0 17.0 0.0 0.0 11.0 0.0 1.0 3.0 8.0 26.0 33.0 24.0 8.0 8.0 15.0 10.0 4.0 12.0 10.0 4.0 0.0 7.0 59.0 55.0 52.0 1.0 0.0 0.0 16.0 18.0 2.0 0.0 0.0 4.0 0.0 2.0 0.0 1.0 36.0 27.0 8.0 6.0 7.0 1.0 20.0 3.0 9.0 4.0 3.0 0.0 10.0 56.0 0.0 0.0 21.0 66.0 28.0 2.0 0.0 0.0 15.0 9.0 0.0 0.0 0.0 0.0 9.0 62.0 4.0 5.0 52.0 37.0 0.0 6.0 13.0 18.0 4.0 13.0 44.0 29.0 6.0 13.0 30.0 18.0 2.0 12.0 59.0 23.0 0.0 0.0 0.0 0.0 5.0 3.0 5.0 0.0 16.0 21.0 6.0 20.0 2.0 2.0 16.0 11.0 6.0 14.0 21.0 30.0 0.0 13.0 102.0 53.0 2.0 0.0 0.0 0.0 0.0 40.0 61.0 0.0 0.0 0.0 0.0 0.0 
25_3_036_10
46.0 13.0 0.0 3.0 6.0 0.0 3.0 13.0 6.0 10.0 6.0 13.0 7.0 0.0 8.0 13.0 7.0 0.0 1.0 14.0 96.0 28.0 3.0 3.0 0.0 0.0 0.0 5.0 62.0 37.0 0.0 0.0 0.0 0.0 0.0 2.0 19.0 31.0 37.0 5.0 7.0 2.0 12.0 50.0 5.0 0.0 6.0 1.0 41.0 2.0 4.0 38.0 12.0 1.0 0.0 40.0 0.0 4.0 21.0 58.0 7.0 0.0 0.0 0.0 11.0 20.0 18.0 0.0 0.0 0.0 0.0 7.0 4.0 2.0 6.0 51.0 31.0 6.0 2.0 25.0 24.0 9.0 20.0 21.0 6.0 4.0 32.0 27.0 0.0 0.0 67.0 94.0 1.0 0.0 0.0 0.0 17.0 30.0 7.0 0.0 0.0 0.0 0.0 3.0 34.0 5.0 9.0 39.0 5.0 0.0 0.0 19.0 20.0 0.0 4.0 8.0 6.0 5.0 20.0 24.0 0.0 0.0 7.0 102.0 73.0 0.0 0.0 0.0 
25_3_036_11
0.0 0.0 0.0 0.0 0.0 37.0 47.0 0.0 0.0 0.0 0.0 0.0 0.0 20.0 98.0 31.0 1.0 10.0 14.0 23.0 1.0 2.0 4.0 18.0 20.0 15.0 5.0 6.0 3.0 1.0 5.0 8.0 0.0 0.0 0.0 0.0 1.0 13.0 43.0 13.0 0.0 13.0 28.0 6.0 9.0 2.0 45.0 22.0 0.0 4.0 15.0 19.0 3.0 4.0 40.0 19.0 0.0 0.0 13.0 53.0 9.0 2.0 3.0 0.0 9.0 0.0 0.0 0.0 0.0 0.0 -7.0 102.0 0.0 1.0 18.0 43.0 7.0 2.0 9.0 3.0 2.0 3.0 3.0 0.0 0.0 2.0 19.0 32.0 0.0 0.0 4.0 5.0 11.0 19.0 0.0 0.0 0.0 0.0 0.0 0.0 4.0 10.0 27.0 97.0 0.0 9.0 7.0 1.0 4.0 6.0 14.0 10.0 11.0 26.0 23.0 14.0 5.0 0.0 -2.0 15.0 12.0 7.0 1.0 0.0 0.0 0.0 -11.0 28.0 
25_3_036_12
0.0 10.0 12.0 14.0 6.0 0.0 0.0 -1.0 8.0 0.0 0.0 0.0 8.0 8.0 -12.0 40.0 0.0 0.0 0.0 1.0 21.0 12.0 12.0 3.0 0.0 0.0 0.0 0.0 0.0 5.0 8.0 2.0 24.0 3.0 0.0 0.0 4.0 2.0 -29.0 78.0 5.0 0.0 2.0 10.0 23.0 8.0 0.0 28.0 27.0 4.0 0.0 2.0 7.0 1.0 -6.0 19.0 6.0 17.0 12.0 6.0 0.0 0.0 1.0 -4.0 0.0 0.0 0.0 0.0 0.0 0.0 -21.0 102.0 7.0 8.0 0.0 8.0 17.0 4.0 -24.0 60.0 0.0 0.0 0.0 1.0 17.0 10.0 -14.0 42.0 5.0 0.0 2.0 20.0 9.0 13.0 -1.0 2.0 7.0 0.0 0.0 0.0 0.0 0.0 -5.0 46.0 29.0 9.0 0.0 0.0 0.0 0.0 -14.0 27.0 76.0 13.0 0.0 8.0 3.0 3.0 -2.0 -26.0 2.0 0.0 0.0 0.0 0.0 8.0 13.0 9.0 
25_3_036_13
8.0 22.0 8.0 0.0 6.0 7.0 2.0 61.0 0.0 3.0 25.0 24.0 3.0 20.0 22.0 7.0 0.0 1.0 0.0 7.0 4.0 27.0 42.0 23.0 2.0 21.0 23.0 9.0 14.0 8.0 -4.0 10.0 0.0 0.0 8.0 27.0 27.0 23.0 9.0 2.0 11.0 35.0 28.0 41.0 5.0 6.0 14.0 9.0 34.0 74.0 7.0 0.0 0.0 0.0 -10.0 61.0 1.0 2.0 3.0 7.0 5.0 6.0 1.0 3.0 0.0 2.0 0.0 22.0 33.0 9.0 5.0 9.0 0.0 0.0 32.0 102.0 9.0 7.0 -1.0 9.0 16.0 1.0 0.0 0.0 0.0 1.0 23.0 71.0 16.0 22.0 4.0 0.0 0.0 0.0 -10.0 26.0 0.0 4.0 10.0 11.0 1.0 2.0 3.0 1.0 0.0 0.0 0.0 7.0 79.0 25.0 0.0 0.0 13.0 16.0 0.0 2.0 76.0 16.0 0.0 0.0 24.0 35.0 0.0 0.0 2.0 1.0 0.0 0.0 
25_3_036_14
4.0 5.0 2.0 7.0 1.0 1.0 4.0 2.0 3.0 4.0 2.0 5.0 6.0 12.0 9.0 0.0 2.0 8.0 24.0 16.0 17.0 0.0 0.0 0.0 14.0 2.0 6.0 2.0 17.0 14.0 2.0 11.0 9.0 4.0 0.0 0.0 0.0 0.0 0.0 0.0 3.0 24.0 54.0 16.0 0.0 0.0 0.0 0.0 0.0 78.0 41.0 12.0 2.0 0.0 2.0 4.0 39.0 17.0 7.0 4.0 5.0 1.0 1.0 25.0 5.0 0.0 0.0 0.0 0.0 0.0 0.0 0.0 0.0 0.0 23.0 102.0 0.0 0.0 0.0 0.0 0.0 0.0 0.0 1.0 11.0 17.0 23.0 16.0 8.0 0.0 0.0 0.0 0.0 26.0 37.0 26.0 1.0 0.0 0.0 0.0 0.0 0.0 0.0 2.0 0.0 4.0 19.0 79.0 1.0 0.0 0.0 1.0 6.0 0.0 0.0 0.0 0.0 0.0 4.0 57.0 6.0 1.0 0.0 0.0 1.0 1.0 7.0 7.0 
25_3_036_15
3.0 13.0 13.0 1.0 9.0 3.0 20.0 13.0 0.0 25.0 37.0 18.0 9.0 4.0 5.0 7.0 15.0 30.0 11.0 0.0 0.0 0.0 -21.0 71.0 8.0 6.0 4.0 1.0 0.0 0.0 0.0 3.0 0.0 0.0 3.0 11.0 22.0 20.0 14.0 1.0 6.0 3.0 0.0 87.0 37.0 13.0 0.0 0.0 19.0 12.0 0.0 0.0 0.0 1.0 1.0 40.0 7.0 58.0 4.0 0.0 0.0 0.0 0.0 0.0 9.0 1.0 0.0 6.0 2.0 3.0 4.0 12.0 0.0 0.0 3.0 27.0 57.0 15.0 0.0 0.0 0.0 0.0 0.0 0.0 29.0 102.0 0.0 0.0 0.0 9.0 3.0 1.0 24.0 85.0 1.0 0.0 3.0 1.0 7.0 5.0 2.0 7.0 -1.0 6.0 0.0 0.0 8.0 3.0 0.0 0.0 0.0 0.0 0.0 0.0 6.0 0.0 0.0 0.0 0.0 0.0 0.0 2.0 0.0 0.0 0.0 0.0 0.0 0.0 
25_3_036_16
0.0 1.0 2.0 0.0 0.0 0.0 0.0 0.0 0.0 0.0 16.0 71.0 0.0 0.0 0.0 0.0 0.0 0.0 6.0 23.0 0.0 0.0 0.0 0.0 0.0 0.0 0.0 0.0 0.0 1.0 0.0 0.0 0.0 4.0 2.0 0.0 0.0 0.0 0.0 0.0 0.0 0.0 15.0 102.0 0.0 0.0 0.0 0.0 0.0 0.0 1.0 20.0 2.0 1.0 0.0 0.0 0.0 0.0 0.0 0.0 0.0 1.0 0.0 0.0 0.0 5.0 1.0 0.0 0.0 0.0 0.0 0.0 0.0 0.0 10.0 100.0 0.0 0.0 0.0 0.0 0.0 0.0 0.0 15.0 1.0 0.0 0.0 0.0 0.0 0.0 0.0 0.0 1.0 1.0 0.0 0.0 0.0 4.0 0.0 0.0 0.0 0.0 0.0 0.0 0.0 0.0 3.0 76.0 0.0 0.0 0.0 0.0 0.0 0.0 0.0 9.0 0.0 0.0 0.0 0.0 0.0 0.0 0.0 0.0 0.0 0.0 0.0 0.0 
25_3_036_17
2.0 0.0 1.0 3.0 2.0 8.0 15.0 17.0 3.0 1.0 6.0 30.0 19.0 16.0 0.0 2.0 28.0 9.0 0.0 0.0 0.0 0.0 0.0 28.0 3.0 23.0 0.0 0.0 0.0 0.0 1.0 0.0 7.0 10.0 11.0 10.0 26.0 1.0 0.0 19.0 0.0 13.0 67.0 23.0 4.0 2.0 1.0 3.0 7.0 42.0 22.0 35.0 0.0 0.0 0.0 0.0 5.0 102.0 0.0 0.0 0.0 0.0 0.0 0.0 6.0 22.0 9.0 0.0 0.0 5.0 2.0 0.0 0.0 0.0 11.0 11.0 3.0 5.0 2.0 0.0 0.0 0.0 14.0 65.0 0.0 0.0 0.0 0.0 0.0 1.0 1.0 1.0 0.0 0.0 0.0 0.0 0.0 10.0 5.0 0.0 0.0 3.0 3.0 0.0 0.0 4.0 44.0 14.0 0.0 0.0 0.0 0.0 0.0 0.0 24.0 12.0 0.0 0.0 0.0 0.0 0.0 0.0 1.0 0.0 0.0 0.0 0.0 0.0 
25_3_036_18
2.0 8.0 5.0 13.0 4.0 0.0 0.0 0.0 0.0 0.0 0.0 56.0 28.0 0.0 0.0 0.0 0.0 0.0 0.0 43.0 20.0 0.0 0.0 0.0 2.0 0.0 0.0 0.0 0.0 0.0 0.0 1.0 2.0 0.0 2.0 16.0 26.0 4.0 1.0 1.0 0.0 0.0 1.0 40.0 12.0 1.0 0.0 0.0 0.0 0.0 0.0 98.0 20.0 0.0 0.0 0.0 0.0 1.0 2.0 2.0 0.0 0.0 0.0 0.0 0.0 0.0 0.0 64.0 59.0 54.0 4.0 0.0 0.0 0.0 28.0 64.0 19.0 0.0 0.0 0.0 0.0 0.0 38.0 73.0 0.0 0.0 0.0 0.0 0.0 0.0 1.0 4.0 1.0 0.0 0.0 0.0 0.0 3.0 102.0 20.0 7.0 13.0 31.0 5.0 0.0 0.0 11.0 76.0 73.0 25.0 39.0 0.0 0.0 0.0 1.0 22.0 62.0 46.0 0.0 0.0 0.0 0.0 0.0 0.0 9.0 6.0 0.0 0.0 
25_3_036_19
0.0 0.0 0.0 0.0 0.0 0.0 0.0 4.0 0.0 0.0 0.0 94.0 6.0 0.0 0.0 0.0 0.0 0.0 0.0 2.0 6.0 0.0 11.0 20.0 1.0 0.0 0.0 0.0 0.0 0.0 1.0 13.0 0.0 0.0 0.0 0.0 0.0 0.0 0.0 4.0 0.0 0.0 17.0 102.0 2.0 0.0 0.0 0.0 0.0 0.0 0.0 3.0 1.0 0.0 3.0 20.0 5.0 0.0 0.0 0.0 0.0 0.0 1.0 10.0 1.0 6.0 5.0 3.0 3.0 3.0 7.0 13.0 3.0 30.0 28.0 29.0 50.0 3.0 0.0 0.0 3.0 0.0 0.0 13.0 43.0 22.0 25.0 17.0 0.0 0.0 0.0 5.0 12.0 19.0 33.0 6.0 13.0 3.0 4.0 2.0 1.0 4.0 0.0 12.0 2.0 7.0 16.0 18.0 29.0 41.0 1.0 0.0 10.0 12.0 33.0 8.0 3.0 2.0 10.0 27.0 21.0 11.0 7.0 16.0 1.0 1.0 4.0 12.0 
25_3_036_20
0.0 0.0 0.0 1.0 12.0 3.0 2.0 0.0 0.0 0.0 0.0 0.0 0.0 0.0 6.0 1.0 0.0 0.0 102.0 21.0 0.0 0.0 0.0 0.0 -38.0 78.0 21.0 6.0 0.0 12.0 16.0 0.0 45.0 6.0 1.0 2.0 1.0 5.0 28.0 -16.0 -30.0 95.0 20.0 44.0 4.0 2.0 1.0 -6.0 -42.0 89.0 51.0 8.0 0.0 1.0 23.0 0.0 0.0 0.0 0.0 0.0 0.0 5.0 31.0 0.0 -17.0 51.0 22.0 34.0 38.0 4.0 3.0 19.0 42.0 20.0 13.0 37.0 19.0 7.0 5.0 47.0 0.0 0.0 2.0 20.0 19.0 35.0 14.0 0.0 0.0 0.0 0.0 0.0 0.0 2.0 10.0 10.0 11.0 59.0 3.0 19.0 8.0 0.0 -3.0 3.0 14.0 63.0 0.0 4.0 7.0 12.0 25.0 34.0 2.0 0.0 14.0 33.0 17.0 47.0 4.0 23.0 0.0 0.0 1.0 16.0 11.0 20.0 20.0 2.0 
25_3_036_21
0.0 0.0 0.0 14.0 35.0 7.0 2.0 1.0 0.0 0.0 0.0 45.0 102.0 0.0 0.0 0.0 1.0 0.0 0.0 5.0 17.0 0.0 0.0 0.0 1.0 0.0 0.0 0.0 0.0 0.0 0.0 0.0 6.0 2.0 5.0 37.0 3.0 0.0 0.0 7.0 2.0 0.0 0.0 38.0 39.0 12.0 3.0 5.0 0.0 0.0 0.0 84.0 79.0 0.0 0.0 0.0 0.0 0.0 0.0 0.0 0.0 0.0 0.0 0.0 6.0 8.0 28.0 6.0 0.0 0.0 0.0 2.0 11.0 23.0 54.0 21.0 0.0 0.0 0.0 0.0 0.0 0.0 91.0 55.0 0.0 0.0 0.0 0.0 0.0 0.0 0.0 1.0 0.0 0.0 0.0 0.0 0.0 3.0 29.0 9.0 0.0 0.0 0.0 0.0 0.0 0.0 76.0 31.0 0.0 0.0 0.0 0.0 0.0 0.0 18.0 5.0 0.0 0.0 0.0 0.0 0.0 0.0 0.0 0.0 0.0 0.0 0.0 2.0 
25_3_036_22
0.0 0.0 1.0 0.0 0.0 0.0 8.0 13.0 0.0 0.0 16.0 57.0 2.0 0.0 0.0 0.0 0.0 0.0 0.0 58.0 20.0 0.0 0.0 0.0 0.0 0.0 0.0 0.0 0.0 0.0 0.0 1.0 7.0 7.0 10.0 0.0 0.0 0.0 0.0 8.0 1.0 1.0 23.0 17.0 4.0 2.0 6.0 5.0 0.0 0.0 5.0 102.0 24.0 0.0 0.0 0.0 0.0 0.0 0.0 0.0 0.0 0.0 0.0 0.0 0.0 22.0 31.0 0.0 0.0 0.0 0.0 0.0 6.0 45.0 54.0 0.0 0.0 0.0 0.0 1.0 0.0 4.0 68.0 28.0 0.0 0.0 0.0 0.0 0.0 0.0 0.0 0.0 0.0 0.0 0.0 0.0 0.0 15.0 47.0 2.0 0.0 0.0 0.0 0.0 0.0 13.0 28.0 0.0 0.0 0.0 0.0 0.0 0.0 1.0 1.0 0.0 0.0 0.0 0.0 1.0 0.0 0.0 0.0 0.0 0.0 0.0 1.0 0.0 
25_3_036_23
0.0 0.0 1.0 0.0 21.0 61.0 0.0 0.0 0.0 0.0 0.0 3.0 73.0 102.0 0.0 0.0 0.0 1.0 0.0 25.0 43.0 33.0 23.0 16.0 0.0 6.0 19.0 14.0 0.0 45.0 68.0 36.0 0.0 1.0 5.0 0.0 0.0 0.0 0.0 0.0 0.0 1.0 7.0 22.0 0.0 0.0 0.0 0.0 0.0 0.0 6.0 90.0 7.0 0.0 8.0 8.0 61.0 36.0 0.0 0.0 20.0 11.0 0.0 38.0 10.0 17.0 15.0 3.0 6.0 11.0 0.0 0.0 0.0 33.0 62.0 0.0 2.0 35.0 20.0 0.0 5.0 6.0 33.0 8.0 39.0 67.0 0.0 0.0 5.0 22.0 0.0 0.0 0.0 48.0 26.0 0.0 17.0 9.0 2.0 22.0 37.0 6.0 0.0 11.0 0.0 3.0 52.0 28.0 1.0 9.0 61.0 25.0 56.0 28.0 7.0 7.0 45.0 9.0 0.0 33.0 10.0 28.0 8.0 33.0 13.0 6.0 0.0 6.0 
25_3_036_24
1.0 1.0 0.0 0.0 0.0 0.0 0.0 0.0 0.0 0.0 45.0 12.0 0.0 0.0 0.0 0.0 58.0 53.0 5.0 2.0 16.0 2.0 0.0 0.0 2.0 66.0 40.0 0.0 3.0 31.0 21.0 0.0 0.0 0.0 0.0 0.0 0.0 0.0 0.0 0.0 0.0 0.0 23.0 98.0 8.0 0.0 0.0 0.0 2.0 13.0 12.0 0.0 0.0 1.0 23.0 10.0 0.0 2.0 10.0 13.0 29.0 6.0 0.0 0.0 1.0 0.0 0.0 0.0 0.0 0.0 0.0 1.0 1.0 0.0 41.0 102.0 0.0 0.0 0.0 1.0 0.0 0.0 0.0 0.0 0.0 0.0 22.0 34.0 0.0 0.0 0.0 0.0 4.0 12.0 8.0 5.0 1.0 0.0 2.0 2.0 0.0 0.0 0.0 0.0 2.0 0.0 39.0 78.0 0.0 0.0 0.0 19.0 0.0 0.0 0.0 0.0 0.0 0.0 4.0 36.0 0.0 0.0 0.0 0.0 0.0 0.0 8.0 11.0 
25_3_036_25
0.0 0.0 0.0 0.0 0.0 0.0 0.0 0.0 1.0 0.0 0.0 0.0 0.0 0.0 0.0 0.0 0.0 0.0 36.0 46.0 0.0 0.0 0.0 0.0 0.0 0.0 0.0 0.0 0.0 0.0 4.0 27.0 0.0 0.0 0.0 0.0 0.0 0.0 0.0 0.0 0.0 0.0 1.0 6.0 0.0 0.0 2.0 1.0 0.0 0.0 40.0 89.0 0.0 0.0 2.0 10.0 0.0 0.0 0.0 0.0 0.0 0.0 10.0 37.0 0.0 0.0 0.0 0.0 0.0 0.0 3.0 1.0 0.0 0.0 0.0 13.0 1.0 0.0 1.0 0.0 1.0 0.0 1.0 102.0 13.0 0.0 0.0 22.0 4.0 0.0 0.0 0.0 0.0 0.0 1.0 32.0 0.0 0.0 0.0 0.0 0.0 0.0 0.0 2.0 0.0 0.0 0.0 2.0 1.0 0.0 0.0 0.0 0.0 0.0 0.0 45.0 48.0 0.0 1.0 4.0 7.0 0.0 0.0 0.0 0.0 0.0 0.0 25.0 
25_3_036_26
0.0 1.0 0.0 0.0 6.0 25.0 16.0 9.0 0.0 0.0 4.0 1.0 11.0 42.0 61.0 16.0 10.0 6.0 4.0 54.0 8.0 10.0 1.0 27.0 7.0 6.0 19.0 1.0 11.0 22.0 8.0 31.0 32.0 2.0 0.0 28.0 39.0 4.0 4.0 13.0 68.0 8.0 3.0 8.0 7.0 11.0 9.0 14.0 1.0 1.0 9.0 102.0 10.0 0.0 -4.0 25.0 47.0 31.0 0.0 2.0 12.0 12.0 0.0 15.0 13.0 7.0 14.0 37.0 26.0 2.0 7.0 22.0 58.0 15.0 1.0 9.0 7.0 1.0 1.0 9.0 0.0 5.0 41.0 37.0 3.0 1.0 0.0 0.0 12.0 3.0 3.0 0.0 0.0 0.0 1.0 2.0 0.0 22.0 23.0 0.0 0.0 0.0 0.0 0.0 0.0 4.0 11.0 5.0 2.0 0.0 1.0 0.0 0.0 5.0 13.0 0.0 0.0 24.0 47.0 5.0 2.0 10.0 0.0 1.0 32.0 33.0 2.0 3.0 
25_3_036_27
-2.0 4.0 2.0 13.0 21.0 7.0 0.0 0.0 5.0 0.0 3.0 0.0 1.0 4.0 -6.0 24.0 86.0 20.0 0.0 0.0 1.0 10.0 0.0 -26.0 -19.0 68.0 0.0 0.0 0.0 5.0 7.0 31.0 9.0 -11.0 34.0 41.0 32.0 5.0 4.0 11.0 1.0 0.0 0.0 3.0 1.0 12.0 82.0 7.0 1.0 1.0 6.0 17.0 28.0 25.0 6.0 0.0 0.0 2.0 0.0 0.0 3.0 14.0 7.0 1.0 -19.0 34.0 40.0 23.0 8.0 6.0 36.0 9.0 24.0 -4.0 12.0 7.0 8.0 2.0 71.0 24.0 -5.0 11.0 1.0 102.0 7.0 3.0 6.0 23.0 -8.0 24.0 5.0 9.0 8.0 21.0 36.0 35.0 57.0 23.0 0.0 3.0 1.0 0.0 2.0 -16.0 40.0 55.0 0.0 0.0 0.0 4.0 -26.0 57.0 30.0 7.0 14.0 37.0 5.0 0.0 5.0 26.0 -5.0 76.0 12.0 3.0 12.0 5.0 3.0 6.0 
25_3_036_28
0.0 0.0 1.0 2.0 4.0 0.0 0.0 0.0 0.0 0.0 0.0 11.0 3.0 0.0 0.0 0.0 2.0 0.0 0.0 8.0 1.0 0.0 -6.0 69.0 0.0 0.0 0.0 0.0 0.0 0.0 -1.0 18.0 0.0 0.0 0.0 8.0 7.0 0.0 0.0 0.0 0.0 0.0 0.0 11.0 1.0 0.0 0.0 0.0 25.0 1.0 2.0 28.0 1.0 0.0 0.0 32.0 19.0 0.0 0.0 0.0 0.0 0.0 0.0 36.0 0.0 0.0 1.0 14.0 1.0 0.0 0.0 0.0 0.0 0.0 4.0 15.0 0.0 0.0 0.0 0.0 2.0 0.0 9.0 36.0 0.0 0.0 -1.0 25.0 0.0 0.0 0.0 0.0 0.0 0.0 -10.0 102.0 0.0 0.0 3.0 7.0 0.0 0.0 0.0 0.0 0.0 0.0 5.0 16.0 0.0 0.0 0.0 0.0 0.0 0.0 5.0 24.0 0.0 0.0 6.0 19.0 0.0 0.0 0.0 0.0 0.0 0.0 9.0 58.0 
25_3_036_29
1.0 0.0 0.0 0.0 0.0 0.0 0.0 0.0 0.0 0.0 0.0 92.0 3.0 0.0 0.0 0.0 0.0 0.0 0.0 18.0 2.0 0.0 0.0 0.0 0.0 0.0 0.0 0.0 0.0 0.0 0.0 0.0 1.0 2.0 0.0 0.0 0.0 0.0 0.0 0.0 0.0 0.0 18.0 102.0 0.0 0.0 0.0 0.0 0.0 0.0 1.0 22.0 3.0 1.0 0.0 0.0 0.0 0.0 0.0 0.0 0.0 4.0 0.0 0.0 0.0 35.0 9.0 0.0 0.0 0.0 0.0 0.0 0.0 11.0 29.0 25.0 8.0 1.0 0.0 0.0 0.0 0.0 0.0 0.0 12.0 50.0 0.0 1.0 0.0 0.0 0.0 0.0 4.0 47.0 0.0 0.0 0.0 0.0 0.0 0.0 0.0 7.0 17.0 11.0 6.0 8.0 11.0 3.0 22.0 47.0 10.0 0.0 5.0 3.0 0.0 17.0 24.0 4.0 1.0 1.0 3.0 0.0 0.0 0.0 1.0 3.0 0.0 1.0 
25_3_036_30
0.0 0.0 0.0 0.0 0.0 0.0 2.0 1.0 0.0 0.0 0.0 0.0 0.0 1.0 1.0 0.0 0.0 0.0 59.0 23.0 0.0 0.0 0.0 0.0 0.0 3.0 61.0 4.0 0.0 0.0 26.0 1.0 0.0 0.0 0.0 0.0 0.0 2.0 2.0 0.0 0.0 0.0 1.0 7.0 0.0 1.0 1.0 0.0 0.0 0.0 69.0 102.0 0.0 0.0 4.0 0.0 0.0 0.0 0.0 0.0 0.0 0.0 49.0 25.0 0.0 0.0 0.0 0.0 0.0 3.0 1.0 0.0 0.0 0.0 1.0 22.0 1.0 1.0 0.0 0.0 0.0 0.0 5.0 91.0 11.0 4.0 15.0 7.0 0.0 0.0 0.0 0.0 0.0 0.0 12.0 17.0 0.0 0.0 0.0 0.0 0.0 1.0 1.0 0.0 0.0 0.0 0.0 9.0 8.0 2.0 0.0 0.0 0.0 0.0 0.0 44.0 27.0 1.0 2.0 0.0 0.0 0.0 0.0 0.0 0.0 0.0 2.0 15.0 
25_3_036_31
0.0 0.0 0.0 0.0 0.0 0.0 -28.0 102.0 7.0 11.0 7.0 0.0 0.0 0.0 0.0 -1.0 0.0 9.0 25.0 4.0 0.0 0.0 0.0 0.0 0.0 5.0 14.0 2.0 1.0 3.0 -4.0 11.0 29.0 0.0 0.0 0.0 1.0 32.0 32.0 15.0 3.0 13.0 2.0 0.0 10.0 42.0 24.0 3.0 0.0 0.0 6.0 57.0 13.0 6.0 12.0 0.0 10.0 2.0 1.0 0.0 2.0 3.0 -2.0 21.0 33.0 13.0 0.0 0.0 8.0 47.0 0.0 -4.0 56.0 15.0 0.0 0.0 6.0 21.0 -25.0 72.0 0.0 0.0 27.0 45.0 5.0 0.0 0.0 0.0 9.0 0.0 0.0 1.0 2.0 15.0 2.0 26.0 25.0 0.0 0.0 2.0 1.0 14.0 3.0 34.0 0.0 10.0 10.0 10.0 15.0 33.0 -8.0 25.0 0.0 0.0 1.0 31.0 17.0 0.0 0.0 0.0 23.0 0.0 1.0 1.0 0.0 9.0 7.0 5.0 
25_3_036_32
0.0 0.0 0.0 0.0 0.0 0.0 38.0 25.0 0.0 8.0 8.0 1.0 0.0 0.0 6.0 2.0 5.0 14.0 0.0 0.0 3.0 14.0 4.0 0.0 0.0 11.0 4.0 0.0 0.0 1.0 0.0 0.0 1.0 5.0 0.0 1.0 1.0 16.0 51.0 6.0 2.0 1.0 7.0 0.0 7.0 81.0 83.0 17.0 7.0 0.0 3.0 50.0 25.0 39.0 23.0 46.0 0.0 3.0 2.0 8.0 79.0 56.0 8.0 0.0 19.0 2.0 0.0 10.0 2.0 3.0 31.0 60.0 23.0 18.0 15.0 18.0 19.0 20.0 28.0 28.0 27.0 0.0 24.0 102.0 0.0 0.0 0.0 68.0 15.0 4.0 18.0 11.0 8.0 12.0 11.0 22.0 24.0 15.0 0.0 0.0 0.0 0.0 1.0 3.0 15.0 66.0 12.0 0.0 0.0 0.0 0.0 0.0 4.0 0.0 19.0 13.0 1.0 3.0 2.0 19.0 21.0 21.0 52.0 8.0 0.0 0.0 0.0 8.0 
25_3_036_33
0.0 0.0 0.0 0.0 10.0 21.0 1.0 0.0 0.0 0.0 0.0 1.0 26.0 9.0 0.0 0.0 0.0 0.0 7.0 17.0 15.0 5.0 0.0 0.0 5.0 19.0 31.0 1.0 0.0 0.0 0.0 0.0 0.0 0.0 6.0 11.0 3.0 1.0 0.0 0.0 0.0 0.0 0.0 7.0 10.0 13.0 4.0 0.0 0.0 0.0 61.0 102.0 3.0 4.0 8.0 0.0 4.0 4.0 15.0 2.0 11.0 43.0 25.0 11.0 0.0 2.0 11.0 0.0 0.0 0.0 1.0 0.0 0.0 0.0 3.0 10.0 1.0 2.0 4.0 7.0 2.0 0.0 1.0 63.0 47.0 78.0 18.0 18.0 82.0 3.0 0.0 0.0 76.0 59.0 22.0 22.0 0.0 2.0 2.0 0.0 0.0 0.0 1.0 4.0 12.0 6.0 1.0 0.0 0.0 3.0 34.0 32.0 19.0 51.0 61.0 39.0 4.0 34.0 11.0 3.0 56.0 6.0 0.0 20.0 66.0 21.0 0.0 12.0 
25_3_036_34
0.0 7.0 10.0 0.0 0.0 0.0 0.0 0.0 0.0 2.0 14.0 1.0 0.0 0.0 0.0 0.0 5.0 5.0 0.0 0.0 1.0 10.0 5.0 0.0 0.0 1.0 3.0 1.0 6.0 4.0 5.0 5.0 1.0 1.0 0.0 0.0 24.0 34.0 19.0 6.0 0.0 2.0 9.0 2.0 16.0 58.0 81.0 7.0 31.0 10.0 12.0 29.0 5.0 58.0 27.0 8.0 0.0 0.0 0.0 1.0 62.0 36.0 18.0 38.0 53.0 0.0 0.0 42.0 24.0 0.0 0.0 27.0 27.0 3.0 10.0 11.0 14.0 29.0 7.0 12.0 9.0 0.0 24.0 102.0 0.0 0.0 15.0 48.0 11.0 20.0 23.0 9.0 14.0 10.0 11.0 28.0 5.0 4.0 11.0 44.0 15.0 0.0 1.0 3.0 54.0 13.0 23.0 12.0 0.0 0.0 3.0 22.0 12.0 0.0 22.0 38.0 2.0 2.0 0.0 1.0 43.0 28.0 0.0 0.0 0.0 0.0 0.0 4.0 
25_3_036_35
0.0 1.0 8.0 8.0 10.0 18.0 23.0 0.0 0.0 0.0 0.0 4.0 4.0 1.0 7.0 8.0 0.0 0.0 0.0 0.0 0.0 0.0 12.0 7.0 0.0 0.0 0.0 0.0 0.0 0.0 2.0 8.0 -13.0 28.0 66.0 17.0 3.0 25.0 29.0 2.0 0.0 0.0 7.0 61.0 23.0 30.0 54.0 3.0 16.0 3.0 0.0 0.0 0.0 0.0 -25.0 69.0 0.0 0.0 0.0 0.0 0.0 3.0 0.0 4.0 -19.0 53.0 13.0 3.0 0.0 0.0 51.0 35.0 5.0 16.0 11.0 59.0 19.0 23.0 5.0 35.0 -4.0 8.0 32.0 16.0 6.0 31.0 45.0 3.0 0.0 0.0 0.0 0.0 3.0 11.0 6.0 25.0 -1.0 31.0 0.0 0.0 6.0 3.0 0.0 39.0 -25.0 102.0 25.0 16.0 3.0 0.0 8.0 47.0 -10.0 29.0 32.0 9.0 0.0 6.0 55.0 8.0 42.0 24.0 0.0 0.0 10.0 12.0 -5.0 15.0 
25_3_036_36
0.0 0.0 3.0 3.0 18.0 11.0 15.0 0.0 1.0 0.0 3.0 19.0 8.0 1.0 19.0 4.0 10.0 6.0 3.0 5.0 15.0 13.0 8.0 2.0 26.0 4.0 0.0 0.0 1.0 21.0 25.0 10.0 2.0 0.0 1.0 57.0 20.0 1.0 12.0 46.0 0.0 0.0 2.0 47.0 37.0 27.0 62.0 51.0 20.0 15.0 10.0 84.0 22.0 3.0 22.0 17.0 31.0 67.0 13.0 0.0 0.0 3.0 11.0 4.0 16.0 2.0 30.0 57.0 0.0 0.0 0.0 72.0 62.0 28.0 45.0 29.0 1.0 0.0 0.0 41.0 18.0 1.0 32.0 102.0 0.0 7.0 16.0 22.0 12.0 2.0 3.0 1.0 29.0 50.0 32.0 15.0 4.0 8.0 7.0 7.0 4.0 0.0 0.0 0.0 9.0 6.0 6.0 4.0 1.0 0.0 0.0 4.0 19.0 9.0 22.0 20.0 0.0 0.0 0.0 2.0 49.0 11.0 0.0 0.0 0.0 0.0 6.0 38.0 
25_3_036_37
2.0 0.0 21.0 42.0 6.0 9.0 22.0 0.0 0.0 1.0 0.0 1.0 13.0 19.0 15.0 1.0 0.0 0.0 0.0 0.0 0.0 0.0 9.0 10.0 0.0 0.0 0.0 0.0 0.0 0.0 8.0 8.0 21.0 -1.0 24.0 6.0 14.0 30.0 12.0 51.0 0.0 0.0 62.0 30.0 3.0 15.0 79.0 2.0 4.0 25.0 1.0 33.0 21.0 21.0 3.0 7.0 0.0 0.0 0.0 0.0 0.0 1.0 -9.0 40.0 17.0 24.0 42.0 3.0 0.0 0.0 33.0 17.0 24.0 39.0 0.0 0.0 0.0 0.0 70.0 34.0 0.0 0.0 20.0 84.0 19.0 35.0 35.0 0.0 0.0 0.0 12.0 15.0 3.0 8.0 7.0 31.0 1.0 9.0 0.0 0.0 8.0 7.0 -8.0 28.0 -2.0 50.0 0.0 0.0 0.0 2.0 7.0 102.0 -34.0 76.0 43.0 22.0 10.0 4.0 16.0 8.0 19.0 31.0 13.0 2.0 0.0 11.0 39.0 -11.0 
25_3_036_38
0.0 2.0 12.0 1.0 1.0 0.0 0.0 0.0 4.0 6.0 4.0 0.0 0.0 5.0 5.0 0.0 3.0 2.0 2.0 2.0 7.0 11.0 0.0 0.0 0.0 0.0 0.0 2.0 21.0 20.0 13.0 4.0 0.0 2.0 6.0 4.0 28.0 65.0 24.0 0.0 0.0 8.0 13.0 34.0 10.0 42.0 76.0 9.0 41.0 0.0 0.0 2.0 84.0 55.0 6.0 20.0 0.0 0.0 0.0 48.0 33.0 15.0 37.0 47.0 48.0 5.0 3.0 7.0 12.0 16.0 3.0 27.0 13.0 0.0 25.0 102.0 5.0 4.0 3.0 4.0 23.0 5.0 27.0 10.0 16.0 1.0 19.0 87.0 19.0 29.0 8.0 30.0 7.0 17.0 21.0 13.0 49.0 9.0 0.0 4.0 2.0 0.0 0.0 20.0 0.0 7.0 48.0 48.0 2.0 1.0 0.0 0.0 64.0 23.0 0.0 0.0 0.0 0.0 0.0 7.0 3.0 38.0 23.0 0.0 0.0 0.0 0.0 0.0 
25_3_036_39
0.0 -23.0 84.0 41.0 51.0 0.0 0.0 0.0 0.0 -1.0 5.0 0.0 0.0 1.0 23.0 23.0 -1.0 3.0 1.0 0.0 0.0 0.0 0.0 7.0 0.0 0.0 0.0 0.0 0.0 0.0 1.0 22.0 102.0 26.0 39.0 33.0 29.0 1.0 -4.0 -5.0 0.0 0.0 8.0 71.0 26.0 38.0 86.0 40.0 0.0 -3.0 14.0 5.0 16.0 24.0 50.0 16.0 0.0 0.0 0.0 11.0 12.0 5.0 9.0 21.0 -19.0 59.0 0.0 17.0 45.0 34.0 38.0 34.0 18.0 92.0 36.0 36.0 51.0 4.0 50.0 37.0 0.0 -12.0 66.0 81.0 0.0 51.0 51.0 85.0 0.0 -6.0 23.0 24.0 35.0 9.0 79.0 85.0 23.0 25.0 0.0 4.0 5.0 4.0 -5.0 35.0 -23.0 48.0 65.0 0.0 0.0 0.0 14.0 55.0 -4.0 33.0 84.0 5.0 0.0 0.0 0.0 96.0 32.0 27.0 38.0 0.0 0.0 0.0 2.0 74.0 
25_3_036_40
0.0 0.0 1.0 5.0 12.0 14.0 22.0 13.0 0.0 0.0 0.0 35.0 33.0 6.0 5.0 22.0 0.0 0.0 2.0 19.0 23.0 19.0 28.0 30.0 9.0 26.0 16.0 0.0 0.0 6.0 43.0 11.0 10.0 0.0 0.0 53.0 15.0 5.0 0.0 58.0 7.0 24.0 39.0 18.0 37.0 28.0 20.0 27.0 38.0 4.0 9.0 102.0 21.0 0.0 19.0 14.0 3.0 21.0 5.0 0.0 13.0 37.0 22.0 11.0 26.0 15.0 18.0 55.0 5.0 0.0 0.0 13.0 25.0 12.0 32.0 48.0 3.0 0.0 0.0 10.0 31.0 14.0 25.0 33.0 0.0 0.0 -1.0 30.0 69.0 18.0 1.0 5.0 0.0 1.0 0.0 13.0 0.0 0.0 0.0 5.0 7.0 1.0 0.0 1.0 0.0 0.0 0.0 7.0 8.0 0.0 0.0 0.0 0.0 0.0 0.0 8.0 2.0 0.0 0.0 1.0 0.0 0.0 0.0 14.0 1.0 0.0 0.0 39.0 
25_3_036_41
20.0 30.0 3.0 29.0 17.0 4.0 -21.0 40.0 0.0 0.0 16.0 45.0 14.0 4.0 17.0 3.0 0.0 1.0 0.0 0.0 0.0 1.0 15.0 4.0 0.0 0.0 0.0 0.0 0.0 0.0 4.0 4.0 33.0 18.0 0.0 7.0 35.0 17.0 -2.0 18.0 -4.0 10.0 23.0 45.0 11.0 27.0 102.0 15.0 1.0 3.0 15.0 16.0 10.0 17.0 20.0 1.0 0.0 0.0 0.0 0.0 5.0 1.0 7.0 11.0 0.0 39.0 5.0 12.0 3.0 0.0 34.0 44.0 7.0 81.0 29.0 26.0 27.0 4.0 -8.0 69.0 0.0 0.0 61.0 30.0 12.0 56.0 52.0 13.0 0.0 0.0 4.0 36.0 19.0 19.0 62.0 7.0 13.0 35.0 0.0 4.0 2.0 1.0 3.0 -8.0 19.0 12.0 8.0 0.0 0.0 1.0 41.0 49.0 1.0 4.0 71.0 8.0 0.0 0.0 48.0 15.0 20.0 16.0 3.0 49.0 7.0 2.0 19.0 16.0 
25_3_036_42
6.0 16.0 3.0 0.0 31.0 43.0 3.0 0.0 2.0 7.0 2.0 13.0 38.0 0.0 0.0 0.0 8.0 0.0 0.0 0.0 1.0 1.0 6.0 52.0 36.0 5.0 5.0 7.0 10.0 12.0 3.0 5.0 20.0 15.0 8.0 0.0 0.0 8.0 33.0 40.0 1.0 0.0 19.0 84.0 8.0 22.0 66.0 1.0 14.0 4.0 2.0 29.0 34.0 32.0 2.0 12.0 25.0 35.0 4.0 0.0 0.0 0.0 0.0 0.0 0.0 11.0 65.0 4.0 1.0 20.0 25.0 7.0 23.0 21.0 13.0 1.0 0.0 0.0 71.0 43.0 0.0 0.0 20.0 102.0 17.0 22.0 47.0 0.0 0.0 3.0 13.0 31.0 12.0 32.0 6.0 0.0 3.0 7.0 1.0 12.0 16.0 0.0 2.0 7.0 20.0 19.0 28.0 2.0 5.0 2.0 7.0 92.0 0.0 8.0 89.0 28.0 7.0 11.0 17.0 4.0 0.0 0.0 18.0 31.0 11.0 3.0 57.0 12.0 
25_3_036_43
1.0 0.0 0.0 8.0 24.0 16.0 16.0 34.0 3.0 4.0 3.0 7.0 55.0 5.0 30.0 32.0 3.0 1.0 0.0 25.0 18.0 0.0 11.0 47.0 9.0 26.0 31.0 13.0 1.0 1.0 5.0 3.0 18.0 7.0 6.0 39.0 7.0 0.0 1.0 71.0 48.0 14.0 12.0 14.0 13.0 26.0 12.0 20.0 31.0 4.0 0.0 102.0 21.0 0.0 0.0 39.0 1.0 0.0 0.0 26.0 38.0 25.0 19.0 8.0 19.0 13.0 30.0 22.0 1.0 0.0 0.0 16.0 69.0 20.0 13.0 23.0 1.0 10.0 4.0 8.0 19.0 16.0 50.0 32.0 8.0 5.0 3.0 3.0 31.0 55.0 2.0 0.0 0.0 1.0 4.0 0.0 0.0 0.0 0.0 0.0 1.0 19.0 14.0 4.0 0.0 0.0 0.0 0.0 1.0 41.0 29.0 0.0 0.0 0.0 1.0 8.0 52.0 18.0 0.0 0.0 1.0 0.0 0.0 0.0 1.0 0.0 24.0 18.0 
25_3_036_44
0.0 14.0 63.0 0.0 0.0 7.0 15.0 0.0 0.0 1.0 23.0 14.0 7.0 11.0 100.0 22.0 1.0 26.0 47.0 8.0 1.0 9.0 2.0 0.0 21.0 37.0 0.0 0.0 0.0 22.0 0.0 0.0 4.0 22.0 24.0 0.0 2.0 41.0 57.0 7.0 23.0 1.0 40.0 102.0 1.0 0.0 16.0 16.0 24.0 0.0 11.0 10.0 0.0 18.0 74.0 55.0 22.0 15.0 19.0 24.0 27.0 47.0 0.0 4.0 2.0 6.0 3.0 2.0 1.0 0.0 4.0 4.0 15.0 14.0 14.0 36.0 11.0 3.0 3.0 26.0 16.0 33.0 6.0 19.0 70.0 21.0 28.0 21.0 9.0 20.0 35.0 6.0 2.0 35.0 57.0 40.0 1.0 2.0 0.0 0.0 0.0 0.0 0.0 0.0 1.0 1.0 0.0 0.0 0.0 0.0 0.0 1.0 46.0 17.0 0.0 0.0 3.0 5.0 0.0 1.0 1.0 22.0 35.0 5.0 1.0 16.0 3.0 0.0 
25_3_036_45
0.0 17.0 11.0 2.0 1.0 2.0 4.0 1.0 2.0 29.0 8.0 4.0 1.0 2.0 0.0 0.0 11.0 51.0 10.0 2.0 0.0 0.0 0.0 4.0 34.0 2.0 0.0 0.0 0.0 0.0 0.0 19.0 0.0 0.0 8.0 41.0 23.0 8.0 47.0 22.0 0.0 0.0 9.0 97.0 28.0 27.0 32.0 32.0 0.0 0.0 2.0 26.0 21.0 33.0 61.0 38.0 12.0 4.0 2.0 12.0 10.0 34.0 49.0 7.0 0.0 0.0 33.0 94.0 6.0 7.0 14.0 57.0 20.0 31.0 47.0 20.0 54.0 25.0 11.0 47.0 22.0 6.0 38.0 102.0 2.0 21.0 57.0 23.0 29.0 60.0 6.0 0.0 1.0 3.0 6.0 15.0 13.0 13.0 23.0 9.0 1.0 0.0 0.0 21.0 6.0 14.0 40.0 24.0 1.0 0.0 3.0 16.0 23.0 22.0 37.0 31.0 3.0 0.0 0.0 39.0 38.0 0.0 0.0 1.0 37.0 40.0 15.0 24.0 
25_3_036_46
1.0 0.0 0.0 0.0 58.0 14.0 19.0 39.0 3.0 0.0 0.0 34.0 42.0 17.0 26.0 16.0 1.0 0.0 0.0 42.0 45.0 14.0 33.0 69.0 18.0 0.0 0.0 9.0 67.0 20.0 18.0 88.0 22.0 27.0 22.0 19.0 4.0 26.0 12.0 54.0 29.0 9.0 68.0 23.0 58.0 37.0 10.0 93.0 72.0 36.0 5.0 102.0 36.0 0.0 48.0 30.0 25.0 20.0 18.0 36.0 5.0 0.0 0.0 75.0 0.0 8.0 91.0 24.0 14.0 37.0 31.0 0.0 54.0 28.0 57.0 100.0 1.0 0.0 0.0 38.0 58.0 26.0 30.0 16.0 0.0 0.0 2.0 71.0 26.0 21.0 36.0 28.0 0.0 2.0 7.0 5.0 0.0 0.0 14.0 9.0 56.0 16.0 4.0 0.0 0.0 0.0 3.0 5.0 19.0 15.0 7.0 1.0 1.0 0.0 0.0 0.0 0.0 62.0 39.0 9.0 0.0 0.0 0.0 0.0 7.0 39.0 23.0 10.0 
25_3_036_47
0.0 0.0 0.0 0.0 5.0 12.0 0.0 0.0 0.0 0.0 5.0 18.0 8.0 4.0 0.0 0.0 14.0 17.0 31.0 6.0 0.0 0.0 0.0 3.0 76.0 0.0 0.0 17.0 25.0 1.0 0.0 61.0 0.0 0.0 0.0 1.0 11.0 14.0 2.0 0.0 0.0 0.0 14.0 102.0 12.0 5.0 0.0 0.0 0.0 1.0 14.0 12.0 8.0 60.0 38.0 10.0 47.0 7.0 0.0 0.0 2.0 11.0 5.0 44.0 0.0 0.0 0.0 4.0 1.0 1.0 3.0 4.0 0.0 0.0 0.0 63.0 58.0 6.0 0.0 0.0 70.0 12.0 0.0 0.0 9.0 102.0 36.0 37.0 39.0 33.0 0.0 0.0 40.0 83.0 4.0 0.0 0.0 0.0 0.0 0.0 0.0 0.0 1.0 5.0 0.0 0.0 1.0 6.0 2.0 15.0 42.0 19.0 31.0 48.0 49.0 15.0 2.0 53.0 9.0 0.0 35.0 9.0 0.0 24.0 70.0 17.0 0.0 5.0 
25_3_036_48
4.0 5.0 0.0 0.0 0.0 0.0 24.0 27.0 25.0 39.0 14.0 10.0 30.0 1.0 4.0 2.0 13.0 5.0 0.0 0.0 74.0 21.0 0.0 0.0 11.0 24.0 11.0 5.0 2.0 0.0 0.0 0.0 2.0 0.0 1.0 0.0 0.0 23.0 13.0 1.0 6.0 1.0 0.0 7.0 22.0 27.0 1.0 0.0 13.0 63.0 42.0 36.0 3.0 0.0 0.0 0.0 11.0 26.0 18.0 9.0 0.0 0.0 0.0 0.0 0.0 0.0 1.0 0.0 0.0 1.0 0.0 0.0 0.0 0.0 8.0 27.0 0.0 0.0 0.0 0.0 0.0 0.0 25.0 102.0 0.0 0.0 0.0 0.0 1.0 3.0 0.0 0.0 0.0 0.0 0.0 0.0 0.0 0.0 2.0 0.0 0.0 0.0 0.0 0.0 0.0 0.0 22.0 39.0 0.0 0.0 0.0 0.0 0.0 0.0 23.0 44.0 0.0 0.0 0.0 0.0 0.0 0.0 1.0 0.0 0.0 0.0 0.0 0.0 
25_3_036_49
2.0 0.0 0.0 0.0 10.0 34.0 2.0 1.0 0.0 1.0 2.0 6.0 9.0 2.0 13.0 3.0 0.0 0.0 0.0 11.0 21.0 18.0 0.0 0.0 0.0 0.0 0.0 11.0 29.0 17.0 11.0 0.0 15.0 8.0 13.0 16.0 7.0 0.0 16.0 42.0 0.0 1.0 1.0 7.0 59.0 23.0 51.0 29.0 0.0 0.0 3.0 102.0 16.0 2.0 0.0 1.0 0.0 0.0 1.0 37.0 20.0 1.0 15.0 71.0 27.0 3.0 1.0 8.0 3.0 0.0 19.0 39.0 27.0 26.0 10.0 5.0 10.0 18.0 17.0 11.0 0.0 0.0 13.0 93.0 10.0 18.0 18.0 1.0 2.0 0.0 2.0 27.0 23.0 1.0 32.0 39.0 29.0 2.0 0.0 0.0 0.0 0.0 0.0 8.0 12.0 47.0 8.0 0.0 0.0 0.0 0.0 0.0 11.0 19.0 26.0 2.0 0.0 0.0 0.0 0.0 2.0 60.0 8.0 1.0 0.0 0.0 0.0 0.0 
25_3_036_50
12.0 31.0 16.0 0.0 2.0 0.0 33.0 17.0 22.0 6.0 0.0 21.0 87.0 15.0 0.0 1.0 58.0 13.0 0.0 0.0 28.0 6.0 0.0 0.0 6.0 16.0 17.0 17.0 1.0 0.0 0.0 0.0 1.0 3.0 10.0 2.0 11.0 30.0 3.0 0.0 71.0 22.0 9.0 9.0 19.0 8.0 0.0 1.0 15.0 67.0 36.0 34.0 42.0 2.0 0.0 0.0 21.0 9.0 1.0 0.0 0.0 0.0 0.0 0.0 0.0 0.0 1.0 2.0 0.0 0.0 0.0 0.0 0.0 0.0 29.0 102.0 3.0 0.0 0.0 0.0 1.0 16.0 9.0 9.0 0.0 0.0 0.0 0.0 12.0 19.0 0.0 0.0 0.0 0.0 0.0 0.0 0.0 0.0 6.0 3.0 0.0 0.0 0.0 0.0 0.0 0.0 49.0 59.0 0.0 0.0 0.0 0.0 0.0 0.0 1.0 2.0 1.0 0.0 0.0 0.0 1.0 0.0 0.0 0.0 0.0 0.0 0.0 0.0 
25_3_036_51
4.0 10.0 0.0 0.0 0.0 0.0 0.0 1.0 7.0 31.0 0.0 0.0 0.0 0.0 0.0 0.0 0.0 9.0 9.0 2.0 2.0 0.0 0.0 0.0 6.0 7.0 0.0 0.0 0.0 4.0 2.0 3.0 7.0 7.0 0.0 0.0 3.0 33.0 22.0 11.0 4.0 6.0 0.0 0.0 4.0 92.0 6.0 2.0 2.0 4.0 18.0 30.0 25.0 10.0 5.0 1.0 0.0 16.0 3.0 0.0 0.0 40.0 38.0 0.0 7.0 15.0 3.0 31.0 11.0 0.0 0.0 0.0 41.0 27.0 8.0 7.0 0.0 0.0 1.0 67.0 0.0 0.0 10.0 102.0 2.0 1.0 42.0 46.0 0.0 6.0 45.0 15.0 0.0 2.0 26.0 3.0 1.0 12.0 27.0 9.0 0.0 0.0 0.0 0.0 6.0 0.0 8.0 6.0 0.0 0.0 2.0 89.0 18.0 0.0 8.0 69.0 0.0 0.0 0.0 55.0 0.0 1.0 11.0 34.0 25.0 4.0 0.0 0.0 
25_3_036_52
19.0 1.0 0.0 3.0 10.0 0.0 18.0 25.0 0.0 0.0 0.0 7.0 44.0 23.0 26.0 30.0 0.0 0.0 4.0 73.0 3.0 1.0 1.0 0.0 0.0 0.0 0.0 3.0 1.0 1.0 6.0 50.0 8.0 5.0 11.0 14.0 11.0 2.0 21.0 27.0 30.0 38.0 7.0 1.0 8.0 26.0 29.0 21.0 0.0 0.0 13.0 102.0 7.0 14.0 2.0 0.0 0.0 0.0 1.0 15.0 4.0 11.0 33.0 54.0 41.0 9.0 0.0 0.0 0.0 0.0 2.0 9.0 4.0 50.0 6.0 0.0 0.0 5.0 1.0 1.0 11.0 12.0 28.0 11.0 0.0 3.0 8.0 1.0 4.0 65.0 3.0 0.0 0.0 4.0 8.0 2.0 10.0 4.0 0.0 0.0 0.0 5.0 5.0 3.0 1.0 19.0 6.0 0.0 0.0 0.0 0.0 0.0 0.0 7.0 4.0 4.0 1.0 3.0 1.0 0.0 0.0 0.0 1.0 3.0 0.0 2.0 1.0 0.0 
25_3_036_53
0.0 1.0 0.0 0.0 1.0 4.0 3.0 5.0 0.0 13.0 2.0 3.0 8.0 36.0 3.0 0.0 4.0 16.0 6.0 2.0 22.0 22.0 0.0 0.0 4.0 0.0 0.0 0.0 23.0 25.0 0.0 1.0 0.0 0.0 0.0 0.0 0.0 1.0 10.0 28.0 0.0 17.0 51.0 10.0 0.0 37.0 55.0 32.0 37.0 26.0 0.0 68.0 87.0 28.0 0.0 10.0 20.0 5.0 3.0 12.0 0.0 1.0 1.0 8.0 5.0 1.0 0.0 0.0 0.0 0.0 3.0 39.0 18.0 10.0 4.0 40.0 42.0 21.0 0.0 55.0 7.0 29.0 4.0 32.0 43.0 24.0 55.0 30.0 3.0 6.0 16.0 20.0 52.0 71.0 0.0 2.0 4.0 2.0 1.0 4.0 3.0 0.0 1.0 3.0 13.0 79.0 7.0 0.0 1.0 16.0 7.0 0.0 0.0 102.0 6.0 0.0 0.0 55.0 39.0 0.0 1.0 34.0 21.0 14.0 14.0 38.0 12.0 0.0 
25_3_036_54
0.0 4.0 45.0 12.0 0.0 0.0 0.0 0.0 0.0 4.0 6.0 5.0 4.0 31.0 12.0 0.0 10.0 13.0 2.0 0.0 9.0 12.0 1.0 0.0 2.0 15.0 4.0 0.0 1.0 2.0 2.0 0.0 0.0 0.0 3.0 2.0 2.0 7.0 22.0 11.0 0.0 13.0 39.0 23.0 0.0 39.0 77.0 21.0 32.0 22.0 1.0 2.0 102.0 53.0 2.0 11.0 1.0 0.0 34.0 19.0 11.0 61.0 49.0 1.0 14.0 0.0 0.0 0.0 0.0 0.0 1.0 17.0 74.0 0.0 0.0 30.0 46.0 10.0 0.0 18.0 0.0 7.0 60.0 2.0 0.0 45.0 47.0 40.0 0.0 0.0 92.0 7.0 0.0 0.0 35.0 24.0 13.0 0.0 0.0 1.0 35.0 2.0 0.0 5.0 33.0 12.0 1.0 1.0 0.0 0.0 0.0 2.0 1.0 31.0 48.0 5.0 1.0 0.0 4.0 0.0 0.0 0.0 7.0 9.0 5.0 2.0 52.0 36.0 
25_3_036_55
0.0 2.0 3.0 0.0 0.0 0.0 29.0 17.0 0.0 10.0 15.0 1.0 2.0 15.0 3.0 1.0 2.0 1.0 5.0 2.0 1.0 16.0 67.0 44.0 3.0 0.0 1.0 31.0 20.0 16.0 15.0 26.0 0.0 0.0 2.0 18.0 7.0 5.0 19.0 16.0 0.0 7.0 39.0 22.0 0.0 51.0 82.0 25.0 48.0 36.0 5.0 11.0 4.0 41.0 37.0 26.0 24.0 0.0 4.0 102.0 0.0 0.0 0.0 55.0 1.0 0.0 0.0 6.0 3.0 3.0 6.0 31.0 60.0 31.0 0.0 10.0 54.0 9.0 0.0 30.0 5.0 43.0 16.0 22.0 0.0 38.0 46.0 20.0 8.0 0.0 10.0 73.0 3.0 0.0 0.0 21.0 5.0 6.0 0.0 0.0 0.0 0.0 0.0 3.0 11.0 22.0 0.0 0.0 0.0 0.0 0.0 0.0 3.0 34.0 7.0 0.0 1.0 0.0 0.0 0.0 1.0 1.0 5.0 2.0 1.0 4.0 3.0 1.0 
25_3_036_56
14.0 25.0 3.0 0.0 1.0 35.0 15.0 22.0 0.0 53.0 24.0 0.0 3.0 102.0 0.0 0.0 3.0 20.0 8.0 0.0 10.0 73.0 4.0 -1.0 3.0 0.0 1.0 1.0 5.0 2.0 -1.0 9.0 100.0 11.0 2.0 1.0 6.0 2.0 -31.0 50.0 34.0 22.0 48.0 36.0 5.0 14.0 -10.0 61.0 63.0 2.0 5.0 43.0 15.0 17.0 -19.0 58.0 0.0 0.0 3.0 33.0 6.0 0.0 1.0 0.0 1.0 0.0 0.0 11.0 15.0 1.0 0.0 21.0 99.0 0.0 0.0 7.0 38.0 22.0 -33.0 92.0 0.0 29.0 60.0 31.0 0.0 17.0 48.0 8.0 0.0 0.0 11.0 22.0 0.0 0.0 0.0 0.0 61.0 0.0 0.0 2.0 3.0 0.0 -4.0 -8.0 48.0 0.0 0.0 0.0 2.0 19.0 3.0 -3.0 2.0 29.0 1.0 0.0 0.0 6.0 -3.0 15.0 4.0 1.0 5.0 6.0 0.0 0.0 0.0 -1.0 
25_3_036_57
0.0 17.0 21.0 0.0 0.0 23.0 33.0 2.0 24.0 53.0 1.0 3.0 31.0 39.0 0.0 0.0 28.0 0.0 4.0 23.0 16.0 5.0 5.0 24.0 7.0 1.0 0.0 19.0 27.0 9.0 3.0 4.0 0.0 6.0 60.0 79.0 10.0 0.0 13.0 12.0 39.0 18.0 0.0 0.0 7.0 72.0 54.0 30.0 16.0 5.0 22.0 32.0 49.0 13.0 2.0 23.0 51.0 0.0 3.0 2.0 18.0 22.0 1.0 46.0 28.0 5.0 0.0 17.0 68.0 25.0 1.0 14.0 42.0 19.0 12.0 0.0 0.0 32.0 29.0 37.0 1.0 3.0 65.0 102.0 1.0 0.0 6.0 28.0 10.0 1.0 8.0 7.0 0.0 0.0 9.0 71.0 10.0 36.0 1.0 1.0 16.0 12.0 0.0 0.0 0.0 76.0 31.0 0.0 3.0 43.0 5.0 0.0 0.0 4.0 6.0 0.0 0.0 18.0 60.0 5.0 1.0 9.0 10.0 1.0 7.0 5.0 5.0 1.0 
25_3_036_58
0.0 53.0 20.0 8.0 10.0 13.0 12.0 6.0 5.0 92.0 41.0 0.0 15.0 15.0 4.0 1.0 6.0 1.0 2.0 36.0 61.0 7.0 15.0 10.0 0.0 0.0 0.0 2.0 0.0 1.0 1.0 8.0 1.0 22.0 6.0 0.0 0.0 8.0 49.0 6.0 0.0 2.0 4.0 1.0 3.0 102.0 60.0 9.0 0.0 0.0 73.0 93.0 3.0 1.0 38.0 18.0 8.0 7.0 1.0 3.0 1.0 5.0 8.0 0.0 12.0 0.0 0.0 0.0 0.0 2.0 23.0 68.0 62.0 26.0 21.0 44.0 30.0 8.0 12.0 22.0 2.0 2.0 18.0 53.0 31.0 60.0 30.0 23.0 0.0 9.0 57.0 18.0 32.0 32.0 23.0 0.0 26.0 1.0 0.0 0.0 0.0 0.0 2.0 9.0 27.0 27.0 25.0 0.0 11.0 24.0 9.0 6.0 0.0 49.0 94.0 7.0 0.0 0.0 2.0 4.0 0.0 11.0 26.0 0.0 0.0 13.0 34.0 0.0 
25_3_036_59
0.0 0.0 0.0 0.0 1.0 1.0 2.0 19.0 22.0 0.0 0.0 0.0 11.0 51.0 1.0 25.0 0.0 0.0 0.0 0.0 41.0 69.0 1.0 0.0 5.0 0.0 9.0 3.0 8.0 23.0 0.0 34.0 4.0 0.0 2.0 6.0 4.0 6.0 8.0 -1.0 85.0 0.0 1.0 0.0 0.0 39.0 60.0 2.0 14.0 22.0 32.0 31.0 4.0 1.0 -1.0 30.0 5.0 0.0 5.0 30.0 16.0 5.0 -7.0 40.0 0.0 7.0 2.0 0.0 4.0 3.0 26.0 42.0 30.0 48.0 22.0 7.0 3.0 7.0 -14.0 40.0 45.0 17.0 6.0 19.0 21.0 16.0 7.0 20.0 3.0 9.0 51.0 14.0 0.0 0.0 9.0 2.0 4.0 0.0 0.0 1.0 4.0 4.0 -25.0 102.0 0.0 1.0 4.0 0.0 76.0 30.0 -1.0 6.0 18.0 19.0 3.0 0.0 31.0 9.0 -4.0 4.0 3.0 5.0 4.0 0.0 0.0 0.0 0.0 2.0 
25_3_036_60
0.0 1.0 2.0 0.0 0.0 16.0 46.0 4.0 6.0 4.0 4.0 0.0 5.0 67.0 30.0 11.0 2.0 0.0 4.0 66.0 4.0 2.0 16.0 16.0 9.0 0.0 9.0 4.0 33.0 6.0 3.0 48.0 15.0 0.0 6.0 16.0 7.0 0.0 16.0 53.0 26.0 26.0 11.0 12.0 27.0 40.0 32.0 32.0 2.0 3.0 13.0 102.0 0.0 0.0 3.0 2.0 23.0 0.0 10.0 8.0 13.0 3.0 0.0 70.0 29.0 13.0 0.0 0.0 0.0 0.0 1.0 3.0 14.0 70.0 1.0 0.0 0.0 0.0 0.0 0.0 0.0 10.0 37.0 27.0 2.0 2.0 0.0 0.0 31.0 14.0 0.0 0.0 0.0 3.0 4.0 38.0 3.0 11.0 0.0 0.0 4.0 29.0 6.0 0.0 7.0 8.0 0.0 0.0 2.0 25.0 0.0 2.0 1.0 9.0 7.0 2.0 1.0 0.0 1.0 0.0 1.0 17.0 3.0 0.0 0.0 1.0 0.0 0.0 
25_3_036_61
0.0 0.0 0.0 38.0 3.0 0.0 3.0 16.0 0.0 0.0 0.0 56.0 41.0 8.0 28.0 51.0 0.0 0.0 0.0 0.0 4.0 31.0 63.0 4.0 0.0 0.0 0.0 0.0 0.0 24.0 17.0 0.0 0.0 0.0 9.0 49.0 0.0 1.0 4.0 38.0 0.0 0.0 7.0 102.0 3.0 0.0 4.0 72.0 29.0 0.0 0.0 0.0 0.0 0.0 0.0 41.0 1.0 0.0 0.0 0.0 0.0 0.0 1.0 1.0 18.0 30.0 0.0 4.0 8.0 43.0 38.0 3.0 2.0 84.0 7.0 16.0 43.0 8.0 19.0 11.0 9.0 22.0 13.0 16.0 23.0 21.0 5.0 4.0 37.0 2.0 0.0 0.0 0.0 0.0 0.0 3.0 0.0 12.0 5.0 4.0 0.0 0.0 0.0 0.0 0.0 24.0 7.0 4.0 1.0 0.0 0.0 0.0 9.0 20.0 2.0 0.0 0.0 0.0 0.0 4.0 22.0 2.0 0.0 0.0 0.0 0.0 0.0 7.0 
25_3_036_62
0.0 0.0 0.0 0.0 0.0 0.0 2.0 41.0 2.0 1.0 1.0 0.0 0.0 0.0 -3.0 14.0 0.0 5.0 13.0 0.0 0.0 0.0 0.0 0.0 0.0 3.0 0.0 0.0 0.0 11.0 11.0 6.0 0.0 0.0 0.0 0.0 0.0 0.0 -21.0 81.0 0.0 0.0 1.0 1.0 2.0 0.0 2.0 9.0 3.0 2.0 8.0 12.0 1.0 1.0 -3.0 77.0 17.0 2.0 0.0 8.0 49.0 19.0 -2.0 41.0 0.0 0.0 0.0 0.0 0.0 0.0 -14.0 70.0 1.0 1.0 9.0 2.0 0.0 0.0 -5.0 26.0 0.0 0.0 3.0 12.0 1.0 15.0 86.0 20.0 20.0 24.0 5.0 12.0 38.0 0.0 13.0 33.0 0.0 0.0 0.0 0.0 0.0 30.0 13.0 18.0 1.0 0.0 1.0 5.0 4.0 7.0 0.0 20.0 4.0 0.0 7.0 25.0 9.0 0.0 -1.0 102.0 5.0 3.0 14.0 1.0 9.0 30.0 13.0 40.0 
25_3_036_63
0.0 0.0 0.0 0.0 0.0 1.0 0.0 0.0 1.0 0.0 2.0 0.0 0.0 0.0 5.0 6.0 0.0 0.0 0.0 1.0 10.0 12.0 8.0 0.0 0.0 0.0 0.0 0.0 0.0 1.0 1.0 0.0 3.0 7.0 0.0 0.0 5.0 56.0 1.0 -1.0 0.0 1.0 2.0 2.0 15.0 44.0 42.0 27.0 0.0 0.0 1.0 68.0 10.0 2.0 4.0 0.0 0.0 0.0 0.0 0.0 0.0 1.0 1.0 0.0 23.0 71.0 0.0 0.0 4.0 21.0 0.0 -10.0 102.0 37.0 1.0 3.0 8.0 5.0 -21.0 55.0 14.0 0.0 15.0 50.0 0.0 0.0 -3.0 5.0 0.0 0.0 0.0 0.0 0.0 1.0 2.0 0.0 35.0 2.0 5.0 0.0 3.0 58.0 1.0 -12.0 25.0 6.0 8.0 0.0 18.0 70.0 5.0 -2.0 4.0 0.0 3.0 15.0 17.0 9.0 1.0 0.0 0.0 0.0 0.0 0.0 1.0 2.0 0.0 0.0 
25_3_036_64
0.0 0.0 1.0 3.0 5.0 0.0 0.0 0.0 26.0 1.0 0.0 1.0 18.0 27.0 1.0 -11.0 9.0 53.0 0.0 0.0 20.0 26.0 0.0 0.0 44.0 17.0 0.0 1.0 5.0 0.0 -13.0 61.0 0.0 2.0 11.0 16.0 0.0 0.0 -5.0 18.0 0.0 30.0 32.0 0.0 4.0 30.0 23.0 64.0 53.0 10.0 7.0 2.0 27.0 70.0 -23.0 34.0 16.0 14.0 0.0 5.0 27.0 54.0 2.0 1.0 0.0 0.0 3.0 30.0 0.0 0.0 8.0 29.0 0.0 0.0 23.0 82.0 7.0 0.0 6.0 46.0 0.0 4.0 28.0 62.0 0.0 0.0 8.0 102.0 0.0 13.0 6.0 19.0 0.0 0.0 -5.0 100.0 0.0 0.0 0.0 10.0 10.0 2.0 -3.0 17.0 6.0 2.0 12.0 10.0 1.0 38.0 14.0 19.0 4.0 0.0 14.0 9.0 22.0 43.0 -10.0 31.0 1.0 8.0 6.0 4.0 3.0 3.0 -5.0 51.0 
25_3_036_65
12.0 33.0 32.0 5.0 9.0 10.0 2.0 7.0 5.0 10.0 37.0 32.0 8.0 19.0 19.0 39.0 0.0 88.0 20.0 4.0 5.0 27.0 8.0 0.0 3.0 4.0 12.0 4.0 0.0 5.0 18.0 50.0 2.0 2.0 4.0 38.0 9.0 1.0 19.0 63.0 11.0 1.0 50.0 40.0 39.0 14.0 3.0 84.0 6.0 88.0 39.0 2.0 7.0 58.0 10.0 1.0 32.0 4.0 7.0 8.0 6.0 1.0 3.0 65.0 5.0 0.0 3.0 54.0 9.0 0.0 1.0 46.0 41.0 47.0 10.0 31.0 49.0 1.0 0.0 62.0 0.0 90.0 14.0 1.0 11.0 102.0 30.0 0.0 21.0 24.0 32.0 8.0 20.0 21.0 3.0 3.0 0.0 0.0 4.0 5.0 0.0 5.0 19.0 6.0 1.0 10.0 13.0 2.0 9.0 12.0 0.0 0.0 0.0 11.0 3.0 0.0 0.0 38.0 7.0 0.0 0.0 0.0 0.0 0.0 0.0 15.0 23.0 0.0 
25_3_036_66
21.0 36.0 4.0 4.0 19.0 8.0 0.0 1.0 5.0 64.0 18.0 6.0 6.0 8.0 6.0 1.0 2.0 7.0 26.0 13.0 31.0 6.0 10.0 22.0 18.0 0.0 1.0 0.0 0.0 0.0 0.0 12.0 5.0 0.0 0.0 95.0 10.0 0.0 4.0 32.0 6.0 1.0 8.0 81.0 22.0 9.0 11.0 53.0 21.0 0.0 0.0 86.0 4.0 0.0 13.0 102.0 3.0 0.0 0.0 11.0 1.0 0.0 0.0 37.0 17.0 55.0 3.0 3.0 33.0 28.0 11.0 15.0 11.0 76.0 5.0 3.0 40.0 35.0 28.0 2.0 0.0 59.0 28.0 46.0 12.0 26.0 39.0 0.0 0.0 0.0 0.0 13.0 11.0 0.0 11.0 14.0 0.0 5.0 8.0 34.0 37.0 10.0 6.0 10.0 21.0 49.0 0.0 0.0 1.0 48.0 3.0 2.0 2.0 44.0 1.0 0.0 3.0 43.0 3.0 0.0 17.0 2.0 0.0 0.0 0.0 1.0 0.0 5.0 
25_3_036_67
6.0 12.0 3.0 0.0 0.0 35.0 14.0 6.0 12.0 24.0 3.0 0.0 1.0 78.0 6.0 2.0 2.0 0.0 1.0 24.0 20.0 26.0 1.0 2.0 1.0 2.0 10.0 6.0 0.0 3.0 20.0 17.0 4.0 26.0 7.0 14.0 4.0 20.0 16.0 0.0 24.0 33.0 7.0 3.0 5.0 48.0 45.0 40.0 1.0 0.0 4.0 102.0 3.0 0.0 4.0 5.0 3.0 0.0 2.0 16.0 0.0 0.0 1.0 91.0 14.0 21.0 6.0 12.0 2.0 28.0 10.0 1.0 41.0 41.0 6.0 0.0 3.0 45.0 30.0 28.0 1.0 1.0 23.0 88.0 12.0 5.0 4.0 0.0 3.0 0.0 4.0 3.0 0.0 31.0 35.0 48.0 5.0 12.0 0.0 0.0 0.0 3.0 14.0 5.0 0.0 44.0 1.0 0.0 0.0 9.0 2.0 2.0 4.0 10.0 24.0 7.0 2.0 0.0 4.0 2.0 5.0 39.0 0.0 0.0 0.0 0.0 7.0 1.0 
25_3_036_68
0.0 0.0 0.0 3.0 0.0 0.0 0.0 0.0 0.0 0.0 0.0 35.0 15.0 0.0 0.0 0.0 50.0 0.0 0.0 0.0 0.0 0.0 0.0 63.0 5.0 0.0 0.0 0.0 0.0 0.0 0.0 0.0 2.0 14.0 5.0 2.0 0.0 0.0 0.0 0.0 0.0 2.0 9.0 41.0 0.0 0.0 0.0 0.0 27.0 0.0 0.0 0.0 1.0 0.0 18.0 34.0 21.0 1.0 0.0 0.0 0.0 0.0 4.0 39.0 34.0 17.0 0.0 0.0 0.0 0.0 0.0 6.0 3.0 2.0 1.0 6.0 4.0 27.0 19.0 4.0 0.0 0.0 0.0 0.0 4.0 47.0 43.0 7.0 2.0 0.0 0.0 0.0 0.0 0.0 11.0 49.0 0.0 0.0 0.0 0.0 0.0 26.0 48.0 14.0 0.0 13.0 50.0 7.0 0.0 34.0 102.0 11.0 56.0 60.0 7.0 0.0 19.0 55.0 4.0 7.0 5.0 0.0 0.0 16.0 35.0 10.0 0.0 20.0 
25_3_036_69
0.0 0.0 10.0 42.0 4.0 0.0 11.0 37.0 2.0 0.0 15.0 32.0 6.0 7.0 2.0 25.0 0.0 0.0 8.0 38.0 14.0 9.0 12.0 22.0 5.0 0.0 0.0 0.0 0.0 0.0 0.0 21.0 8.0 14.0 0.0 13.0 24.0 26.0 30.0 15.0 1.0 0.0 7.0 33.0 44.0 42.0 30.0 22.0 0.0 0.0 14.0 79.0 6.0 2.0 6.0 23.0 0.0 0.0 0.0 0.0 0.0 0.0 5.0 23.0 42.0 49.0 6.0 7.0 3.0 0.0 0.0 2.0 24.0 102.0 0.0 0.0 0.0 0.0 0.0 0.0 6.0 13.0 28.0 19.0 4.0 1.0 6.0 1.0 0.0 1.0 0.0 0.0 0.0 0.0 3.0 3.0 10.0 22.0 0.0 0.0 20.0 61.0 0.0 0.0 4.0 10.0 3.0 5.0 32.0 62.0 0.0 0.0 13.0 0.0 0.0 7.0 9.0 1.0 2.0 10.0 1.0 1.0 0.0 0.0 0.0 0.0 0.0 0.0 
25_3_036_70
0.0 17.0 3.0 0.0 0.0 0.0 0.0 0.0 2.0 18.0 0.0 0.0 0.0 0.0 0.0 0.0 2.0 2.0 0.0 1.0 0.0 0.0 0.0 0.0 0.0 1.0 1.0 1.0 0.0 0.0 0.0 0.0 6.0 16.0 3.0 0.0 3.0 47.0 10.0 8.0 3.0 11.0 1.0 0.0 4.0 76.0 8.0 2.0 6.0 0.0 6.0 16.0 24.0 15.0 3.0 1.0 2.0 8.0 12.0 1.0 0.0 10.0 18.0 4.0 4.0 33.0 6.0 3.0 5.0 28.0 10.0 0.0 36.0 33.0 4.0 0.0 5.0 42.0 38.0 35.0 0.0 0.0 11.0 102.0 1.0 0.0 0.0 0.0 0.0 0.0 2.0 11.0 4.0 0.0 12.0 76.0 10.0 26.0 1.0 0.0 4.0 27.0 4.0 2.0 25.0 28.0 0.0 0.0 3.0 17.0 20.0 24.0 0.0 0.0 32.0 67.0 4.0 9.0 0.0 0.0 2.0 0.0 3.0 14.0 1.0 5.0 20.0 55.0 
25_3_036_71
5.0 16.0 0.0 0.0 0.0 7.0 0.0 0.0 5.0 6.0 1.0 1.0 1.0 0.0 0.0 3.0 1.0 17.0 7.0 0.0 0.0 1.0 3.0 1.0 0.0 18.0 7.0 4.0 0.0 0.0 0.0 0.0 23.0 44.0 4.0 0.0 4.0 72.0 3.0 0.0 16.0 0.0 9.0 82.0 31.0 52.0 1.0 7.0 0.0 4.0 14.0 1.0 0.0 21.0 102.0 5.0 4.0 17.0 8.0 0.0 11.0 80.0 11.0 0.0 5.0 4.0 16.0 14.0 0.0 0.0 0.0 44.0 3.0 1.0 11.0 100.0 2.0 0.0 2.0 68.0 0.0 0.0 46.0 36.0 0.0 0.0 46.0 79.0 17.0 23.0 33.0 15.0 0.0 0.0 0.0 3.0 3.0 5.0 15.0 4.0 0.0 0.0 0.0 57.0 13.0 3.0 17.0 72.0 0.0 0.0 1.0 36.0 43.0 0.0 1.0 31.0 30.0 0.0 0.0 54.0 0.0 1.0 9.0 3.0 18.0 38.0 30.0 4.0 
25_3_036_72
0.0 0.0 0.0 0.0 1.0 7.0 14.0 1.0 0.0 0.0 7.0 7.0 5.0 1.0 0.0 0.0 0.0 6.0 12.0 2.0 0.0 0.0 0.0 1.0 1.0 5.0 4.0 0.0 0.0 15.0 52.0 14.0 0.0 0.0 6.0 7.0 1.0 1.0 10.0 2.0 0.0 0.0 10.0 23.0 0.0 1.0 7.0 0.0 1.0 0.0 8.0 29.0 3.0 0.0 0.0 49.0 5.0 8.0 8.0 20.0 49.0 7.0 51.0 84.0 0.0 3.0 20.0 9.0 0.0 0.0 0.0 0.0 0.0 4.0 8.0 2.0 0.0 4.0 19.0 3.0 0.0 0.0 5.0 19.0 10.0 82.0 93.0 15.0 20.0 25.0 14.0 10.0 25.0 7.0 36.0 102.0 0.0 1.0 17.0 6.0 0.0 0.0 0.0 0.0 1.0 1.0 4.0 0.0 16.0 40.0 27.0 71.0 75.0 69.0 0.0 0.0 11.0 31.0 27.0 16.0 22.0 52.0 2.0 20.0 28.0 20.0 7.0 13.0 
25_3_036_73
2.0 0.0 0.0 0.0 1.0 10.0 8.0 4.0 4.0 2.0 1.0 5.0 17.0 2.0 0.0 10.0 0.0 0.0 17.0 24.0 7.0 7.0 15.0 14.0 10.0 4.0 2.0 0.0 0.0 0.0 0.0 14.0 51.0 2.0 12.0 18.0 3.0 0.0 0.0 11.0 48.0 0.0 0.0 3.0 37.0 21.0 12.0 13.0 0.0 0.0 58.0 76.0 4.0 0.0 6.0 18.0 0.0 0.0 0.0 0.0 0.0 0.0 15.0 46.0 5.0 1.0 0.0 40.0 35.0 19.0 0.0 3.0 50.0 0.0 0.0 0.0 0.0 0.0 0.0 64.0 0.0 0.0 5.0 102.0 27.0 0.0 6.0 18.0 0.0 0.0 0.0 0.0 0.0 0.0 5.0 39.0 0.0 4.0 45.0 30.0 0.0 0.0 5.0 7.0 9.0 0.0 0.0 0.0 0.0 0.0 12.0 32.0 0.0 9.0 16.0 18.0 4.0 8.0 10.0 1.0 0.0 0.0 0.0 0.0 0.0 0.0 12.0 13.0 
25_3_036_74
-10.0 21.0 10.0 0.0 0.0 0.0 41.0 6.0 28.0 12.0 0.0 0.0 0.0 8.0 36.0 4.0 1.0 -2.0 12.0 64.0 8.0 0.0 0.0 3.0 0.0 0.0 0.0 0.0 2.0 12.0 23.0 15.0 5.0 55.0 0.0 1.0 0.0 2.0 50.0 1.0 31.0 3.0 13.0 12.0 12.0 7.0 15.0 21.0 0.0 0.0 2.0 81.0 4.0 0.0 7.0 15.0 -3.0 6.0 14.0 21.0 8.0 1.0 28.0 36.0 7.0 48.0 0.0 0.0 0.0 13.0 3.0 -10.0 48.0 0.0 0.0 0.0 0.0 3.0 -38.0 102.0 -8.0 17.0 24.0 44.0 0.0 0.0 15.0 46.0 19.0 42.0 39.0 3.0 7.0 0.0 3.0 -2.0 3.0 0.0 0.0 0.0 0.0 4.0 1.0 0.0 10.0 0.0 0.0 1.0 2.0 2.0 0.0 -3.0 32.0 6.0 0.0 0.0 3.0 2.0 -4.0 0.0 -3.0 3.0 26.0 0.0 0.0 6.0 6.0 0.0 
25_3_036_75
0.0 0.0 0.0 0.0 7.0 41.0 16.0 16.0 0.0 1.0 0.0 0.0 41.0 64.0 0.0 0.0 14.0 4.0 0.0 0.0 12.0 20.0 -8.0 81.0 0.0 7.0 26.0 27.0 0.0 0.0 0.0 0.0 102.0 2.0 0.0 0.0 1.0 18.0 17.0 -12.0 23.0 15.0 41.0 5.0 8.0 17.0 12.0 38.0 21.0 13.0 3.0 17.0 37.0 38.0 -15.0 38.0 0.0 0.0 1.0 23.0 16.0 4.0 0.0 0.0 23.0 43.0 20.0 0.0 0.0 33.0 36.0 -1.0 18.0 0.0 10.0 55.0 19.0 26.0 -9.0 37.0 0.0 0.0 40.0 25.0 0.0 2.0 44.0 32.0 0.0 3.0 11.0 18.0 0.0 0.0 0.0 0.0 0.0 0.0 2.0 8.0 58.0 20.0 -4.0 12.0 64.0 27.0 0.0 0.0 12.0 7.0 -9.0 10.0 0.0 36.0 39.0 0.0 0.0 0.0 0.0 1.0 7.0 5.0 10.0 3.0 0.0 0.0 -1.0 0.0 
25_3_036_76
0.0 0.0 0.0 0.0 0.0 0.0 0.0 0.0 0.0 0.0 9.0 25.0 7.0 0.0 0.0 0.0 0.0 3.0 26.0 23.0 6.0 0.0 0.0 0.0 2.0 3.0 5.0 0.0 0.0 0.0 10.0 7.0 0.0 0.0 0.0 0.0 0.0 0.0 0.0 0.0 0.0 0.0 0.0 14.0 7.0 0.0 0.0 0.0 0.0 0.0 3.0 102.0 6.0 0.0 4.0 6.0 0.0 0.0 0.0 0.0 0.0 0.0 18.0 18.0 1.0 0.0 0.0 0.0 0.0 0.0 0.0 1.0 0.0 0.0 5.0 23.0 0.0 0.0 0.0 0.0 2.0 0.0 18.0 78.0 0.0 0.0 0.0 20.0 0.0 0.0 0.0 0.0 0.0 0.0 2.0 23.0 1.0 0.0 0.0 0.0 0.0 0.0 0.0 0.0 0.0 0.0 5.0 29.0 0.0 0.0 0.0 0.0 6.0 0.0 10.0 72.0 0.0 0.0 0.0 26.0 2.0 0.0 0.0 0.0 0.0 0.0 0.0 18.0 
25_3_036_77
7.0 0.0 0.0 0.0 40.0 15.0 -5.0 16.0 0.0 0.0 0.0 3.0 44.0 7.0 1.0 2.0 0.0 0.0 1.0 2.0 2.0 2.0 1.0 0.0 0.0 0.0 0.0 1.0 2.0 14.0 41.0 5.0 1.0 68.0 15.0 1.0 0.0 2.0 13.0 6.0 3.0 15.0 24.0 19.0 12.0 1.0 0.0 2.0 0.0 0.0 1.0 24.0 4.0 0.0 1.0 16.0 0.0 0.0 13.0 23.0 6.0 0.0 15.0 47.0 2.0 2.0 0.0 0.0 17.0 53.0 0.0 0.0 3.0 0.0 0.0 0.0 8.0 3.0 0.0 9.0 0.0 0.0 2.0 21.0 11.0 0.0 -3.0 10.0 40.0 0.0 0.0 1.0 12.0 0.0 -41.0 102.0 18.0 0.0 3.0 17.0 7.0 1.0 -9.0 36.0 0.0 0.0 3.0 22.0 3.0 1.0 0.0 0.0 2.0 0.0 4.0 1.0 5.0 8.0 11.0 21.0 8.0 6.0 1.0 0.0 12.0 50.0 3.0 -1.0 
25_3_036_78
0.0 0.0 0.0 7.0 4.0 0.0 0.0 0.0 0.0 0.0 0.0 5.0 2.0 0.0 0.0 1.0 15.0 0.0 1.0 1.0 0.0 0.0 -37.0 79.0 0.0 0.0 0.0 0.0 0.0 0.0 -10.0 28.0 0.0 0.0 0.0 7.0 1.0 0.0 0.0 0.0 0.0 0.0 0.0 14.0 4.0 0.0 0.0 0.0 9.0 0.0 5.0 24.0 0.0 0.0 -15.0 48.0 0.0 0.0 0.0 0.0 0.0 0.0 -16.0 76.0 0.0 0.0 4.0 2.0 0.0 0.0 0.0 0.0 0.0 0.0 1.0 18.0 1.0 0.0 0.0 0.0 0.0 0.0 15.0 39.0 0.0 0.0 -7.0 31.0 0.0 0.0 0.0 0.0 0.0 0.0 -13.0 102.0 0.0 0.0 1.0 2.0 0.0 0.0 0.0 0.0 0.0 0.0 3.0 21.0 0.0 0.0 0.0 0.0 0.0 0.0 9.0 29.0 0.0 0.0 2.0 20.0 0.0 0.0 0.0 0.0 0.0 0.0 10.0 60.0 
25_3_036_79
7.0 4.0 0.0 24.0 17.0 0.0 0.0 0.0 4.0 6.0 16.0 63.0 2.0 1.0 1.0 1.0 0.0 0.0 1.0 19.0 1.0 0.0 0.0 0.0 2.0 0.0 0.0 0.0 0.0 0.0 0.0 0.0 2.0 0.0 11.0 42.0 0.0 0.0 0.0 3.0 1.0 0.0 12.0 85.0 0.0 0.0 0.0 9.0 0.0 0.0 3.0 14.0 0.0 0.0 0.0 0.0 0.0 0.0 0.0 0.0 1.0 0.0 1.0 0.0 0.0 0.0 4.0 25.0 5.0 4.0 3.0 0.0 0.0 0.0 6.0 102.0 3.0 0.0 8.0 3.0 0.0 1.0 3.0 6.0 0.0 0.0 0.0 0.0 1.0 2.0 0.0 0.0 0.0 0.0 0.0 1.0 0.0 0.0 0.0 0.0 3.0 2.0 7.0 1.0 0.0 0.0 11.0 96.0 0.0 1.0 0.0 0.0 0.0 0.0 0.0 3.0 2.0 0.0 0.0 0.0 0.0 0.0 0.0 0.0 0.0 0.0 0.0 1.0 
25_3_036_80
0.0 0.0 0.0 0.0 0.0 25.0 18.0 0.0 0.0 0.0 2.0 1.0 33.0 44.0 2.0 0.0 4.0 3.0 5.0 6.0 6.0 0.0 0.0 0.0 15.0 0.0 0.0 0.0 0.0 0.0 0.0 27.0 0.0 30.0 37.0 32.0 0.0 14.0 12.0 0.0 47.0 44.0 0.0 1.0 12.0 0.0 5.0 35.0 6.0 1.0 2.0 102.0 33.0 0.0 0.0 6.0 21.0 18.0 8.0 1.0 0.0 0.0 0.0 10.0 15.0 0.0 7.0 16.0 45.0 35.0 2.0 16.0 0.0 40.0 73.0 0.0 0.0 15.0 62.0 4.0 0.0 1.0 62.0 39.0 0.0 0.0 14.0 5.0 0.0 0.0 0.0 38.0 3.0 0.0 3.0 4.0 43.0 1.0 4.0 33.0 4.0 0.0 0.0 31.0 0.0 8.0 24.0 46.0 20.0 1.0 6.0 11.0 0.0 0.0 0.0 1.0 1.0 3.0 14.0 6.0 0.0 0.0 0.0 32.0 1.0 0.0 0.0 0.0 
25_3_036_81
0.0 0.0 0.0 0.0 12.0 54.0 4.0 0.0 0.0 0.0 0.0 0.0 39.0 50.0 0.0 0.0 10.0 0.0 0.0 0.0 16.0 18.0 8.0 55.0 0.0 1.0 15.0 14.0 0.0 0.0 1.0 0.0 50.0 27.0 24.0 28.0 0.0 0.0 -12.0 21.0 10.0 22.0 44.0 7.0 8.0 22.0 -6.0 39.0 69.0 0.0 2.0 15.0 23.0 41.0 -13.0 21.0 0.0 0.0 3.0 19.0 7.0 1.0 1.0 0.0 0.0 0.0 4.0 60.0 2.0 1.0 20.0 42.0 0.0 0.0 15.0 86.0 2.0 0.0 6.0 38.0 0.0 0.0 7.0 28.0 0.0 0.0 25.0 102.0 0.0 0.0 2.0 15.0 0.0 0.0 1.0 0.0 0.0 0.0 3.0 5.0 5.0 41.0 -5.0 24.0 20.0 0.0 16.0 8.0 19.0 21.0 3.0 -5.0 10.0 6.0 13.0 7.0 0.0 2.0 -13.0 62.0 0.0 0.0 0.0 2.0 0.0 1.0 1.0 0.0 
25_3_036_82
0.0 0.0 1.0 2.0 0.0 1.0 2.0 5.0 3.0 10.0 3.0 28.0 29.0 11.0 4.0 3.0 7.0 26.0 3.0 5.0 14.0 14.0 13.0 19.0 6.0 11.0 3.0 7.0 2.0 3.0 9.0 19.0 3.0 0.0 0.0 0.0 0.0 0.0 0.0 23.0 1.0 0.0 6.0 97.0 7.0 0.0 0.0 31.0 12.0 0.0 1.0 57.0 4.0 2.0 7.0 102.0 17.0 2.0 4.0 40.0 3.0 1.0 1.0 66.0 5.0 0.0 0.0 0.0 0.0 0.0 0.0 19.0 20.0 39.0 2.0 7.0 47.0 13.0 2.0 25.0 4.0 46.0 1.0 7.0 19.0 23.0 48.0 7.0 0.0 30.0 1.0 0.0 24.0 53.0 35.0 5.0 0.0 1.0 2.0 0.0 0.0 0.0 2.0 6.0 0.0 25.0 9.0 34.0 18.0 9.0 9.0 5.0 29.0 59.0 1.0 0.0 0.0 0.0 0.0 0.0 0.0 55.0 2.0 0.0 0.0 0.0 0.0 0.0 
25_3_036_83
3.0 8.0 0.0 11.0 4.0 1.0 33.0 2.0 -4.0 11.0 11.0 6.0 15.0 18.0 17.0 39.0 0.0 0.0 0.0 81.0 4.0 0.0 0.0 7.0 0.0 -1.0 5.0 5.0 0.0 0.0 25.0 42.0 50.0 70.0 5.0 0.0 0.0 3.0 2.0 -32.0 76.0 0.0 0.0 0.0 0.0 1.0 -35.0 94.0 0.0 0.0 7.0 102.0 1.0 0.0 8.0 25.0 -9.0 30.0 15.0 6.0 4.0 0.0 22.0 42.0 3.0 0.0 0.0 0.0 0.0 13.0 4.0 0.0 25.0 0.0 0.0 0.0 7.0 3.0 -21.0 51.0 -1.0 30.0 21.0 12.0 0.0 0.0 -3.0 57.0 3.0 19.0 68.0 15.0 1.0 0.0 1.0 2.0 6.0 0.0 0.0 0.0 0.0 8.0 0.0 -2.0 5.0 0.0 0.0 0.0 3.0 5.0 0.0 -1.0 1.0 0.0 0.0 0.0 7.0 6.0 0.0 0.0 0.0 2.0 1.0 0.0 1.0 7.0 4.0 0.0 
25_3_036_84
8.0 0.0 0.0 2.0 2.0 0.0 0.0 42.0 0.0 4.0 19.0 39.0 27.0 1.0 0.0 27.0 27.0 24.0 2.0 0.0 2.0 23.0 28.0 20.0 0.0 0.0 15.0 52.0 5.0 0.0 0.0 0.0 9.0 0.0 0.0 31.0 21.0 0.0 0.0 51.0 4.0 8.0 47.0 14.0 13.0 5.0 1.0 42.0 1.0 102.0 24.0 0.0 0.0 22.0 7.0 0.0 0.0 5.0 51.0 11.0 0.0 1.0 7.0 0.0 16.0 6.0 11.0 35.0 17.0 0.0 0.0 29.0 18.0 12.0 29.0 87.0 1.0 0.0 0.0 26.0 1.0 0.0 2.0 0.0 3.0 3.0 22.0 9.0 0.0 0.0 1.0 2.0 0.0 7.0 5.0 0.0 3.0 5.0 5.0 0.0 2.0 4.0 0.0 0.0 3.0 10.0 2.0 0.0 0.0 11.0 1.0 0.0 0.0 0.0 0.0 1.0 0.0 1.0 8.0 1.0 0.0 1.0 4.0 7.0 0.0 0.0 0.0 0.0 
25_3_036_85
2.0 10.0 5.0 0.0 11.0 44.0 6.0 0.0 4.0 0.0 0.0 16.0 63.0 11.0 0.0 1.0 6.0 0.0 0.0 0.0 1.0 1.0 1.0 8.0 0.0 0.0 0.0 1.0 8.0 7.0 0.0 0.0 17.0 16.0 30.0 31.0 7.0 2.0 10.0 17.0 14.0 0.0 5.0 102.0 9.0 0.0 1.0 26.0 25.0 6.0 1.0 0.0 3.0 0.0 2.0 5.0 6.0 2.0 0.0 1.0 0.0 1.0 0.0 0.0 3.0 43.0 0.0 1.0 20.0 41.0 13.0 0.0 3.0 52.0 1.0 11.0 49.0 10.0 13.0 0.0 0.0 25.0 14.0 19.0 35.0 63.0 1.0 0.0 2.0 0.0 1.0 5.0 2.0 0.0 0.0 11.0 0.0 26.0 2.0 0.0 0.0 15.0 7.0 0.0 0.0 41.0 2.0 0.0 0.0 48.0 18.0 0.0 1.0 25.0 8.0 15.0 17.0 29.0 9.0 0.0 0.0 0.0 1.0 0.0 0.0 0.0 4.0 4.0 
25_3_036_86
2.0 2.0 0.0 0.0 0.0 0.0 0.0 3.0 6.0 8.0 0.0 0.0 0.0 0.0 0.0 1.0 4.0 5.0 0.0 0.0 0.0 0.0 0.0 0.0 1.0 0.0 0.0 0.0 0.0 0.0 0.0 0.0 0.0 10.0 4.0 15.0 56.0 14.0 1.0 0.0 5.0 24.0 0.0 0.0 0.0 9.0 35.0 24.0 16.0 9.0 4.0 16.0 20.0 6.0 0.0 2.0 5.0 0.0 0.0 0.0 0.0 7.0 26.0 14.0 2.0 7.0 1.0 28.0 50.0 0.0 0.0 6.0 0.0 0.0 0.0 6.0 24.0 7.0 12.0 87.0 0.0 0.0 8.0 102.0 2.0 0.0 7.0 30.0 0.0 2.0 37.0 12.0 0.0 0.0 27.0 35.0 39.0 6.0 11.0 24.0 0.0 0.0 0.0 9.0 5.0 0.0 0.0 2.0 20.0 16.0 14.0 13.0 4.0 0.0 2.0 84.0 0.0 0.0 1.0 37.0 2.0 0.0 3.0 47.0 17.0 0.0 1.0 16.0 
25_3_036_87
10.0 2.0 0.0 20.0 62.0 2.0 0.0 5.0 1.0 22.0 13.0 15.0 6.0 1.0 2.0 0.0 44.0 4.0 0.0 9.0 1.0 0.0 0.0 86.0 7.0 0.0 0.0 81.0 24.0 0.0 0.0 45.0 4.0 0.0 7.0 72.0 12.0 0.0 0.0 50.0 0.0 13.0 17.0 20.0 0.0 0.0 0.0 0.0 44.0 2.0 3.0 36.0 0.0 0.0 0.0 102.0 7.0 0.0 0.0 92.0 35.0 0.0 0.0 13.0 0.0 1.0 80.0 47.0 0.0 0.0 8.0 9.0 2.0 24.0 25.0 10.0 0.0 0.0 0.0 0.0 24.0 5.0 11.0 11.0 0.0 0.0 -2.0 44.0 29.0 47.0 37.0 22.0 0.0 0.0 0.0 6.0 1.0 6.0 16.0 7.0 2.0 0.0 0.0 0.0 0.0 0.0 0.0 1.0 24.0 8.0 0.0 0.0 0.0 0.0 0.0 0.0 2.0 26.0 11.0 0.0 0.0 0.0 0.0 0.0 0.0 22.0 33.0 0.0 
25_3_036_88
11.0 23.0 8.0 2.0 0.0 0.0 0.0 0.0 0.0 36.0 40.0 1.0 0.0 10.0 37.0 0.0 0.0 21.0 20.0 0.0 0.0 60.0 27.0 0.0 7.0 16.0 0.0 0.0 30.0 44.0 0.0 0.0 3.0 8.0 15.0 4.0 0.0 0.0 0.0 6.0 0.0 2.0 61.0 34.0 0.0 0.0 43.0 36.0 12.0 53.0 57.0 0.0 0.0 0.0 0.0 6.0 54.0 26.0 6.0 0.0 0.0 0.0 0.0 20.0 12.0 7.0 3.0 0.0 0.0 0.0 0.0 17.0 43.0 0.0 0.0 64.0 44.0 0.0 0.0 39.0 9.0 18.0 1.0 2.0 45.0 63.0 11.0 2.0 1.0 6.0 3.0 0.0 0.0 29.0 102.0 20.0 5.0 10.0 0.0 0.0 0.0 1.0 3.0 2.0 73.0 16.0 0.0 0.0 0.0 0.0 0.0 4.0 21.0 71.0 0.0 0.0 4.0 30.0 4.0 0.0 0.0 31.0 33.0 0.0 0.0 8.0 6.0 0.0 
25_3_036_89
0.0 0.0 45.0 36.0 0.0 0.0 26.0 13.0 0.0 0.0 27.0 19.0 0.0 5.0 82.0 18.0 0.0 55.0 59.0 1.0 0.0 0.0 0.0 0.0 52.0 21.0 0.0 0.0 24.0 3.0 0.0 10.0 0.0 0.0 37.0 18.0 4.0 0.0 8.0 25.0 1.0 0.0 49.0 99.0 5.0 0.0 12.0 44.0 14.0 25.0 27.0 4.0 0.0 0.0 0.0 0.0 9.0 1.0 6.0 1.0 0.0 0.0 47.0 102.0 5.0 2.0 12.0 14.0 2.0 0.0 0.0 4.0 89.0 7.0 0.0 25.0 60.0 0.0 0.0 12.0 1.0 5.0 2.0 1.0 43.0 90.0 31.0 0.0 0.0 11.0 51.0 3.0 0.0 3.0 83.0 10.0 0.0 1.0 23.0 6.0 0.0 0.0 0.0 0.0 20.0 32.0 7.0 0.0 0.0 0.0 0.0 1.0 18.0 82.0 12.0 0.0 0.0 0.0 0.0 0.0 0.0 32.0 42.0 0.0 0.0 0.0 0.0 0.0 
25_3_036_90
0.0 0.0 0.0 2.0 2.0 10.0 25.0 16.0 0.0 22.0 40.0 0.0 0.0 10.0 58.0 16.0 1.0 52.0 82.0 1.0 0.0 0.0 0.0 3.0 0.0 8.0 18.0 0.0 7.0 43.0 24.0 4.0 23.0 17.0 10.0 0.0 0.0 0.0 0.0 7.0 0.0 32.0 69.0 0.0 0.0 15.0 50.0 12.0 2.0 0.0 2.0 16.0 49.0 27.0 2.0 14.0 52.0 20.0 0.0 0.0 0.0 0.0 0.0 20.0 0.0 3.0 10.0 2.0 0.0 0.0 2.0 0.0 4.0 0.0 0.0 0.0 0.0 0.0 29.0 102.0 3.0 2.0 16.0 95.0 40.0 5.0 0.0 1.0 14.0 0.0 0.0 0.0 0.0 9.0 29.0 17.0 0.0 0.0 0.0 0.0 0.0 40.0 27.0 0.0 7.0 0.0 0.0 0.0 0.0 15.0 20.0 25.0 22.0 17.0 0.0 0.0 33.0 33.0 0.0 2.0 0.0 25.0 12.0 0.0 0.0 46.0 29.0 0.0 
25_3_036_91
10.0 31.0 1.0 0.0 16.0 58.0 0.0 0.0 15.0 63.0 1.0 0.0 89.0 27.0 0.0 0.0 24.0 60.0 13.0 0.0 4.0 0.0 0.0 15.0 0.0 0.0 1.0 0.0 0.0 3.0 15.0 4.0 44.0 51.0 1.0 0.0 0.0 0.0 8.0 15.0 100.0 15.0 0.0 7.0 30.0 0.0 0.0 26.0 14.0 0.0 0.0 82.0 57.0 0.0 0.0 28.0 8.0 0.0 0.0 0.0 0.0 0.0 0.0 29.0 26.0 10.0 0.0 0.0 23.0 57.0 8.0 3.0 9.0 3.0 14.0 9.0 0.0 11.0 73.0 82.0 2.0 0.0 53.0 96.0 0.0 0.0 0.0 44.0 3.0 0.0 0.0 0.0 0.0 0.0 3.0 37.0 8.0 61.0 5.0 0.0 7.0 52.0 3.0 0.0 0.0 36.0 102.0 8.0 0.0 13.0 10.0 0.0 5.0 0.0 18.0 6.0 0.0 3.0 11.0 12.0 35.0 17.0 0.0 0.0 0.0 0.0 0.0 1.0 
25_3_036_92
17.0 27.0 0.0 0.0 21.0 49.0 3.0 0.0 5.0 0.0 0.0 5.0 54.0 17.0 3.0 11.0 8.0 0.0 0.0 0.0 0.0 0.0 0.0 9.0 0.0 0.0 0.0 0.0 0.0 0.0 0.0 0.0 44.0 7.0 0.0 0.0 0.0 0.0 7.0 31.0 9.0 0.0 4.0 72.0 20.0 0.0 6.0 35.0 7.0 19.0 3.0 3.0 2.0 2.0 0.0 3.0 22.0 6.0 0.0 0.0 0.0 0.0 0.0 0.0 1.0 0.0 9.0 0.0 0.0 17.0 102.0 12.0 1.0 5.0 85.0 32.0 0.0 0.0 9.0 4.0 36.0 1.0 0.0 0.0 32.0 30.0 20.0 20.0 22.0 1.0 0.0 6.0 59.0 0.0 0.0 0.0 0.0 28.0 39.0 2.0 2.0 0.0 0.0 0.0 17.0 1.0 4.0 1.0 27.0 16.0 17.0 13.0 59.0 12.0 1.0 11.0 38.0 0.0 1.0 0.0 27.0 1.0 0.0 1.0 51.0 2.0 4.0 20.0 
25_3_036_93
0.0 0.0 0.0 0.0 0.0 2.0 8.0 3.0 0.0 0.0 0.0 0.0 1.0 5.0 0.0 0.0 0.0 0.0 0.0 1.0 2.0 0.0 0.0 1.0 0.0 5.0 6.0 0.0 0.0 0.0 1.0 0.0 0.0 0.0 0.0 0.0 0.0 3.0 12.0 2.0 0.0 0.0 3.0 11.0 6.0 2.0 0.0 0.0 0.0 0.0 8.0 2.0 1.0 1.0 1.0 0.0 0.0 0.0 11.0 9.0 0.0 0.0 21.0 9.0 0.0 0.0 0.0 0.0 0.0 0.0 9.0 4.0 0.0 0.0 8.0 24.0 1.0 0.0 0.0 0.0 0.0 0.0 0.0 12.0 1.0 1.0 6.0 4.0 0.0 0.0 3.0 22.0 2.0 0.0 -29.0 102.0 0.0 3.0 5.0 0.0 0.0 0.0 0.0 1.0 0.0 0.0 8.0 8.0 0.0 0.0 3.0 1.0 0.0 0.0 10.0 2.0 0.0 13.0 8.0 0.0 0.0 0.0 0.0 9.0 3.0 29.0 54.0 11.0 
25_3_036_94
0.0 2.0 4.0 0.0 0.0 4.0 1.0 0.0 0.0 3.0 5.0 1.0 1.0 0.0 0.0 0.0 6.0 11.0 0.0 0.0 0.0 0.0 0.0 0.0 3.0 5.0 1.0 0.0 1.0 2.0 0.0 0.0 0.0 6.0 17.0 2.0 0.0 0.0 0.0 0.0 0.0 6.0 17.0 0.0 0.0 12.0 50.0 17.0 15.0 0.0 0.0 7.0 8.0 63.0 32.0 7.0 0.0 1.0 0.0 3.0 67.0 28.0 3.0 0.0 0.0 0.0 2.0 6.0 42.0 78.0 5.0 0.0 0.0 0.0 0.0 8.0 1.0 35.0 98.0 25.0 32.0 8.0 30.0 102.0 0.0 0.0 0.0 0.0 74.0 1.0 0.0 0.0 36.0 3.0 0.0 41.0 21.0 7.0 24.0 26.0 21.0 0.0 0.0 7.0 33.0 12.0 11.0 23.0 0.0 4.0 13.0 31.0 0.0 0.0 14.0 68.0 2.0 0.0 7.0 10.0 1.0 2.0 11.0 14.0 5.0 0.0 39.0 47.0 
25_3_036_95
12.0 0.0 0.0 14.0 25.0 0.0 0.0 9.0 28.0 0.0 0.0 22.0 27.0 3.0 0.0 62.0 15.0 12.0 27.0 4.0 15.0 20.0 20.0 23.0 17.0 56.0 13.0 0.0 30.0 5.0 0.0 0.0 5.0 0.0 6.0 82.0 30.0 7.0 0.0 4.0 65.0 0.0 0.0 0.0 0.0 1.0 2.0 94.0 1.0 9.0 80.0 102.0 3.0 0.0 1.0 4.0 7.0 10.0 2.0 0.0 0.0 1.0 12.0 10.0 37.0 56.0 0.0 2.0 32.0 34.0 0.0 0.0 9.0 36.0 54.0 11.0 20.0 34.0 2.0 8.0 0.0 14.0 43.0 17.0 1.0 0.0 12.0 3.0 0.0 1.0 3.0 0.0 0.0 0.0 6.0 7.0 9.0 7.0 0.0 0.0 1.0 1.0 5.0 6.0 0.0 11.0 12.0 0.0 1.0 15.0 2.0 0.0 0.0 0.0 0.0 0.0 1.0 7.0 5.0 0.0 0.0 0.0 0.0 0.0 0.0 2.0 4.0 0.0 
25_3_036_96
0.0 0.0 0.0 19.0 18.0 0.0 0.0 0.0 0.0 0.0 0.0 2.0 4.0 0.0 5.0 87.0 0.0 0.0 0.0 79.0 1.0 0.0 2.0 3.0 0.0 0.0 0.0 0.0 0.0 0.0 9.0 64.0 0.0 6.0 42.0 9.0 1.0 0.0 0.0 0.0 19.0 7.0 5.0 3.0 1.0 0.0 0.0 102.0 0.0 0.0 7.0 93.0 0.0 0.0 0.0 9.0 4.0 0.0 0.0 0.0 0.0 0.0 0.0 82.0 0.0 23.0 35.0 0.0 0.0 0.0 0.0 0.0 75.0 17.0 0.0 0.0 0.0 0.0 0.0 14.0 2.0 26.0 25.0 9.0 0.0 0.0 2.0 12.0 19.0 7.0 1.0 0.0 0.0 0.0 0.0 15.0 0.0 0.0 1.0 0.0 0.0 0.0 0.0 0.0 5.0 0.0 0.0 0.0 0.0 0.0 0.0 7.0 4.0 0.0 0.0 0.0 0.0 0.0 3.0 17.0 3.0 2.0 0.0 0.0 0.0 0.0 0.0 0.0 
25_3_036_97
0.0 0.0 0.0 0.0 2.0 2.0 1.0 0.0 0.0 0.0 4.0 16.0 1.0 0.0 0.0 0.0 0.0 0.0 0.0 15.0 4.0 0.0 0.0 0.0 0.0 0.0 0.0 0.0 0.0 0.0 0.0 0.0 0.0 0.0 1.0 34.0 15.0 7.0 0.0 0.0 0.0 0.0 3.0 9.0 1.0 14.0 37.0 12.0 0.0 0.0 0.0 17.0 64.0 23.0 0.0 0.0 0.0 0.0 0.0 0.0 0.0 21.0 15.0 0.0 0.0 0.0 12.0 62.0 0.0 0.0 0.0 0.0 0.0 0.0 0.0 1.0 0.0 0.0 21.0 102.0 0.0 0.0 7.0 93.0 10.0 7.0 5.0 5.0 0.0 0.0 0.0 0.0 0.0 17.0 42.0 2.0 0.0 0.0 16.0 31.0 1.0 0.0 0.0 0.0 0.0 0.0 1.0 5.0 0.0 0.0 16.0 79.0 3.0 0.0 16.0 59.0 0.0 0.0 0.0 10.0 5.0 0.0 0.0 0.0 0.0 0.0 0.0 16.0 
25_3_036_98
0.0 0.0 6.0 1.0 1.0 62.0 35.0 2.0 16.0 25.0 15.0 0.0 0.0 61.0 54.0 7.0 4.0 2.0 49.0 44.0 0.0 5.0 12.0 0.0 0.0 5.0 37.0 4.0 0.0 0.0 2.0 0.0 14.0 25.0 21.0 3.0 0.0 0.0 0.0 0.0 6.0 8.0 21.0 10.0 3.0 1.0 34.0 79.0 0.0 2.0 34.0 102.0 1.0 0.0 0.0 0.0 21.0 3.0 5.0 2.0 0.0 5.0 46.0 36.0 1.0 0.0 0.0 1.0 1.0 0.0 0.0 0.0 32.0 5.0 0.0 0.0 3.0 0.0 3.0 35.0 0.0 4.0 32.0 67.0 1.0 6.0 28.0 13.0 22.0 0.0 3.0 32.0 32.0 27.0 26.0 12.0 0.0 1.0 0.0 0.0 0.0 0.0 0.0 0.0 1.0 1.0 0.0 0.0 0.0 0.0 0.0 0.0 6.0 0.0 1.0 4.0 3.0 1.0 0.0 17.0 37.0 1.0 0.0 24.0 33.0 1.0 0.0 17.0 
25_3_036_99
0.0 12.0 12.0 9.0 24.0 7.0 1.0 10.0 13.0 15.0 0.0 0.0 5.0 46.0 35.0 6.0 0.0 0.0 23.0 73.0 1.0 0.0 4.0 3.0 25.0 19.0 6.0 0.0 0.0 0.0 1.0 11.0 0.0 10.0 31.0 56.0 1.0 0.0 0.0 0.0 34.0 16.0 1.0 0.0 2.0 0.0 11.0 77.0 1.0 0.0 23.0 102.0 1.0 0.0 1.0 8.0 1.0 0.0 0.0 2.0 35.0 23.0 21.0 18.0 0.0 7.0 13.0 5.0 1.0 0.0 0.0 0.0 26.0 11.0 0.0 0.0 0.0 2.0 3.0 23.0 3.0 11.0 35.0 36.0 2.0 0.0 0.0 2.0 75.0 7.0 0.0 0.0 7.0 1.0 0.0 16.0 0.0 0.0 0.0 1.0 0.0 0.0 1.0 1.0 0.0 0.0 0.0 3.0 0.0 0.0 0.0 0.0 0.0 0.0 1.0 14.0 2.0 0.0 0.0 0.0 5.0 0.0 0.0 0.0 0.0 0.0 8.0 18.0 
25_3_036_100
0.0 0.0 0.0 0.0 3.0 37.0 2.0 0.0 1.0 0.0 0.0 0.0 0.0 38.0 2.0 1.0 2.0 0.0 0.0 0.0 5.0 21.0 0.0 2.0 0.0 0.0 0.0 0.0 0.0 4.0 5.0 4.0 36.0 32.0 2.0 0.0 0.0 11.0 6.0 7.0 11.0 11.0 28.0 13.0 4.0 36.0 0.0 11.0 5.0 54.0 18.0 5.0 14.0 14.0 0.0 3.0 0.0 0.0 13.0 1.0 1.0 17.0 21.0 38.0 0.0 0.0 0.0 11.0 7.0 0.0 9.0 48.0 0.0 0.0 13.0 102.0 0.0 0.0 3.0 27.0 2.0 1.0 1.0 0.0 0.0 1.0 15.0 27.0 0.0 0.0 6.0 21.0 15.0 0.0 9.0 59.0 4.0 3.0 8.0 6.0 0.0 0.0 2.0 41.0 0.0 0.0 8.0 74.0 0.0 0.0 1.0 13.0 0.0 0.0 0.0 0.0 0.0 0.0 5.0 45.0 1.0 4.0 21.0 25.0 0.0 0.0 2.0 27.0 
25_3_036_101
5.0 5.0 0.0 0.0 0.0 0.0 0.0 4.0 27.0 34.0 0.0 1.0 8.0 1.0 1.0 18.0 14.0 52.0 0.0 0.0 9.0 24.0 16.0 0.0 3.0 24.0 1.0 6.0 28.0 24.0 0.0 0.0 0.0 2.0 1.0 0.0 0.0 0.0 6.0 21.0 0.0 1.0 6.0 64.0 20.0 9.0 18.0 14.0 18.0 34.0 1.0 1.0 1.0 0.0 0.0 1.0 10.0 50.0 0.0 0.0 0.0 0.0 0.0 0.0 1.0 2.0 0.0 0.0 0.0 0.0 4.0 49.0 0.0 14.0 11.0 9.0 36.0 15.0 5.0 32.0 5.0 22.0 0.0 0.0 22.0 102.0 0.0 0.0 0.0 4.0 0.0 0.0 16.0 77.0 0.0 0.0 7.0 0.0 0.0 0.0 0.0 0.0 4.0 38.0 0.0 13.0 38.0 31.0 1.0 3.0 0.0 5.0 14.0 48.0 0.0 0.0 0.0 15.0 7.0 0.0 5.0 54.0 5.0 3.0 6.0 4.0 0.0 0.0 
25_3_036_102
0.0 0.0 0.0 0.0 0.0 1.0 0.0 2.0 0.0 -1.0 3.0 0.0 0.0 0.0 0.0 3.0 1.0 0.0 0.0 0.0 0.0 0.0 -3.0 13.0 0.0 0.0 0.0 0.0 0.0 0.0 0.0 6.0 0.0 -9.0 36.0 24.0 18.0 6.0 0.0 0.0 0.0 0.0 0.0 0.0 0.0 14.0 28.0 35.0 4.0 3.0 8.0 28.0 25.0 6.0 0.0 9.0 4.0 2.0 0.0 5.0 21.0 19.0 18.0 5.0 0.0 -12.0 27.0 28.0 39.0 33.0 0.0 2.0 0.0 0.0 0.0 5.0 0.0 25.0 49.0 61.0 0.0 -41.0 102.0 63.0 0.0 0.0 8.0 52.0 0.0 0.0 3.0 11.0 19.0 1.0 16.0 60.0 57.0 34.0 42.0 0.0 0.0 0.0 1.0 -33.0 39.0 -6.0 18.0 13.0 0.0 0.0 -10.0 53.0 0.0 -35.0 82.0 40.0 0.0 0.0 13.0 54.0 8.0 11.0 34.0 0.0 0.0 0.0 -6.0 35.0 
25_3_036_103
42.0 3.0 5.0 2.0 0.0 0.0 4.0 87.0 0.0 0.0 61.0 59.0 1.0 1.0 0.0 0.0 0.0 0.0 0.0 0.0 4.0 8.0 0.0 0.0 7.0 0.0 0.0 2.0 19.0 3.0 -7.0 18.0 2.0 12.0 28.0 5.0 26.0 11.0 -10.0 61.0 0.0 0.0 14.0 12.0 2.0 12.0 1.0 0.0 0.0 0.0 2.0 10.0 2.0 0.0 0.0 45.0 5.0 0.0 0.0 0.0 42.0 47.0 17.0 60.0 0.0 0.0 27.0 48.0 13.0 2.0 0.0 0.0 0.0 0.0 14.0 15.0 7.0 6.0 0.0 0.0 7.0 0.0 4.0 7.0 8.0 44.0 39.0 17.0 102.0 43.0 0.0 0.0 49.0 29.0 0.0 -9.0 4.0 2.0 9.0 6.0 0.0 0.0 0.0 0.0 0.0 0.0 15.0 30.0 2.0 0.0 0.0 0.0 60.0 15.0 0.0 0.0 6.0 7.0 -15.0 60.0 59.0 24.0 0.0 0.0 36.0 21.0 -12.0 19.0 
25_3_036_104
1.0 10.0 0.0 2.0 25.0 45.0 8.0 2.0 0.0 0.0 15.0 59.0 1.0 3.0 33.0 22.0 34.0 10.0 9.0 19.0 0.0 0.0 10.0 20.0 2.0 39.0 26.0 0.0 0.0 0.0 1.0 0.0 27.0 42.0 6.0 4.0 2.0 0.0 6.0 29.0 15.0 1.0 25.0 102.0 0.0 0.0 4.0 38.0 5.0 2.0 3.0 6.0 12.0 32.0 38.0 9.0 6.0 16.0 4.0 7.0 20.0 0.0 1.0 0.0 10.0 0.0 0.0 0.0 2.0 2.0 8.0 25.0 13.0 26.0 41.0 56.0 0.0 0.0 0.0 12.0 86.0 1.0 0.0 1.0 1.0 3.0 0.0 51.0 23.0 14.0 0.0 1.0 47.0 48.0 7.0 0.0 0.0 0.0 0.0 1.0 0.0 0.0 0.0 1.0 0.0 0.0 1.0 13.0 2.0 0.0 0.0 0.0 12.0 0.0 1.0 4.0 1.0 0.0 3.0 11.0 18.0 5.0 0.0 0.0 0.0 0.0 10.0 22.0 
25_3_036_105
4.0 9.0 2.0 2.0 1.0 0.0 0.0 0.0 0.0 0.0 4.0 36.0 18.0 23.0 22.0 31.0 1.0 0.0 3.0 22.0 4.0 0.0 4.0 18.0 0.0 0.0 0.0 0.0 1.0 1.0 5.0 1.0 9.0 8.0 0.0 0.0 13.0 85.0 9.0 4.0 0.0 0.0 23.0 102.0 2.0 4.0 28.0 54.0 0.0 0.0 3.0 11.0 2.0 0.0 10.0 28.0 0.0 0.0 0.0 0.0 0.0 0.0 16.0 26.0 29.0 92.0 0.0 1.0 8.0 9.0 0.0 1.0 18.0 67.0 33.0 48.0 1.0 1.0 3.0 0.0 0.0 0.0 2.0 0.0 2.0 2.0 13.0 8.0 4.0 1.0 2.0 0.0 0.0 0.0 7.0 56.0 16.0 4.0 0.0 3.0 79.0 24.0 0.0 0.0 17.0 0.0 0.0 13.0 37.0 0.0 0.0 13.0 5.0 1.0 2.0 0.0 2.0 1.0 2.0 6.0 15.0 10.0 2.0 2.0 1.0 0.0 0.0 2.0 
25_3_036_106
94.0 24.0 0.0 0.0 34.0 45.0 0.0 -31.0 0.0 0.0 0.0 20.0 86.0 9.0 0.0 0.0 -2.0 12.0 5.0 3.0 10.0 7.0 0.0 0.0 -2.0 12.0 3.0 0.0 2.0 9.0 3.0 0.0 57.0 0.0 0.0 6.0 11.0 8.0 -33.0 102.0 0.0 0.0 2.0 94.0 41.0 0.0 -8.0 84.0 0.0 0.0 2.0 9.0 15.0 16.0 0.0 0.0 0.0 0.0 0.0 0.0 6.0 25.0 18.0 2.0 0.0 1.0 6.0 3.0 5.0 65.0 94.0 5.0 0.0 3.0 70.0 62.0 2.0 1.0 22.0 11.0 0.0 0.0 0.0 0.0 2.0 38.0 25.0 0.0 0.0 0.0 0.0 0.0 0.0 29.0 8.0 0.0 0.0 66.0 29.0 0.0 0.0 29.0 26.0 -3.0 -2.0 13.0 10.0 0.0 8.0 62.0 22.0 4.0 0.0 0.0 0.0 0.0 16.0 5.0 2.0 0.0 0.0 0.0 0.0 0.0 0.0 0.0 0.0 0.0 
25_3_036_107
0.0 0.0 3.0 17.0 7.0 0.0 0.0 0.0 0.0 0.0 0.0 102.0 11.0 0.0 0.0 0.0 0.0 0.0 1.0 19.0 2.0 0.0 0.0 0.0 1.0 0.0 0.0 0.0 0.0 0.0 0.0 0.0 0.0 1.0 40.0 12.0 0.0 0.0 0.0 0.0 0.0 2.0 30.0 99.0 0.0 0.0 0.0 0.0 0.0 0.0 3.0 24.0 0.0 0.0 0.0 0.0 0.0 0.0 0.0 0.0 0.0 0.0 0.0 0.0 0.0 1.0 37.0 20.0 0.0 0.0 0.0 1.0 1.0 1.0 5.0 98.0 2.0 0.0 2.0 3.0 0.0 0.0 3.0 14.0 0.0 0.0 0.0 0.0 1.0 0.0 0.0 0.0 0.0 0.0 0.0 0.0 0.0 0.0 6.0 3.0 3.0 17.0 23.0 1.0 0.0 0.0 22.0 83.0 4.0 2.0 1.0 0.0 0.0 0.0 1.0 7.0 1.0 0.0 0.0 0.0 0.0 0.0 0.0 0.0 0.0 0.0 1.0 1.0 
25_3_036_108
0.0 1.0 17.0 9.0 1.0 0.0 0.0 0.0 0.0 3.0 37.0 8.0 0.0 0.0 0.0 0.0 0.0 0.0 9.0 79.0 0.0 0.0 0.0 0.0 0.0 0.0 0.0 0.0 0.0 0.0 0.0 0.0 0.0 0.0 34.0 12.0 0.0 0.0 0.0 0.0 2.0 0.0 22.0 15.0 0.0 3.0 8.0 4.0 0.0 0.0 3.0 102.0 3.0 0.0 0.0 0.0 0.0 0.0 1.0 1.0 0.0 0.0 0.0 0.0 0.0 1.0 34.0 3.0 0.0 0.0 10.0 5.0 0.0 0.0 0.0 34.0 8.0 25.0 35.0 1.0 0.0 0.0 24.0 90.0 0.0 0.0 0.0 0.0 0.0 0.0 0.0 0.0 1.0 0.0 0.0 0.0 2.0 2.0 4.0 0.0 0.0 0.0 14.0 41.0 1.0 4.0 60.0 44.0 0.0 0.0 6.0 4.0 0.0 0.0 20.0 40.0 0.0 0.0 0.0 0.0 0.0 0.0 0.0 0.0 0.0 0.0 0.0 0.0 
25_3_036_109
2.0 3.0 14.0 3.0 0.0 7.0 34.0 8.0 24.0 15.0 3.0 0.0 7.0 69.0 5.0 2.0 3.0 2.0 18.0 4.0 22.0 10.0 4.0 8.0 44.0 0.0 0.0 3.0 7.0 0.0 0.0 23.0 16.0 5.0 0.0 0.0 20.0 17.0 4.0 28.0 38.0 23.0 0.0 0.0 3.0 10.0 22.0 23.0 4.0 0.0 15.0 102.0 12.0 0.0 0.0 15.0 7.0 0.0 0.0 0.0 0.0 0.0 6.0 46.0 7.0 64.0 2.0 0.0 11.0 36.0 2.0 0.0 0.0 66.0 63.0 0.0 0.0 15.0 18.0 0.0 0.0 3.0 46.0 20.0 0.0 0.0 31.0 16.0 3.0 1.0 0.0 1.0 0.0 0.0 9.0 25.0 0.0 0.0 1.0 1.0 12.0 18.0 0.0 0.0 0.0 0.0 0.0 0.0 0.0 41.0 11.0 0.0 0.0 0.0 0.0 0.0 0.0 12.0 29.0 0.0 0.0 0.0 0.0 0.0 3.0 2.0 1.0 0.0 
25_3_036_110
0.0 0.0 0.0 0.0 0.0 2.0 1.0 2.0 1.0 9.0 3.0 0.0 0.0 0.0 0.0 0.0 4.0 9.0 1.0 0.0 0.0 0.0 0.0 0.0 0.0 8.0 0.0 0.0 1.0 1.0 0.0 0.0 0.0 7.0 16.0 3.0 0.0 0.0 0.0 0.0 0.0 4.0 11.0 0.0 0.0 16.0 39.0 23.0 4.0 4.0 0.0 11.0 36.0 17.0 13.0 1.0 5.0 3.0 0.0 2.0 11.0 20.0 4.0 0.0 0.0 2.0 5.0 1.0 13.0 81.0 7.0 0.0 0.0 0.0 0.0 6.0 0.0 39.0 70.0 57.0 10.0 0.0 12.0 102.0 0.0 0.0 4.0 57.0 3.0 0.0 0.0 26.0 60.0 14.0 2.0 27.0 6.0 41.0 26.0 11.0 9.0 1.0 1.0 0.0 30.0 3.0 8.0 27.0 0.0 0.0 9.0 33.0 7.0 0.0 9.0 60.0 0.0 0.0 0.0 29.0 13.0 5.0 18.0 21.0 2.0 0.0 0.0 38.0 
25_3_036_111
2.0 0.0 0.0 29.0 45.0 0.0 0.0 4.0 19.0 0.0 0.0 2.0 3.0 0.0 1.0 79.0 0.0 20.0 12.0 12.0 37.0 39.0 11.0 0.0 0.0 22.0 49.0 7.0 0.0 2.0 25.0 5.0 16.0 17.0 0.0 46.0 50.0 0.0 1.0 4.0 33.0 0.0 0.0 14.0 14.0 0.0 0.0 90.0 0.0 24.0 43.0 102.0 9.0 0.0 4.0 0.0 1.0 22.0 5.0 0.0 0.0 4.0 18.0 4.0 48.0 25.0 6.0 0.0 0.0 1.0 0.0 8.0 37.0 11.0 21.0 24.0 4.0 1.0 0.0 13.0 0.0 20.0 31.0 21.0 0.0 4.0 9.0 0.0 1.0 1.0 1.0 0.0 0.0 0.0 5.0 8.0 0.0 3.0 0.0 0.0 0.0 4.0 0.0 0.0 0.0 0.0 0.0 0.0 2.0 8.0 3.0 0.0 0.0 0.0 0.0 0.0 0.0 9.0 3.0 0.0 0.0 0.0 0.0 4.0 1.0 0.0 0.0 0.0 
25_3_036_112
0.0 0.0 43.0 48.0 0.0 0.0 9.0 9.0 0.0 0.0 0.0 42.0 43.0 4.0 27.0 77.0 2.0 11.0 3.0 17.0 40.0 6.0 0.0 0.0 1.0 16.0 1.0 0.0 1.0 15.0 15.0 0.0 0.0 0.0 27.0 35.0 0.0 0.0 5.0 33.0 2.0 12.0 53.0 23.0 17.0 0.0 11.0 85.0 34.0 14.0 0.0 3.0 66.0 77.0 1.0 20.0 0.0 0.0 52.0 11.0 10.0 48.0 42.0 0.0 0.0 0.0 3.0 14.0 0.0 0.0 13.0 63.0 0.0 0.0 0.0 52.0 39.0 24.0 13.0 46.0 0.0 9.0 102.0 0.0 0.0 7.0 52.0 17.0 0.0 5.0 99.0 4.0 0.0 7.0 6.0 0.0 9.0 0.0 0.0 0.0 5.0 5.0 4.0 27.0 28.0 42.0 62.0 0.0 0.0 0.0 0.0 16.0 0.0 17.0 65.0 2.0 0.0 0.0 0.0 0.0 0.0 0.0 1.0 4.0 0.0 10.0 73.0 27.0 
25_3_036_113
1.0 3.0 3.0 0.0 0.0 0.0 7.0 18.0 0.0 0.0 0.0 3.0 21.0 32.0 40.0 40.0 5.0 2.0 0.0 22.0 73.0 0.0 0.0 0.0 39.0 0.0 0.0 0.0 0.0 0.0 0.0 52.0 4.0 0.0 0.0 9.0 2.0 0.0 12.0 46.0 5.0 39.0 30.0 30.0 0.0 0.0 10.0 59.0 54.0 4.0 1.0 22.0 102.0 0.0 0.0 28.0 32.0 0.0 0.0 10.0 42.0 0.0 0.0 35.0 2.0 0.0 8.0 9.0 0.0 0.0 7.0 93.0 3.0 8.0 19.0 18.0 60.0 11.0 9.0 41.0 16.0 83.0 15.0 0.0 7.0 14.0 42.0 24.0 21.0 6.0 1.0 40.0 88.0 0.0 0.0 3.0 4.0 0.0 0.0 6.0 37.0 9.0 9.0 49.0 7.0 14.0 87.0 45.0 0.0 0.0 0.0 12.0 16.0 30.0 7.0 0.0 0.0 2.0 16.0 5.0 32.0 27.0 17.0 3.0 0.0 4.0 0.0 0.0 
25_3_036_114
0.0 4.0 3.0 0.0 14.0 20.0 8.0 0.0 0.0 0.0 13.0 4.0 4.0 19.0 26.0 7.0 0.0 0.0 0.0 36.0 16.0 4.0 60.0 51.0 34.0 20.0 4.0 33.0 2.0 0.0 0.0 3.0 73.0 0.0 0.0 0.0 26.0 16.0 10.0 19.0 0.0 9.0 31.0 22.0 4.0 79.0 36.0 1.0 38.0 11.0 4.0 60.0 2.0 2.0 10.0 27.0 0.0 0.0 0.0 61.0 11.0 2.0 4.0 26.0 54.0 0.0 0.0 19.0 41.0 0.0 0.0 3.0 102.0 2.0 0.0 19.0 53.0 8.0 0.0 2.0 0.0 0.0 0.0 49.0 8.0 35.0 31.0 32.0 0.0 0.0 7.0 58.0 5.0 0.0 0.0 1.0 0.0 0.0 0.0 34.0 52.0 0.0 0.0 1.0 63.0 0.0 0.0 0.0 9.0 1.0 0.0 8.0 47.0 31.0 28.0 21.0 0.0 0.0 0.0 1.0 0.0 0.0 5.0 29.0 5.0 2.0 2.0 0.0 
25_3_036_115
0.0 3.0 15.0 2.0 11.0 21.0 1.0 35.0 3.0 0.0 2.0 0.0 30.0 72.0 0.0 0.0 25.0 6.0 1.0 0.0 13.0 36.0 1.0 -9.0 1.0 1.0 1.0 1.0 5.0 1.0 0.0 4.0 102.0 0.0 0.0 0.0 6.0 0.0 -19.0 37.0 6.0 18.0 40.0 11.0 8.0 17.0 -10.0 45.0 62.0 0.0 0.0 0.0 22.0 39.0 -7.0 21.0 0.0 0.0 1.0 21.0 53.0 37.0 1.0 1.0 0.0 0.0 0.0 2.0 7.0 9.0 31.0 27.0 3.0 3.0 10.0 9.0 33.0 22.0 24.0 41.0 0.0 39.0 56.0 0.0 0.0 21.0 40.0 7.0 6.0 30.0 57.0 2.0 0.0 0.0 0.0 0.0 31.0 7.0 6.0 0.0 0.0 1.0 12.0 26.0 0.0 52.0 55.0 0.0 0.0 17.0 7.0 0.0 0.0 13.0 20.0 0.0 0.0 39.0 15.0 0.0 0.0 0.0 0.0 0.0 4.0 37.0 11.0 0.0 
25_3_036_116
-8.0 14.0 29.0 17.0 0.0 0.0 0.0 2.0 0.0 0.0 0.0 0.0 0.0 7.0 42.0 1.0 0.0 0.0 0.0 11.0 21.0 20.0 26.0 1.0 9.0 1.0 4.0 13.0 2.0 0.0 0.0 -1.0 -6.0 16.0 0.0 0.0 0.0 0.0 54.0 7.0 -9.0 22.0 22.0 9.0 0.0 1.0 53.0 0.0 30.0 12.0 5.0 39.0 0.0 0.0 -7.0 27.0 0.0 0.0 4.0 34.0 0.0 0.0 1.0 11.0 -19.0 63.0 0.0 0.0 0.0 0.0 44.0 13.0 102.0 16.0 0.0 13.0 20.0 11.0 0.0 -37.0 8.0 0.0 2.0 52.0 1.0 10.0 25.0 22.0 0.0 0.0 1.0 28.0 0.0 0.0 15.0 25.0 -4.0 46.0 0.0 0.0 0.0 7.0 1.0 -4.0 25.0 2.0 0.0 0.0 0.0 8.0 1.0 6.0 -2.0 5.0 16.0 29.0 0.0 0.0 -30.0 91.0 0.0 0.0 3.0 12.0 0.0 0.0 22.0 35.0 
25_3_036_117
18.0 15.0 12.0 14.0 12.0 8.0 4.0 9.0 12.0 1.0 3.0 80.0 3.0 0.0 -1.0 15.0 8.0 0.0 0.0 11.0 5.0 0.0 3.0 66.0 6.0 0.0 13.0 13.0 23.0 13.0 1.0 6.0 47.0 0.0 0.0 1.0 31.0 25.0 4.0 8.0 0.0 0.0 6.0 102.0 5.0 4.0 11.0 6.0 11.0 1.0 5.0 8.0 2.0 0.0 0.0 2.0 43.0 42.0 0.0 0.0 0.0 0.0 0.0 3.0 68.0 6.0 0.0 0.0 2.0 1.0 2.0 7.0 7.0 28.0 31.0 30.0 4.0 0.0 0.0 0.0 0.0 0.0 0.0 1.0 8.0 3.0 5.0 0.0 0.0 1.0 0.0 0.0 1.0 1.0 1.0 5.0 0.0 2.0 0.0 0.0 0.0 2.0 6.0 3.0 0.0 6.0 15.0 2.0 1.0 1.0 0.0 0.0 0.0 4.0 8.0 4.0 0.0 2.0 1.0 0.0 0.0 1.0 7.0 3.0 2.0 5.0 0.0 0.0 
25_3_036_118
0.0 0.0 0.0 2.0 40.0 11.0 0.0 0.0 0.0 0.0 0.0 0.0 2.0 1.0 0.0 8.0 0.0 0.0 1.0 1.0 0.0 0.0 0.0 2.0 12.0 0.0 0.0 7.0 5.0 11.0 7.0 -3.0 4.0 0.0 10.0 12.0 59.0 9.0 5.0 10.0 0.0 0.0 6.0 19.0 27.0 13.0 5.0 0.0 0.0 0.0 5.0 14.0 6.0 1.0 2.0 3.0 0.0 0.0 12.0 3.0 0.0 5.0 76.0 34.0 2.0 70.0 26.0 0.0 0.0 1.0 3.0 0.0 6.0 0.0 6.0 2.0 1.0 0.0 1.0 12.0 0.0 0.0 4.0 36.0 0.0 0.0 -1.0 30.0 0.0 0.0 4.0 34.0 14.0 0.0 0.0 85.0 0.0 0.0 0.0 5.0 20.0 25.0 1.0 0.0 2.0 0.0 1.0 0.0 0.0 1.0 0.0 5.0 0.0 0.0 0.0 19.0 14.0 0.0 -3.0 9.0 45.0 0.0 0.0 0.0 5.0 0.0 -45.0 102.0 
25_3_036_119
23.0 29.0 0.0 0.0 21.0 18.0 0.0 0.0 7.0 4.0 0.0 17.0 70.0 1.0 0.0 0.0 4.0 7.0 2.0 0.0 0.0 0.0 1.0 7.0 0.0 0.0 0.0 0.0 1.0 2.0 4.0 0.0 22.0 11.0 12.0 1.0 0.0 0.0 6.0 29.0 7.0 0.0 5.0 89.0 26.0 0.0 8.0 40.0 11.0 4.0 0.0 7.0 1.0 6.0 1.0 1.0 14.0 0.0 0.0 0.0 0.0 0.0 0.0 4.0 0.0 3.0 10.0 0.0 0.0 20.0 102.0 9.0 0.0 0.0 64.0 45.0 0.0 0.0 3.0 4.0 19.0 0.0 0.0 1.0 49.0 25.0 31.0 23.0 15.0 0.0 0.0 5.0 49.0 0.0 0.0 3.0 4.0 41.0 28.0 0.0 0.0 0.0 0.0 1.0 1.0 4.0 13.0 1.0 2.0 2.0 0.0 0.0 55.0 10.0 10.0 1.0 0.0 0.0 5.0 5.0 12.0 0.0 0.0 10.0 60.0 3.0 4.0 16.0 
25_3_036_120
37.0 6.0 0.0 0.0 17.0 25.0 0.0 -12.0 5.0 -3.0 12.0 3.0 11.0 6.0 18.0 6.0 -19.0 38.0 26.0 0.0 0.0 3.0 38.0 5.0 25.0 60.0 0.0 0.0 2.0 3.0 -6.0 0.0 38.0 0.0 0.0 0.0 16.0 33.0 -2.0 -8.0 0.0 8.0 0.0 0.0 1.0 2.0 19.0 54.0 0.0 -11.0 55.0 62.0 2.0 2.0 3.0 1.0 0.0 0.0 0.0 2.0 13.0 9.0 -2.0 15.0 51.0 16.0 9.0 4.0 7.0 0.0 0.0 -22.0 -2.0 2.0 6.0 2.0 0.0 0.0 -31.0 102.0 3.0 0.0 0.0 20.0 48.0 14.0 -10.0 23.0 0.0 -1.0 4.0 0.0 8.0 44.0 13.0 0.0 0.0 0.0 0.0 0.0 1.0 15.0 2.0 0.0 4.0 0.0 0.0 1.0 8.0 5.0 3.0 0.0 72.0 10.0 0.0 3.0 8.0 0.0 0.0 -25.0 -20.0 89.0 2.0 0.0 0.0 0.0 0.0 0.0 
25_3_036_121
-8.0 27.0 2.0 0.0 1.0 0.0 0.0 0.0 -27.0 78.0 2.0 0.0 0.0 0.0 0.0 0.0 27.0 39.0 0.0 0.0 0.0 0.0 0.0 -15.0 33.0 15.0 0.0 0.0 0.0 0.0 0.0 -15.0 0.0 -2.0 8.0 34.0 53.0 1.0 -6.0 13.0 0.0 -1.0 6.0 1.0 2.0 29.0 33.0 23.0 0.0 0.0 2.0 38.0 40.0 16.0 0.0 0.0 3.0 0.0 0.0 0.0 2.0 4.0 -3.0 11.0 0.0 0.0 3.0 81.0 13.0 0.0 -2.0 49.0 0.0 0.0 2.0 17.0 0.0 0.0 25.0 95.0 0.0 -5.0 35.0 102.0 2.0 0.0 9.0 7.0 0.0 0.0 0.0 0.0 10.0 17.0 12.0 2.0 0.0 -29.0 101.0 8.0 0.0 0.0 8.0 7.0 0.0 0.0 8.0 30.0 0.0 0.0 22.0 67.0 0.0 0.0 10.0 49.0 0.0 0.0 10.0 14.0 0.0 2.0 0.0 0.0 0.0 2.0 7.0 7.0 
25_3_036_122
5.0 15.0 6.0 0.0 0.0 0.0 6.0 48.0 0.0 7.0 26.0 33.0 24.0 5.0 1.0 23.0 22.0 42.0 0.0 0.0 0.0 30.0 24.0 10.0 4.0 0.0 12.0 38.0 11.0 0.0 2.0 12.0 0.0 0.0 0.0 0.0 0.0 0.0 5.0 76.0 1.0 18.0 42.0 14.0 12.0 8.0 0.0 29.0 57.0 20.0 2.0 10.0 0.0 35.0 8.0 1.0 0.0 0.0 49.0 38.0 20.0 0.0 1.0 1.0 9.0 0.0 0.0 0.0 0.0 0.0 0.0 65.0 9.0 4.0 22.0 102.0 2.0 0.0 0.0 15.0 76.0 0.0 0.0 0.0 0.0 0.0 4.0 30.0 24.0 7.0 8.0 14.0 49.0 3.0 0.0 2.0 7.0 4.0 1.0 0.0 0.0 0.0 0.0 6.0 1.0 19.0 13.0 2.0 0.0 1.0 4.0 1.0 2.0 0.0 0.0 0.0 2.0 5.0 6.0 0.0 6.0 25.0 4.0 0.0 5.0 3.0 0.0 0.0 
25_3_036_123
0.0 0.0 0.0 0.0 0.0 3.0 18.0 5.0 0.0 0.0 2.0 14.0 11.0 6.0 0.0 0.0 0.0 0.0 9.0 3.0 3.0 2.0 3.0 1.0 0.0 0.0 4.0 21.0 2.0 0.0 15.0 45.0 0.0 0.0 0.0 0.0 0.0 0.0 14.0 18.0 0.0 0.0 5.0 53.0 9.0 2.0 0.0 0.0 0.0 0.0 0.0 7.0 4.0 0.0 9.0 13.0 16.0 0.0 0.0 52.0 18.0 2.0 -14.0 36.0 2.0 4.0 1.0 0.0 0.0 0.0 8.0 9.0 0.0 0.0 23.0 39.0 0.0 0.0 0.0 0.0 0.0 0.0 20.0 6.0 0.0 0.0 13.0 12.0 0.0 0.0 4.0 15.0 3.0 102.0 89.0 4.0 1.0 2.0 5.0 0.0 0.0 0.0 0.0 1.0 0.0 0.0 10.0 17.0 2.0 0.0 0.0 0.0 0.0 4.0 23.0 7.0 0.0 13.0 20.0 38.0 64.0 86.0 1.0 0.0 11.0 30.0 3.0 51.0 
25_3_036_124
0.0 0.0 11.0 21.0 0.0 0.0 0.0 0.0 2.0 0.0 3.0 21.0 0.0 0.0 1.0 6.0 0.0 0.0 9.0 67.0 0.0 0.0 0.0 0.0 0.0 0.0 0.0 0.0 0.0 0.0 0.0 0.0 0.0 0.0 15.0 22.0 0.0 0.0 0.0 0.0 0.0 0.0 0.0 7.0 8.0 4.0 13.0 0.0 0.0 0.0 7.0 102.0 1.0 0.0 0.0 0.0 0.0 0.0 1.0 0.0 0.0 0.0 0.0 0.0 0.0 0.0 9.0 3.0 1.0 0.0 0.0 0.0 0.0 0.0 1.0 13.0 2.0 2.0 9.0 1.0 0.0 0.0 15.0 101.0 0.0 0.0 0.0 0.0 0.0 0.0 0.0 0.0 0.0 0.0 0.0 0.0 0.0 0.0 0.0 2.0 1.0 0.0 0.0 3.0 0.0 0.0 14.0 26.0 0.0 0.0 4.0 5.0 0.0 0.0 23.0 47.0 0.0 0.0 0.0 0.0 0.0 0.0 0.0 0.0 0.0 1.0 0.0 0.0 
25_3_036_125
10.0 8.0 0.0 2.0 26.0 12.0 8.0 -5.0 0.0 0.0 0.0 2.0 18.0 1.0 0.0 0.0 -1.0 2.0 0.0 12.0 11.0 0.0 0.0 1.0 28.0 34.0 0.0 3.0 1.0 0.0 -8.0 6.0 20.0 14.0 4.0 4.0 17.0 1.0 -41.0 102.0 0.0 0.0 2.0 54.0 35.0 0.0 -4.0 20.0 -3.0 24.0 3.0 3.0 0.0 0.0 0.0 -1.0 0.0 0.0 0.0 2.0 8.0 4.0 0.0 0.0 8.0 35.0 0.0 0.0 29.0 21.0 22.0 -6.0 -11.0 32.0 55.0 47.0 0.0 0.0 4.0 8.0 6.0 0.0 1.0 3.0 0.0 0.0 0.0 2.0 0.0 0.0 0.0 0.0 1.0 2.0 1.0 3.0 24.0 37.0 5.0 8.0 1.0 6.0 6.0 -15.0 -6.0 22.0 0.0 0.0 0.0 22.0 23.0 0.0 0.0 0.0 0.0 0.0 2.0 56.0 15.0 0.0 0.0 0.0 0.0 2.0 14.0 12.0 5.0 3.0 
25_3_036_126
0.0 0.0 0.0 0.0 0.0 0.0 -1.0 3.0 0.0 3.0 14.0 0.0 0.0 0.0 0.0 0.0 0.0 9.0 31.0 0.0 0.0 0.0 0.0 0.0 0.0 10.0 11.0 1.0 0.0 0.0 0.0 0.0 2.0 42.0 8.0 0.0 0.0 0.0 0.0 0.0 4.0 19.0 23.0 0.0 0.0 7.0 23.0 17.0 0.0 1.0 7.0 19.0 28.0 7.0 0.0 0.0 0.0 9.0 6.0 0.0 0.0 0.0 0.0 0.0 19.0 4.0 0.0 0.0 28.0 73.0 0.0 -7.0 0.0 0.0 0.0 7.0 6.0 47.0 59.0 27.0 0.0 0.0 21.0 102.0 1.0 0.0 0.0 0.0 0.0 0.0 0.0 3.0 4.0 3.0 1.0 0.0 89.0 32.0 0.0 0.0 2.0 1.0 1.0 -34.0 46.0 0.0 10.0 23.0 0.0 0.0 -25.0 81.0 0.0 0.0 9.0 53.0 1.0 1.0 0.0 0.0 0.0 0.0 0.0 1.0 0.0 2.0 0.0 2.0 
25_3_036_127
25.0 14.0 3.0 0.0 0.0 0.0 0.0 1.0 24.0 44.0 0.0 0.0 18.0 40.0 0.0 0.0 0.0 53.0 14.0 0.0 0.0 47.0 14.0 0.0 1.0 6.0 49.0 4.0 0.0 1.0 3.0 0.0 0.0 0.0 0.0 24.0 26.0 11.0 9.0 10.0 9.0 14.0 1.0 18.0 1.0 7.0 21.0 28.0 5.0 19.0 4.0 25.0 25.0 4.0 0.0 13.0 0.0 0.0 0.0 20.0 19.0 15.0 17.0 25.0 0.0 0.0 3.0 59.0 1.0 0.0 0.0 38.0 11.0 0.0 4.0 35.0 2.0 0.0 9.0 96.0 9.0 0.0 15.0 102.0 5.0 0.0 0.0 17.0 6.0 0.0 3.0 58.0 0.0 0.0 0.0 73.0 11.0 16.0 0.0 5.0 13.0 0.0 2.0 22.0 5.0 26.0 0.0 0.0 19.0 31.0 35.0 5.0 0.0 15.0 1.0 8.0 44.0 41.0 11.0 0.0 0.0 5.0 6.0 41.0 2.0 5.0 26.0 12.0 
25_3_036_128
0.0 3.0 25.0 11.0 0.0 4.0 3.0 49.0 72.0 24.0 11.0 0.0 0.0 13.0 -8.0 12.0 45.0 11.0 38.0 6.0 6.0 26.0 0.0 -18.0 13.0 0.0 2.0 20.0 11.0 15.0 -10.0 27.0 0.0 0.0 0.0 72.0 4.0 0.0 5.0 55.0 0.0 0.0 0.0 18.0 7.0 0.0 16.0 102.0 0.0 0.0 10.0 94.0 9.0 0.0 3.0 38.0 0.0 0.0 1.0 35.0 0.0 0.0 2.0 65.0 23.0 6.0 17.0 18.0 0.0 0.0 -5.0 29.0 19.0 0.0 0.0 10.0 6.0 18.0 -7.0 46.0 0.0 7.0 21.0 26.0 9.0 13.0 0.0 20.0 20.0 3.0 9.0 11.0 0.0 0.0 -17.0 52.0 0.0 2.0 4.0 0.0 0.0 9.0 48.0 4.0 0.0 53.0 10.0 0.0 0.0 55.0 8.0 0.0 77.0 0.0 0.0 0.0 27.0 41.0 0.0 -28.0 0.0 0.0 0.0 0.0 25.0 13.0 3.0 1.0 
25_3_036_129
22.0 2.0 0.0 9.0 14.0 0.0 0.0 1.0 38.0 35.0 12.0 13.0 2.0 0.0 0.0 0.0 0.0 0.0 5.0 102.0 13.0 0.0 0.0 0.0 0.0 1.0 1.0 0.0 0.0 0.0 0.0 0.0 0.0 0.0 1.0 37.0 25.0 0.0 0.0 0.0 8.0 10.0 1.0 11.0 5.0 1.0 4.0 3.0 0.0 0.0 13.0 94.0 2.0 0.0 0.0 0.0 0.0 0.0 0.0 2.0 1.0 0.0 0.0 0.0 0.0 0.0 17.0 42.0 0.0 0.0 0.0 0.0 4.0 0.0 5.0 17.0 0.0 0.0 0.0 9.0 0.0 0.0 16.0 87.0 0.0 0.0 0.0 0.0 0.0 0.0 0.0 0.0 1.0 0.0 0.0 0.0 0.0 0.0 11.0 25.0 1.0 0.0 0.0 0.0 0.0 0.0 0.0 14.0 5.0 4.0 8.0 2.0 0.0 0.0 6.0 76.0 0.0 0.0 0.0 0.0 0.0 1.0 1.0 0.0 0.0 0.0 0.0 0.0 
25_3_036_130
0.0 3.0 3.0 0.0 4.0 53.0 15.0 0.0 0.0 0.0 3.0 0.0 7.0 55.0 44.0 31.0 0.0 0.0 8.0 74.0 1.0 1.0 6.0 7.0 11.0 0.0 0.0 8.0 18.0 2.0 3.0 63.0 0.0 25.0 35.0 29.0 4.0 1.0 8.0 0.0 46.0 37.0 0.0 0.0 0.0 0.0 8.0 45.0 0.0 0.0 19.0 102.0 1.0 0.0 0.0 0.0 23.0 1.0 1.0 4.0 0.0 0.0 0.0 70.0 17.0 20.0 0.0 2.0 46.0 18.0 0.0 0.0 4.0 14.0 6.0 0.0 3.0 41.0 44.0 14.0 0.0 0.0 17.0 89.0 2.0 0.0 0.0 0.0 17.0 0.0 0.0 2.0 1.0 0.0 0.0 65.0 7.0 14.0 0.0 0.0 0.0 0.0 0.0 0.0 4.0 45.0 2.0 1.0 1.0 0.0 0.0 0.0 0.0 4.0 14.0 7.0 2.0 1.0 0.0 0.0 15.0 0.0 0.0 0.0 2.0 5.0 2.0 17.0 
25_3_036_131
0.0 0.0 0.0 0.0 6.0 38.0 0.0 0.0 0.0 -2.0 7.0 2.0 28.0 21.0 0.0 0.0 0.0 3.0 5.0 3.0 7.0 0.0 -1.0 2.0 1.0 2.0 0.0 0.0 0.0 0.0 -1.0 4.0 41.0 36.0 32.0 8.0 9.0 2.0 2.0 -22.0 48.0 0.0 0.0 0.0 21.0 4.0 -11.0 51.0 0.0 0.0 2.0 60.0 36.0 0.0 0.0 0.0 -1.0 3.0 0.0 0.0 0.0 2.0 36.0 8.0 22.0 22.0 0.0 3.0 19.0 44.0 -5.0 7.0 -27.0 49.0 46.0 0.0 3.0 26.0 24.0 5.0 -8.0 -5.0 102.0 0.0 0.0 0.0 6.0 13.0 0.0 -3.0 15.0 0.0 0.0 0.0 51.0 28.0 12.0 -6.0 19.0 6.0 0.0 0.0 -38.0 95.0 4.0 0.0 0.0 46.0 34.0 0.0 -16.0 44.0 0.0 1.0 0.0 1.0 10.0 1.0 48.0 27.0 10.0 14.0 1.0 15.0 8.0 0.0 18.0 2.0 
25_3_036_132
0.0 0.0 0.0 5.0 8.0 4.0 0.0 0.0 1.0 1.0 2.0 5.0 7.0 5.0 0.0 0.0 2.0 1.0 3.0 2.0 0.0 0.0 2.0 0.0 4.0 0.0 0.0 0.0 0.0 3.0 14.0 59.0 0.0 5.0 4.0 0.0 0.0 36.0 30.0 0.0 14.0 17.0 0.0 0.0 40.0 61.0 3.0 0.0 5.0 0.0 0.0 27.0 53.0 1.0 1.0 4.0 10.0 0.0 0.0 7.0 2.0 0.0 0.0 71.0 0.0 24.0 46.0 29.0 14.0 10.0 8.0 0.0 29.0 20.0 0.0 2.0 1.0 11.0 52.0 30.0 2.0 1.0 23.0 102.0 4.0 0.0 0.0 2.0 18.0 0.0 0.0 0.0 0.0 0.0 1.0 91.0 8.0 0.0 9.0 11.0 14.0 19.0 5.0 6.0 25.0 60.0 12.0 5.0 2.0 3.0 11.0 0.0 18.0 9.0 0.0 5.0 62.0 25.0 0.0 0.0 8.0 8.0 1.0 5.0 9.0 9.0 4.0 23.0 
25_3_036_133
23.0 82.0 23.0 0.0 0.0 1.0 0.0 0.0 0.0 30.0 42.0 31.0 26.0 2.0 0.0 0.0 84.0 0.0 0.0 0.0 1.0 1.0 2.0 83.0 0.0 9.0 40.0 46.0 7.0 11.0 0.0 0.0 0.0 0.0 0.0 3.0 6.0 22.0 21.0 2.0 1.0 0.0 0.0 0.0 3.0 63.0 52.0 7.0 58.0 0.0 2.0 23.0 35.0 21.0 2.0 53.0 39.0 0.0 2.0 72.0 58.0 0.0 0.0 23.0 0.0 0.0 0.0 0.0 45.0 58.0 14.0 1.0 0.0 0.0 33.0 7.0 0.0 17.0 70.0 22.0 8.0 0.0 66.0 102.0 0.0 0.0 1.0 20.0 38.0 30.0 31.0 8.0 4.0 1.0 0.0 11.0 14.0 54.0 6.0 0.0 1.0 0.0 0.0 0.0 0.0 20.0 68.0 8.0 6.0 13.0 0.0 0.0 0.0 0.0 10.0 9.0 11.0 30.0 8.0 5.0 0.0 0.0 0.0 0.0 4.0 2.0 1.0 5.0 
25_3_036_134
2.0 17.0 5.0 0.0 0.0 0.0 0.0 0.0 1.0 16.0 6.0 0.0 0.0 0.0 14.0 23.0 0.0 7.0 19.0 0.0 0.0 9.0 33.0 2.0 18.0 27.0 3.0 0.0 4.0 12.0 0.0 0.0 1.0 1.0 1.0 11.0 5.0 0.0 0.0 0.0 0.0 0.0 0.0 0.0 1.0 0.0 5.0 102.0 0.0 0.0 28.0 48.0 0.0 0.0 0.0 0.0 9.0 10.0 14.0 1.0 0.0 0.0 0.0 0.0 0.0 0.0 0.0 0.0 18.0 17.0 6.0 43.0 12.0 7.0 0.0 0.0 57.0 5.0 -11.0 34.0 1.0 24.0 33.0 7.0 0.0 0.0 0.0 2.0 0.0 0.0 3.0 4.0 3.0 33.0 16.0 1.0 46.0 2.0 0.0 2.0 1.0 0.0 -4.0 20.0 1.0 0.0 0.0 0.0 47.0 4.0 -9.0 42.0 0.0 0.0 0.0 2.0 67.0 4.0 -2.0 13.0 15.0 32.0 1.0 0.0 0.0 5.0 5.0 17.0 
25_3_036_135
0.0 0.0 2.0 17.0 3.0 3.0 1.0 0.0 0.0 0.0 31.0 45.0 0.0 0.0 0.0 0.0 0.0 0.0 1.0 94.0 47.0 0.0 0.0 0.0 0.0 0.0 0.0 5.0 4.0 0.0 0.0 0.0 0.0 0.0 24.0 22.0 0.0 0.0 0.0 0.0 0.0 0.0 17.0 97.0 1.0 0.0 0.0 0.0 4.0 2.0 0.0 59.0 50.0 0.0 4.0 11.0 0.0 0.0 0.0 42.0 25.0 0.0 0.0 0.0 0.0 0.0 24.0 25.0 0.0 0.0 0.0 0.0 0.0 0.0 27.0 54.0 2.0 2.0 9.0 5.0 0.0 0.0 0.0 45.0 47.0 15.0 49.0 7.0 0.0 0.0 1.0 87.0 21.0 0.0 0.0 0.0 0.0 0.0 18.0 22.0 0.0 0.0 0.0 0.0 4.0 0.0 16.0 20.0 0.0 0.0 7.0 53.0 4.0 0.0 8.0 67.0 12.0 0.0 18.0 33.0 0.0 0.0 9.0 102.0 11.0 0.0 0.0 0.0 
25_3_036_136
0.0 0.0 0.0 0.0 0.0 1.0 1.0 0.0 0.0 0.0 1.0 1.0 0.0 0.0 0.0 0.0 0.0 0.0 46.0 52.0 0.0 0.0 0.0 0.0 0.0 0.0 7.0 4.0 0.0 0.0 16.0 11.0 0.0 0.0 0.0 0.0 0.0 0.0 0.0 0.0 0.0 0.0 1.0 11.0 0.0 0.0 0.0 0.0 0.0 0.0 28.0 102.0 0.0 0.0 0.0 0.0 0.0 0.0 0.0 0.0 0.0 0.0 16.0 42.0 0.0 0.0 0.0 0.0 0.0 0.0 1.0 0.0 0.0 0.0 2.0 23.0 1.0 0.0 0.0 0.0 0.0 0.0 6.0 101.0 2.0 0.0 2.0 2.0 0.0 0.0 0.0 0.0 0.0 0.0 9.0 46.0 0.0 0.0 0.0 0.0 0.0 0.0 1.0 0.0 0.0 0.0 0.0 14.0 4.0 0.0 0.0 0.0 0.0 0.0 0.0 62.0 22.0 1.0 3.0 0.0 0.0 0.0 0.0 0.0 0.0 0.0 5.0 30.0 
25_3_036_137
20.0 0.0 0.0 0.0 0.0 0.0 0.0 61.0 26.0 16.0 16.0 41.0 23.0 12.0 7.0 4.0 16.0 5.0 1.0 0.0 45.0 10.0 11.0 25.0 15.0 0.0 0.0 0.0 86.0 7.0 0.0 2.0 35.0 0.0 0.0 0.0 0.0 0.0 0.0 85.0 7.0 2.0 64.0 21.0 14.0 25.0 3.0 23.0 13.0 84.0 66.0 0.0 0.0 0.0 3.0 2.0 35.0 40.0 20.0 14.0 4.0 0.0 0.0 0.0 12.0 0.0 0.0 0.0 31.0 36.0 5.0 42.0 16.0 15.0 43.0 102.0 0.0 0.0 0.0 22.0 0.0 0.0 2.0 3.0 3.0 1.0 21.0 17.0 0.0 1.0 2.0 0.0 0.0 5.0 6.0 0.0 5.0 30.0 37.0 9.0 0.0 1.0 0.0 0.0 0.0 11.0 24.0 0.0 0.0 4.0 6.0 0.0 1.0 1.0 0.0 0.0 0.0 0.0 8.0 5.0 0.0 1.0 4.0 0.0 0.0 0.0 6.0 1.0 
25_3_036_138
1.0 7.0 0.0 0.0 0.0 48.0 35.0 0.0 3.0 2.0 40.0 7.0 1.0 51.0 25.0 0.0 0.0 17.0 46.0 18.0 9.0 7.0 0.0 0.0 0.0 0.0 0.0 2.0 0.0 0.0 3.0 3.0 10.0 24.0 25.0 7.0 26.0 27.0 13.0 2.0 11.0 1.0 21.0 102.0 7.0 1.0 14.0 17.0 19.0 4.0 3.0 1.0 0.0 0.0 0.0 10.0 3.0 0.0 0.0 5.0 0.0 0.0 0.0 4.0 54.0 51.0 0.0 0.0 0.0 2.0 3.0 0.0 29.0 33.0 1.0 30.0 52.0 3.0 2.0 0.0 3.0 0.0 3.0 30.0 59.0 13.0 0.0 5.0 8.0 1.0 1.0 0.0 0.0 0.0 0.0 6.0 6.0 11.0 0.0 1.0 37.0 12.0 0.0 0.0 32.0 27.0 0.0 0.0 0.0 17.0 45.0 3.0 0.0 7.0 9.0 46.0 11.0 6.0 0.0 1.0 0.0 0.0 0.0 0.0 0.0 0.0 5.0 7.0 
25_3_036_139
0.0 0.0 0.0 0.0 0.0 0.0 0.0 0.0 0.0 0.0 0.0 0.0 0.0 0.0 0.0 0.0 0.0 0.0 41.0 51.0 0.0 0.0 0.0 0.0 0.0 0.0 8.0 8.0 0.0 0.0 0.0 0.0 0.0 0.0 0.0 0.0 0.0 0.0 0.0 0.0 0.0 0.0 1.0 6.0 0.0 0.0 0.0 0.0 0.0 0.0 33.0 95.0 0.0 0.0 0.0 0.0 0.0 0.0 0.0 2.0 0.0 0.0 0.0 0.0 0.0 0.0 0.0 0.0 0.0 0.0 0.0 0.0 0.0 0.0 1.0 18.0 0.0 0.0 0.0 0.0 0.0 0.0 9.0 102.0 2.0 0.0 0.0 0.0 0.0 0.0 0.0 1.0 0.0 0.0 0.0 0.0 0.0 0.0 0.0 0.0 0.0 0.0 0.0 0.0 0.0 0.0 0.0 10.0 2.0 0.0 0.0 0.0 0.0 0.0 0.0 78.0 11.0 0.0 0.0 0.0 0.0 0.0 0.0 2.0 0.0 0.0 0.0 0.0 
25_3_036_140
26.0 41.0 27.0 0.0 6.0 5.0 0.0 -20.0 68.0 0.0 0.0 0.0 0.0 13.0 -2.0 18.0 0.0 -38.0 89.0 48.0 0.0 1.0 1.0 4.0 0.0 0.0 13.0 0.0 0.0 0.0 9.0 64.0 2.0 -29.0 75.0 28.0 1.0 0.0 5.0 0.0 0.0 0.0 0.0 0.0 0.0 0.0 17.0 102.0 0.0 -19.0 54.0 76.0 0.0 0.0 6.0 15.0 0.0 -17.0 41.0 28.0 0.0 0.0 12.0 62.0 -2.0 4.0 14.0 0.0 0.0 1.0 8.0 6.0 36.0 5.0 0.0 0.0 0.0 0.0 -14.0 36.0 -17.0 32.0 37.0 0.0 0.0 4.0 0.0 19.0 12.0 29.0 31.0 0.0 0.0 0.0 -12.0 28.0 0.0 0.0 0.0 0.0 0.0 1.0 0.0 3.0 0.0 0.0 0.0 0.0 0.0 1.0 0.0 6.0 0.0 0.0 0.0 0.0 0.0 4.0 1.0 5.0 0.0 0.0 0.0 0.0 2.0 11.0 2.0 0.0 
25_3_036_141
0.0 6.0 3.0 3.0 1.0 0.0 0.0 0.0 0.0 2.0 3.0 2.0 2.0 0.0 0.0 0.0 0.0 0.0 0.0 3.0 2.0 0.0 0.0 0.0 1.0 2.0 3.0 1.0 0.0 0.0 0.0 0.0 1.0 4.0 0.0 8.0 22.0 17.0 19.0 2.0 0.0 5.0 4.0 8.0 4.0 5.0 30.0 17.0 0.0 0.0 0.0 18.0 24.0 22.0 1.0 0.0 0.0 0.0 4.0 8.0 0.0 0.0 15.0 20.0 2.0 0.0 0.0 48.0 11.0 0.0 6.0 56.0 9.0 0.0 0.0 38.0 1.0 0.0 1.0 102.0 0.0 0.0 9.0 101.0 25.0 1.0 0.0 0.0 3.0 0.0 6.0 2.0 1.0 8.0 10.0 58.0 0.0 0.0 0.0 47.0 3.0 7.0 12.0 18.0 5.0 0.0 0.0 31.0 0.0 0.0 -2.0 102.0 1.0 11.0 19.0 3.0 29.0 15.0 0.0 12.0 13.0 29.0 1.0 0.0 0.0 36.0 20.0 2.0 
25_3_036_142
0.0 3.0 7.0 1.0 0.0 0.0 1.0 0.0 2.0 9.0 0.0 0.0 2.0 5.0 3.0 0.0 7.0 4.0 0.0 0.0 0.0 0.0 0.0 1.0 1.0 1.0 0.0 0.0 1.0 2.0 0.0 0.0 1.0 2.0 11.0 0.0 2.0 1.0 15.0 35.0 0.0 0.0 4.0 53.0 23.0 23.0 29.0 18.0 2.0 0.0 0.0 4.0 21.0 32.0 19.0 32.0 0.0 6.0 3.0 22.0 16.0 0.0 0.0 0.0 8.0 11.0 0.0 0.0 7.0 51.0 32.0 8.0 0.0 0.0 12.0 102.0 2.0 0.0 10.0 6.0 19.0 0.0 0.0 0.0 3.0 0.0 3.0 101.0 2.0 8.0 8.0 5.0 54.0 33.0 0.0 0.0 23.0 12.0 0.0 0.0 0.0 8.0 17.0 34.0 0.0 0.0 14.0 70.0 0.0 0.0 0.0 0.0 22.0 0.0 0.0 0.0 0.0 0.0 0.0 63.0 5.0 6.0 16.0 26.0 9.0 6.0 7.0 7.0 
25_3_036_143
0.0 1.0 2.0 0.0 15.0 16.0 3.0 0.0 0.0 0.0 0.0 0.0 0.0 1.0 8.0 90.0 0.0 23.0 29.0 9.0 10.0 11.0 0.0 0.0 24.0 26.0 0.0 0.0 0.0 13.0 8.0 5.0 0.0 1.0 36.0 26.0 11.0 6.0 16.0 0.0 5.0 0.0 2.0 2.0 0.0 0.0 1.0 102.0 0.0 4.0 17.0 91.0 1.0 1.0 1.0 0.0 12.0 3.0 0.0 0.0 0.0 0.0 12.0 62.0 0.0 12.0 30.0 1.0 3.0 3.0 7.0 1.0 14.0 24.0 3.0 3.0 1.0 0.0 5.0 16.0 0.0 11.0 31.0 12.0 0.0 0.0 4.0 2.0 14.0 2.0 0.0 0.0 0.0 0.0 2.0 17.0 0.0 0.0 0.0 2.0 14.0 4.0 1.0 0.0 0.0 0.0 0.0 4.0 5.0 0.0 0.0 0.0 0.0 0.0 0.0 0.0 3.0 2.0 2.0 0.0 1.0 0.0 0.0 0.0 0.0 0.0 0.0 2.0 
25_3_036_144
0.0 0.0 0.0 3.0 1.0 0.0 0.0 0.0 1.0 2.0 3.0 1.0 0.0 0.0 0.0 0.0 5.0 0.0 0.0 0.0 0.0 0.0 0.0 7.0 12.0 2.0 1.0 0.0 0.0 0.0 0.0 4.0 0.0 0.0 4.0 29.0 18.0 4.0 0.0 0.0 0.0 0.0 5.0 2.0 0.0 12.0 41.0 12.0 1.0 0.0 7.0 19.0 16.0 26.0 2.0 3.0 4.0 5.0 11.0 2.0 0.0 11.0 17.0 0.0 0.0 0.0 21.0 49.0 13.0 6.0 0.0 0.0 0.0 1.0 1.0 0.0 0.0 2.0 37.0 90.0 0.0 0.0 9.0 102.0 3.0 0.0 2.0 5.0 9.0 5.0 10.0 0.0 0.0 8.0 56.0 19.0 1.0 33.0 8.0 0.0 23.0 28.0 0.0 0.0 14.0 10.0 1.0 9.0 0.0 19.0 30.0 7.0 4.0 3.0 18.0 78.0 0.0 0.0 0.0 0.0 19.0 25.0 6.0 0.0 0.0 0.0 0.0 1.0 
25_3_036_145
0.0 0.0 11.0 1.0 0.0 0.0 96.0 9.0 0.0 0.0 8.0 59.0 18.0 4.0 35.0 3.0 15.0 10.0 10.0 36.0 1.0 0.0 -3.0 13.0 4.0 0.0 0.0 0.0 0.0 0.0 -20.0 49.0 12.0 32.0 21.0 0.0 0.0 0.0 28.0 15.0 16.0 0.0 31.0 102.0 1.0 0.0 -8.0 27.0 0.0 0.0 1.0 16.0 1.0 21.0 101.0 4.0 2.0 1.0 19.0 24.0 16.0 27.0 6.0 3.0 3.0 10.0 39.0 4.0 0.0 0.0 16.0 63.0 0.0 0.0 0.0 26.0 33.0 24.0 13.0 24.0 -2.0 1.0 85.0 5.0 0.0 5.0 50.0 3.0 -12.0 23.0 58.0 0.0 0.0 8.0 41.0 5.0 0.0 0.0 0.0 0.0 0.0 1.0 13.0 83.0 -1.0 13.0 68.0 6.0 4.0 1.0 2.0 8.0 -2.0 5.0 66.0 8.0 0.0 0.0 37.0 10.0 -23.0 53.0 15.0 0.0 0.0 5.0 64.0 1.0 
25_3_036_146
6.0 1.0 0.0 0.0 0.0 0.0 1.0 8.0 0.0 0.0 0.0 0.0 0.0 19.0 44.0 1.0 0.0 3.0 0.0 0.0 2.0 44.0 21.0 0.0 2.0 1.0 0.0 0.0 19.0 28.0 1.0 1.0 0.0 0.0 0.0 0.0 0.0 2.0 34.0 27.0 0.0 0.0 47.0 22.0 0.0 1.0 45.0 15.0 7.0 72.0 48.0 0.0 0.0 2.0 4.0 0.0 63.0 10.0 0.0 0.0 8.0 0.0 1.0 23.0 4.0 0.0 0.0 0.0 0.0 4.0 12.0 40.0 2.0 0.0 5.0 102.0 18.0 0.0 2.0 18.0 1.0 0.0 0.0 5.0 3.0 5.0 12.0 20.0 6.0 0.0 0.0 0.0 0.0 5.0 5.0 53.0 12.0 1.0 1.0 0.0 0.0 1.0 0.0 7.0 38.0 0.0 0.0 17.0 33.0 0.0 0.0 16.0 1.0 0.0 0.0 1.0 40.0 39.0 7.0 5.0 0.0 0.0 2.0 0.0 0.0 7.0 39.0 13.0 
25_3_036_147
2.0 0.0 0.0 0.0 1.0 4.0 6.0 2.0 0.0 1.0 4.0 0.0 0.0 8.0 99.0 14.0 6.0 55.0 19.0 0.0 0.0 53.0 22.0 0.0 18.0 13.0 0.0 0.0 46.0 26.0 0.0 0.0 6.0 0.0 0.0 0.0 0.0 0.0 18.0 75.0 0.0 0.0 63.0 97.0 0.0 0.0 32.0 38.0 7.0 45.0 59.0 5.0 0.0 3.0 15.0 10.0 102.0 2.0 0.0 0.0 0.0 2.0 6.0 36.0 6.0 0.0 0.0 0.0 0.0 6.0 14.0 76.0 27.0 0.0 0.0 81.0 75.0 0.0 0.0 54.0 17.0 0.0 0.0 11.0 66.0 4.0 2.0 28.0 12.0 2.0 0.0 0.0 0.0 2.0 15.0 41.0 4.0 0.0 0.0 1.0 0.0 1.0 5.0 10.0 98.0 9.0 0.0 0.0 5.0 0.0 0.0 11.0 18.0 21.0 0.0 0.0 82.0 62.0 0.0 0.0 0.0 16.0 17.0 0.0 0.0 41.0 49.0 1.0 
25_3_036_148
0.0 0.0 0.0 13.0 0.0 0.0 2.0 10.0 1.0 0.0 0.0 0.0 0.0 0.0 3.0 69.0 10.0 27.0 19.0 7.0 9.0 18.0 1.0 0.0 22.0 4.0 3.0 8.0 3.0 24.0 4.0 0.0 1.0 0.0 0.0 17.0 0.0 0.0 0.0 15.0 3.0 0.0 0.0 0.0 0.0 0.0 1.0 78.0 5.0 0.0 9.0 102.0 3.0 0.0 3.0 2.0 70.0 0.0 0.0 0.0 2.0 0.0 1.0 27.0 0.0 0.0 2.0 3.0 0.0 0.0 2.0 13.0 19.0 29.0 5.0 0.0 0.0 0.0 0.0 9.0 0.0 6.0 27.0 18.0 1.0 4.0 8.0 1.0 10.0 0.0 0.0 0.0 4.0 3.0 3.0 1.0 2.0 0.0 0.0 0.0 0.0 0.0 1.0 3.0 1.0 2.0 1.0 0.0 0.0 0.0 0.0 0.0 5.0 2.0 0.0 0.0 0.0 0.0 3.0 3.0 2.0 1.0 0.0 0.0 1.0 0.0 0.0 0.0 
