25_3_015_0
6.0 0.0 0.0 0.0 0.0 0.0 0.0 1.0 1.0 0.0 24.0 68.0 0.0 0.0 0.0 0.0 0.0 0.0 9.0 27.0 0.0 0.0 0.0 0.0 0.0 0.0 0.0 0.0 0.0 0.0 0.0 0.0 8.0 7.0 0.0 0.0 0.0 0.0 0.0 0.0 0.0 2.0 21.0 102.0 0.0 0.0 0.0 0.0 0.0 0.0 1.0 19.0 3.0 1.0 0.0 0.0 0.0 0.0 0.0 0.0 0.0 0.0 0.0 1.0 8.0 17.0 0.0 0.0 0.0 0.0 1.0 2.0 0.0 8.0 17.0 29.0 14.0 2.0 0.0 0.0 0.0 0.0 0.0 0.0 36.0 40.0 0.0 0.0 0.0 0.0 0.0 1.0 25.0 0.0 0.0 0.0 5.0 1.0 1.0 0.0 0.0 0.0 1.0 4.0 0.0 1.0 4.0 4.0 2.0 2.0 0.0 0.0 0.0 1.0 3.0 8.0 5.0 0.0 1.0 1.0 0.0 0.0 8.0 17.0 17.0 0.0 0.0 0.0 
25_3_015_1
0.0 0.0 0.0 0.0 0.0 0.0 2.0 7.0 0.0 0.0 13.0 79.0 9.0 0.0 1.0 0.0 1.0 0.0 2.0 0.0 0.0 0.0 15.0 33.0 5.0 0.0 0.0 0.0 0.0 1.0 10.0 14.0 1.0 0.0 0.0 0.0 0.0 0.0 0.0 13.0 0.0 0.0 10.0 102.0 5.0 0.0 0.0 1.0 12.0 14.0 7.0 2.0 2.0 0.0 0.0 4.0 40.0 26.0 0.0 0.0 0.0 1.0 4.0 2.0 7.0 0.0 0.0 0.0 0.0 0.0 0.0 10.0 1.0 0.0 0.0 57.0 38.0 0.0 0.0 1.0 1.0 0.0 0.0 8.0 23.0 8.0 12.0 8.0 1.0 0.0 0.0 2.0 8.0 19.0 9.0 4.0 7.0 0.0 0.0 0.0 0.0 0.0 0.0 5.0 5.0 2.0 0.0 7.0 7.0 0.0 0.0 0.0 1.0 0.0 6.0 30.0 46.0 0.0 0.0 0.0 17.0 10.0 3.0 1.0 0.0 0.0 0.0 1.0 
25_3_015_2
2.0 2.0 0.0 0.0 0.0 2.0 4.0 6.0 0.0 5.0 7.0 3.0 1.0 2.0 0.0 0.0 2.0 9.0 8.0 0.0 0.0 0.0 0.0 0.0 0.0 4.0 17.0 16.0 2.0 0.0 0.0 0.0 1.0 3.0 0.0 0.0 0.0 28.0 4.0 0.0 0.0 6.0 15.0 18.0 13.0 9.0 0.0 0.0 0.0 30.0 31.0 0.0 0.0 0.0 0.0 0.0 0.0 7.0 20.0 0.0 0.0 0.0 0.0 0.0 0.0 1.0 2.0 0.0 1.0 9.0 0.0 0.0 0.0 0.0 5.0 102.0 5.0 0.0 0.0 0.0 0.0 1.0 3.0 10.0 0.0 0.0 0.0 0.0 0.0 0.0 0.0 0.0 0.0 0.0 1.0 1.0 0.0 4.0 1.0 0.0 0.0 0.0 0.0 0.0 0.0 0.0 2.0 71.0 7.0 0.0 0.0 0.0 0.0 0.0 0.0 10.0 3.0 0.0 0.0 0.0 0.0 0.0 0.0 0.0 0.0 0.0 0.0 0.0 
25_3_015_3
0.0 10.0 34.0 0.0 0.0 0.0 9.0 4.0 0.0 0.0 0.0 1.0 19.0 42.0 5.0 0.0 26.0 2.0 0.0 6.0 28.0 12.0 0.0 0.0 66.0 13.0 1.0 0.0 0.0 0.0 0.0 7.0 12.0 0.0 0.0 0.0 0.0 0.0 5.0 50.0 7.0 3.0 3.0 6.0 6.0 3.0 7.0 5.0 0.0 5.0 35.0 82.0 8.0 0.0 10.0 0.0 10.0 2.0 0.0 0.0 0.0 3.0 30.0 26.0 36.0 16.0 2.0 0.0 0.0 0.0 0.0 16.0 7.0 102.0 23.0 0.0 0.0 0.0 2.0 4.0 18.0 14.0 7.0 12.0 11.0 7.0 8.0 5.0 3.0 5.0 2.0 0.0 2.0 1.0 8.0 8.0 0.0 3.0 5.0 21.0 29.0 1.0 1.0 0.0 5.0 0.0 1.0 0.0 0.0 5.0 39.0 14.0 7.0 1.0 0.0 3.0 9.0 14.0 3.0 1.0 5.0 7.0 4.0 4.0 1.0 0.0 0.0 2.0 
25_3_015_4
0.0 0.0 5.0 31.0 0.0 0.0 18.0 56.0 0.0 0.0 0.0 0.0 0.0 0.0 32.0 72.0 0.0 0.0 7.0 76.0 7.0 0.0 11.0 7.0 0.0 0.0 0.0 0.0 0.0 0.0 5.0 5.0 0.0 0.0 2.0 22.0 0.0 0.0 25.0 78.0 0.0 0.0 0.0 0.0 0.0 0.0 37.0 98.0 0.0 0.0 10.0 102.0 4.0 0.0 0.0 0.0 0.0 0.0 0.0 0.0 0.0 0.0 4.0 7.0 1.0 1.0 1.0 0.0 0.0 0.0 15.0 68.0 3.0 0.0 0.0 0.0 0.0 0.0 19.0 90.0 0.0 0.0 24.0 89.0 0.0 0.0 0.0 0.0 0.0 0.0 0.0 0.0 0.0 0.0 3.0 4.0 8.0 5.0 4.0 0.0 0.0 1.0 2.0 15.0 10.0 25.0 11.0 0.0 0.0 0.0 3.0 30.0 0.0 41.0 64.0 19.0 0.0 0.0 0.0 0.0 1.0 49.0 6.0 0.0 0.0 0.0 0.0 0.0 
25_3_015_5
1.0 0.0 2.0 0.0 0.0 33.0 13.0 0.0 0.0 0.0 0.0 0.0 0.0 15.0 70.0 17.0 0.0 0.0 2.0 23.0 11.0 4.0 0.0 0.0 0.0 0.0 0.0 22.0 10.0 7.0 10.0 1.0 0.0 0.0 1.0 2.0 0.0 2.0 0.0 0.0 0.0 0.0 0.0 0.0 0.0 0.0 0.0 86.0 0.0 0.0 3.0 77.0 10.0 0.0 0.0 0.0 0.0 0.0 1.0 62.0 6.0 0.0 2.0 10.0 0.0 0.0 1.0 6.0 0.0 0.0 0.0 0.0 0.0 0.0 0.0 0.0 0.0 0.0 -14.0 102.0 0.0 0.0 6.0 96.0 1.0 0.0 0.0 0.0 0.0 0.0 3.0 74.0 1.0 0.0 -2.0 11.0 0.0 0.0 1.0 9.0 0.0 0.0 0.0 0.0 0.0 0.0 0.0 0.0 0.0 0.0 -12.0 84.0 0.0 1.0 12.0 62.0 0.0 0.0 0.0 0.0 3.0 0.0 7.0 55.0 0.0 0.0 -1.0 4.0 
25_3_015_6
0.0 0.0 0.0 0.0 0.0 0.0 1.0 8.0 0.0 0.0 0.0 0.0 0.0 0.0 5.0 6.0 0.0 -15.0 78.0 3.0 0.0 0.0 1.0 1.0 0.0 -4.0 25.0 20.0 0.0 1.0 9.0 3.0 0.0 0.0 0.0 0.0 0.0 0.0 4.0 9.0 0.0 0.0 3.0 2.0 0.0 0.0 2.0 8.0 0.0 -20.0 102.0 53.0 3.0 0.0 0.0 0.0 7.0 6.0 0.0 1.0 2.0 1.0 -1.0 10.0 0.0 0.0 0.0 0.0 0.0 0.0 -1.0 14.0 0.0 0.0 3.0 11.0 0.0 0.0 -2.0 8.0 0.0 0.0 6.0 85.0 5.0 2.0 0.0 0.0 0.0 0.0 0.0 0.0 5.0 17.0 11.0 6.0 9.0 0.0 0.0 0.0 0.0 0.0 -3.0 6.0 17.0 3.0 0.0 3.0 0.0 0.0 -1.0 -2.0 0.0 -4.0 19.0 50.0 12.0 0.0 0.0 0.0 1.0 0.0 0.0 0.0 0.0 1.0 -4.0 34.0 
25_3_015_7
0.0 2.0 12.0 0.0 0.0 0.0 0.0 0.0 0.0 0.0 14.0 4.0 0.0 0.0 0.0 0.0 0.0 0.0 34.0 67.0 1.0 0.0 0.0 0.0 1.0 0.0 2.0 2.0 2.0 2.0 4.0 8.0 0.0 4.0 11.0 0.0 0.0 0.0 0.0 0.0 0.0 3.0 15.0 14.0 0.0 0.0 0.0 0.0 0.0 2.0 28.0 93.0 0.0 0.0 0.0 0.0 8.0 31.0 28.0 0.0 0.0 0.0 0.0 1.0 0.0 5.0 9.0 0.0 0.0 0.0 0.0 0.0 0.0 3.0 9.0 11.0 0.0 0.0 0.0 0.0 0.0 0.0 14.0 102.0 37.0 0.0 0.0 0.0 0.0 2.0 11.0 4.0 11.0 25.0 15.0 4.0 0.0 7.0 1.0 0.0 0.0 0.0 0.0 0.0 1.0 7.0 0.0 0.0 0.0 0.0 0.0 0.0 0.0 0.0 0.0 56.0 48.0 0.0 0.0 0.0 19.0 2.0 0.0 12.0 3.0 0.0 0.0 19.0 
25_3_015_8
8.0 43.0 1.0 0.0 0.0 0.0 0.0 0.0 25.0 37.0 0.0 0.0 0.0 0.0 0.0 0.0 0.0 14.0 47.0 102.0 0.0 0.0 0.0 0.0 0.0 0.0 2.0 30.0 10.0 29.0 0.0 0.0 6.0 3.0 0.0 0.0 0.0 2.0 6.0 9.0 3.0 20.0 0.0 0.0 2.0 17.0 2.0 0.0 0.0 14.0 11.0 14.0 21.0 4.0 0.0 0.0 0.0 1.0 0.0 0.0 12.0 56.0 1.0 0.0 29.0 4.0 0.0 0.0 0.0 0.0 1.0 19.0 7.0 10.0 4.0 0.0 0.0 0.0 0.0 1.0 0.0 3.0 10.0 21.0 9.0 7.0 0.0 0.0 7.0 1.0 0.0 0.0 1.0 5.0 7.0 8.0 0.0 2.0 5.0 0.0 4.0 13.0 12.0 4.0 0.0 10.0 12.0 4.0 1.0 0.0 1.0 1.0 6.0 7.0 3.0 2.0 0.0 2.0 0.0 3.0 1.0 9.0 9.0 4.0 0.0 0.0 0.0 1.0 
25_3_015_9
2.0 0.0 5.0 0.0 5.0 1.0 0.0 0.0 0.0 -1.0 6.0 26.0 9.0 0.0 0.0 0.0 0.0 0.0 0.0 37.0 6.0 0.0 2.0 50.0 24.0 0.0 0.0 0.0 0.0 0.0 -2.0 35.0 -34.0 102.0 3.0 0.0 0.0 0.0 0.0 0.0 54.0 20.0 16.0 8.0 0.0 0.0 0.0 -25.0 0.0 -1.0 6.0 31.0 2.0 0.0 10.0 54.0 0.0 0.0 0.0 0.0 1.0 0.0 6.0 34.0 -21.0 42.0 7.0 8.0 12.0 18.0 1.0 0.0 29.0 0.0 0.0 0.0 5.0 35.0 -8.0 29.0 0.0 -1.0 13.0 0.0 0.0 5.0 22.0 54.0 0.0 0.0 0.0 0.0 0.0 0.0 1.0 35.0 0.0 0.0 0.0 0.0 2.0 9.0 8.0 1.0 0.0 0.0 0.0 7.0 11.0 9.0 1.0 0.0 0.0 0.0 0.0 0.0 0.0 2.0 46.0 23.0 0.0 0.0 0.0 0.0 0.0 3.0 8.0 2.0 
25_3_015_10
0.0 4.0 0.0 2.0 0.0 0.0 1.0 1.0 0.0 20.0 8.0 0.0 0.0 0.0 1.0 2.0 12.0 52.0 17.0 0.0 0.0 0.0 0.0 0.0 16.0 30.0 0.0 0.0 0.0 0.0 0.0 1.0 3.0 102.0 36.0 0.0 0.0 10.0 14.0 0.0 0.0 91.0 30.0 0.0 2.0 28.0 13.0 0.0 36.0 37.0 6.0 3.0 6.0 5.0 0.0 3.0 21.0 28.0 0.0 0.0 0.0 1.0 3.0 8.0 0.0 0.0 0.0 0.0 0.0 39.0 38.0 0.0 0.0 0.0 0.0 23.0 23.0 28.0 4.0 0.0 16.0 8.0 30.0 44.0 9.0 0.0 2.0 28.0 19.0 2.0 0.0 0.0 0.0 4.0 8.0 30.0 0.0 0.0 0.0 0.0 0.0 6.0 26.0 7.0 0.0 0.0 0.0 7.0 25.0 14.0 0.0 0.0 0.0 0.0 0.0 12.0 84.0 28.0 2.0 5.0 8.0 0.0 0.0 0.0 0.0 6.0 11.0 20.0 
25_3_015_11
0.0 0.0 0.0 0.0 0.0 0.0 0.0 6.0 0.0 11.0 41.0 0.0 0.0 0.0 0.0 1.0 2.0 101.0 18.0 0.0 0.0 0.0 0.0 0.0 11.0 82.0 3.0 0.0 0.0 0.0 0.0 0.0 0.0 66.0 88.0 0.0 0.0 0.0 0.0 0.0 0.0 52.0 102.0 0.0 0.0 22.0 21.0 0.0 37.0 34.0 6.0 8.0 3.0 4.0 0.0 2.0 9.0 2.0 0.0 0.0 0.0 3.0 14.0 24.0 0.0 8.0 28.0 0.0 0.0 11.0 86.0 5.0 0.0 0.0 0.0 2.0 11.0 31.0 42.0 0.0 16.0 5.0 14.0 67.0 56.0 7.0 1.0 13.0 64.0 8.0 0.0 0.0 0.0 0.0 3.0 31.0 0.0 0.0 0.0 0.0 0.0 0.0 39.0 15.0 0.0 0.0 0.0 0.0 3.0 28.0 25.0 3.0 0.0 0.0 0.0 2.0 86.0 44.0 0.0 0.0 0.0 4.0 10.0 3.0 9.0 29.0 18.0 7.0 
25_3_015_12
0.0 4.0 16.0 7.0 0.0 0.0 0.0 0.0 0.0 5.0 59.0 42.0 0.0 0.0 0.0 0.0 17.0 18.0 4.0 0.0 0.0 0.0 0.0 11.0 5.0 19.0 13.0 1.0 0.0 0.0 0.0 0.0 0.0 0.0 7.0 48.0 7.0 0.0 0.0 0.0 0.0 7.0 45.0 67.0 6.0 4.0 9.0 5.0 6.0 58.0 11.0 13.0 38.0 16.0 0.0 0.0 15.0 22.0 0.0 0.0 0.0 7.0 52.0 20.0 2.0 1.0 4.0 51.0 0.0 0.0 0.0 0.0 5.0 0.0 10.0 102.0 0.0 0.0 6.0 48.0 0.0 0.0 0.0 0.0 8.0 65.0 21.0 21.0 0.0 0.0 0.0 0.0 0.0 44.0 53.0 4.0 0.0 0.0 2.0 37.0 13.0 13.0 0.0 0.0 17.0 0.0 9.0 92.0 13.0 0.0 0.0 57.0 16.0 0.0 0.0 0.0 0.0 0.0 3.0 44.0 12.0 3.0 0.0 0.0 2.0 2.0 4.0 3.0 
25_3_015_13
2.0 0.0 0.0 1.0 1.0 2.0 5.0 9.0 0.0 0.0 2.0 0.0 2.0 5.0 3.0 2.0 8.0 9.0 2.0 0.0 5.0 18.0 0.0 0.0 0.0 0.0 0.0 0.0 0.0 13.0 16.0 17.0 9.0 0.0 0.0 0.0 1.0 2.0 2.0 10.0 0.0 0.0 0.0 9.0 9.0 1.0 0.0 0.0 15.0 5.0 11.0 37.0 2.0 0.0 0.0 -2.0 3.0 0.0 0.0 0.0 0.0 0.0 -33.0 102.0 3.0 0.0 0.0 3.0 41.0 5.0 0.0 0.0 5.0 7.0 8.0 3.0 3.0 0.0 0.0 -1.0 0.0 0.0 7.0 31.0 10.0 5.0 10.0 1.0 5.0 3.0 0.0 0.0 0.0 0.0 8.0 36.0 0.0 0.0 0.0 2.0 25.0 2.0 0.0 0.0 0.0 0.0 0.0 0.0 40.0 19.0 0.0 0.0 3.0 0.0 0.0 3.0 24.0 29.0 0.0 0.0 7.0 13.0 0.0 0.0 5.0 31.0 0.0 -1.0 
25_3_015_14
0.0 0.0 0.0 64.0 9.0 0.0 1.0 2.0 0.0 0.0 1.0 59.0 16.0 2.0 17.0 32.0 5.0 0.0 0.0 0.0 0.0 0.0 4.0 37.0 9.0 0.0 0.0 0.0 0.0 0.0 3.0 18.0 0.0 0.0 3.0 54.0 4.0 0.0 0.0 6.0 7.0 0.0 5.0 102.0 12.0 0.0 1.0 23.0 17.0 25.0 10.0 0.0 0.0 0.0 0.0 7.0 29.0 69.0 3.0 0.0 0.0 0.0 0.0 2.0 1.0 0.0 12.0 64.0 5.0 0.0 0.0 2.0 11.0 0.0 10.0 82.0 15.0 3.0 2.0 8.0 1.0 2.0 14.0 6.0 3.0 22.0 12.0 1.0 1.0 0.0 0.0 0.0 0.0 38.0 22.0 2.0 2.0 0.0 0.0 11.0 13.0 0.0 0.0 1.0 0.0 0.0 0.0 42.0 74.0 5.0 0.0 0.0 5.0 0.0 0.0 1.0 1.0 0.0 7.0 18.0 3.0 0.0 0.0 0.0 3.0 6.0 9.0 10.0 
25_3_015_15
2.0 0.0 0.0 0.0 0.0 0.0 1.0 3.0 0.0 0.0 1.0 8.0 1.0 0.0 0.0 0.0 3.0 0.0 0.0 0.0 0.0 0.0 5.0 34.0 0.0 0.0 0.0 0.0 0.0 0.0 2.0 2.0 1.0 4.0 5.0 3.0 0.0 0.0 0.0 0.0 3.0 12.0 5.0 2.0 0.0 0.0 0.0 1.0 24.0 46.0 14.0 6.0 0.0 0.0 0.0 7.0 4.0 102.0 3.0 0.0 0.0 0.0 0.0 0.0 1.0 3.0 2.0 4.0 4.0 1.0 1.0 1.0 0.0 0.0 2.0 4.0 1.0 3.0 3.0 1.0 0.0 1.0 5.0 65.0 5.0 0.0 0.0 0.0 0.0 10.0 3.0 2.0 0.0 0.0 0.0 0.0 1.0 5.0 1.0 0.0 0.0 0.0 6.0 1.0 0.0 8.0 18.0 5.0 0.0 0.0 0.0 0.0 0.0 0.0 31.0 30.0 0.0 0.0 0.0 0.0 0.0 0.0 0.0 2.0 0.0 0.0 0.0 0.0 
25_3_015_16
0.0 0.0 0.0 1.0 30.0 18.0 1.0 0.0 0.0 0.0 0.0 36.0 102.0 0.0 0.0 0.0 1.0 0.0 0.0 4.0 14.0 0.0 0.0 0.0 2.0 0.0 0.0 0.0 0.0 0.0 0.0 0.0 7.0 1.0 1.0 20.0 8.0 0.0 1.0 9.0 0.0 0.0 1.0 53.0 30.0 12.0 9.0 6.0 0.0 0.0 0.0 80.0 68.0 0.0 0.0 0.0 1.0 0.0 0.0 0.0 0.0 0.0 0.0 0.0 8.0 9.0 25.0 3.0 0.0 0.0 0.0 2.0 9.0 21.0 55.0 31.0 0.0 0.0 0.0 1.0 0.0 0.0 79.0 56.0 0.0 0.0 0.0 0.0 0.0 0.0 0.0 0.0 0.0 0.0 0.0 1.0 0.0 2.0 34.0 5.0 0.0 0.0 0.0 0.0 0.0 0.0 81.0 29.0 0.0 0.0 0.0 0.0 0.0 0.0 10.0 2.0 0.0 0.0 1.0 1.0 0.0 0.0 0.0 0.0 0.0 0.0 3.0 1.0 
25_3_015_17
0.0 0.0 0.0 0.0 1.0 3.0 6.0 8.0 0.0 0.0 9.0 46.0 20.0 0.0 0.0 0.0 0.0 0.0 0.0 58.0 25.0 0.0 0.0 0.0 1.0 0.0 0.0 0.0 0.0 0.0 0.0 1.0 5.0 5.0 8.0 0.0 0.0 0.0 0.0 13.0 2.0 0.0 31.0 36.0 0.0 6.0 6.0 5.0 0.0 0.0 4.0 102.0 28.0 0.0 0.0 0.0 1.0 0.0 0.0 0.0 0.0 0.0 0.0 1.0 0.0 21.0 31.0 0.0 0.0 0.0 0.0 0.0 10.0 36.0 63.0 0.0 0.0 0.0 0.0 1.0 0.0 5.0 73.0 17.0 0.0 0.0 0.0 0.0 0.0 0.0 0.0 0.0 0.0 0.0 0.0 0.0 0.0 29.0 45.0 0.0 0.0 0.0 0.0 0.0 0.0 11.0 32.0 0.0 0.0 0.0 0.0 0.0 0.0 0.0 1.0 0.0 0.0 0.0 1.0 0.0 0.0 0.0 0.0 0.0 0.0 0.0 2.0 0.0 
25_3_015_18
0.0 0.0 0.0 0.0 53.0 60.0 0.0 0.0 0.0 0.0 0.0 0.0 57.0 19.0 0.0 0.0 1.0 1.0 0.0 0.0 2.0 0.0 0.0 0.0 1.0 1.0 0.0 0.0 0.0 0.0 0.0 0.0 1.0 0.0 0.0 14.0 45.0 13.0 2.0 1.0 0.0 0.0 0.0 12.0 80.0 30.0 11.0 6.0 0.0 0.0 0.0 43.0 89.0 0.0 0.0 0.0 1.0 0.0 0.0 0.0 0.0 0.0 0.0 1.0 19.0 5.0 6.0 9.0 3.0 0.0 0.0 1.0 6.0 16.0 15.0 61.0 14.0 0.0 0.0 0.0 0.0 0.0 49.0 102.0 0.0 0.0 0.0 0.0 0.0 0.0 0.0 0.0 0.0 0.0 0.0 2.0 2.0 2.0 11.0 3.0 0.0 0.0 2.0 1.0 0.0 0.0 25.0 52.0 1.0 0.0 0.0 0.0 0.0 0.0 24.0 58.0 0.0 0.0 0.0 0.0 0.0 0.0 0.0 0.0 0.0 0.0 1.0 3.0 
25_3_015_19
36.0 15.0 0.0 0.0 0.0 0.0 0.0 4.0 11.0 7.0 0.0 0.0 0.0 0.0 0.0 10.0 0.0 3.0 13.0 10.0 4.0 0.0 0.0 0.0 3.0 5.0 0.0 3.0 2.0 3.0 5.0 5.0 0.0 0.0 0.0 0.0 9.0 77.0 14.0 1.0 0.0 0.0 23.0 17.0 4.0 8.0 20.0 6.0 4.0 7.0 20.0 0.0 0.0 0.0 4.0 9.0 1.0 0.0 3.0 0.0 0.0 1.0 22.0 16.0 0.0 2.0 1.0 1.0 3.0 6.0 0.0 0.0 0.0 0.0 8.0 102.0 13.0 0.0 0.0 0.0 36.0 13.0 0.0 0.0 0.0 0.0 0.0 11.0 22.0 11.0 8.0 0.0 0.0 0.0 0.0 1.0 0.0 4.0 6.0 5.0 0.0 0.0 0.0 0.0 0.0 0.0 11.0 34.0 23.0 0.0 0.0 0.0 5.0 1.0 1.0 9.0 39.0 7.0 0.0 1.0 16.0 9.0 1.0 0.0 0.0 2.0 2.0 3.0 
25_3_015_20
0.0 0.0 0.0 0.0 30.0 92.0 0.0 0.0 0.0 0.0 0.0 0.0 50.0 102.0 0.0 0.0 0.0 0.0 0.0 0.0 12.0 29.0 28.0 32.0 0.0 0.0 2.0 2.0 0.0 1.0 5.0 2.0 0.0 0.0 4.0 1.0 1.0 0.0 0.0 0.0 0.0 0.0 2.0 5.0 11.0 7.0 0.0 0.0 0.0 0.0 4.0 52.0 21.0 7.0 3.0 2.0 0.0 0.0 0.0 1.0 6.0 12.0 6.0 2.0 0.0 1.0 4.0 0.0 0.0 0.0 0.0 0.0 0.0 0.0 29.0 11.0 0.0 0.0 0.0 0.0 0.0 0.0 17.0 27.0 0.0 0.0 4.0 6.0 1.0 0.0 1.0 4.0 0.0 0.0 1.0 8.0 0.0 1.0 2.0 0.0 0.0 0.0 0.0 0.0 0.0 0.0 18.0 31.0 0.0 0.0 0.0 0.0 2.0 1.0 2.0 4.0 0.0 0.0 0.0 4.0 0.0 1.0 3.0 1.0 0.0 0.0 0.0 3.0 
25_3_015_21
1.0 1.0 0.0 0.0 0.0 0.0 0.0 0.0 0.0 0.0 0.0 82.0 8.0 0.0 0.0 0.0 0.0 0.0 0.0 9.0 2.0 0.0 0.0 0.0 0.0 0.0 0.0 0.0 0.0 0.0 0.0 0.0 2.0 1.0 0.0 0.0 0.0 0.0 0.0 0.0 0.0 0.0 9.0 102.0 2.0 0.0 0.0 0.0 0.0 0.0 0.0 14.0 2.0 6.0 0.0 0.0 0.0 0.0 0.0 0.0 1.0 9.0 0.0 0.0 3.0 31.0 5.0 0.0 0.0 0.0 0.0 0.0 0.0 10.0 19.0 28.0 10.0 3.0 0.0 0.0 0.0 0.0 0.0 0.0 7.0 48.0 8.0 0.0 0.0 0.0 0.0 0.0 9.0 32.0 1.0 0.0 0.0 0.0 0.0 0.0 0.0 8.0 1.0 0.0 0.0 1.0 2.0 7.0 3.0 2.0 0.0 0.0 1.0 3.0 0.0 0.0 1.0 1.0 0.0 0.0 0.0 0.0 0.0 0.0 3.0 5.0 1.0 1.0 
25_3_015_22
0.0 0.0 3.0 25.0 10.0 0.0 0.0 0.0 0.0 0.0 0.0 29.0 24.0 0.0 0.0 0.0 33.0 0.0 0.0 13.0 20.0 0.0 0.0 102.0 2.0 0.0 0.0 0.0 1.0 1.0 0.0 9.0 0.0 46.0 41.0 12.0 3.0 0.0 0.0 0.0 7.0 38.0 14.0 12.0 1.0 0.0 0.0 0.0 28.0 0.0 3.0 47.0 9.0 0.0 0.0 55.0 47.0 0.0 0.0 0.0 0.0 0.0 0.0 34.0 0.0 22.0 27.0 19.0 4.0 6.0 5.0 0.0 38.0 20.0 0.0 0.0 0.0 31.0 18.0 12.0 0.0 0.0 6.0 7.0 2.0 6.0 44.0 9.0 8.0 0.0 0.0 0.0 0.0 0.0 21.0 79.0 0.0 0.0 0.0 0.0 3.0 30.0 26.0 3.0 1.0 0.0 0.0 6.0 9.0 45.0 10.0 1.0 1.0 0.0 0.0 0.0 2.0 12.0 8.0 6.0 0.0 0.0 0.0 0.0 0.0 0.0 13.0 66.0 
25_3_015_23
0.0 0.0 3.0 3.0 0.0 0.0 0.0 0.0 0.0 30.0 51.0 5.0 0.0 0.0 0.0 0.0 3.0 17.0 33.0 0.0 0.0 0.0 0.0 0.0 2.0 4.0 2.0 0.0 0.0 0.0 4.0 2.0 0.0 0.0 63.0 15.0 0.0 0.0 0.0 0.0 2.0 14.0 54.0 18.0 0.0 7.0 16.0 0.0 20.0 21.0 10.0 5.0 2.0 2.0 0.0 0.0 34.0 4.0 1.0 0.0 0.0 0.0 7.0 13.0 0.0 1.0 102.0 9.0 0.0 0.0 14.0 9.0 0.0 0.0 0.0 1.0 4.0 7.0 36.0 6.0 5.0 0.0 5.0 46.0 49.0 4.0 0.0 0.0 37.0 14.0 0.0 0.0 0.0 1.0 6.0 8.0 0.0 0.0 3.0 0.0 0.0 0.0 39.0 21.0 0.0 0.0 0.0 0.0 0.0 1.0 23.0 3.0 0.0 0.0 0.0 0.0 45.0 22.0 10.0 0.0 0.0 0.0 0.0 0.0 11.0 63.0 6.0 0.0 
25_3_015_24
0.0 11.0 14.0 5.0 1.0 0.0 0.0 0.0 8.0 11.0 1.0 2.0 2.0 2.0 1.0 3.0 0.0 1.0 17.0 31.0 12.0 6.0 1.0 0.0 11.0 0.0 0.0 1.0 5.0 2.0 11.0 26.0 13.0 84.0 10.0 0.0 0.0 0.0 0.0 9.0 30.0 8.0 0.0 0.0 0.0 0.0 10.0 61.0 0.0 10.0 38.0 59.0 2.0 0.0 0.0 0.0 22.0 1.0 0.0 0.0 0.0 0.0 4.0 34.0 0.0 0.0 0.0 0.0 3.0 90.0 75.0 9.0 0.0 0.0 0.0 0.0 16.0 45.0 93.0 10.0 0.0 2.0 8.0 102.0 75.0 0.0 0.0 0.0 25.0 38.0 9.0 2.0 0.0 0.0 0.0 4.0 1.0 0.0 0.0 0.0 0.0 12.0 17.0 8.0 0.0 12.0 1.0 0.0 3.0 4.0 1.0 0.0 0.0 2.0 1.0 39.0 95.0 4.0 0.0 0.0 0.0 4.0 4.0 3.0 63.0 39.0 0.0 0.0 
25_3_015_25
5.0 25.0 25.0 0.0 0.0 0.0 1.0 -1.0 4.0 3.0 12.0 8.0 3.0 7.0 2.0 -2.0 0.0 2.0 11.0 6.0 17.0 16.0 4.0 0.0 5.0 0.0 0.0 0.0 0.0 30.0 17.0 2.0 0.0 0.0 0.0 0.0 0.0 42.0 29.0 0.0 0.0 0.0 0.0 0.0 25.0 41.0 2.0 0.0 16.0 3.0 19.0 67.0 10.0 0.0 0.0 -5.0 18.0 0.0 0.0 0.0 0.0 0.0 -18.0 83.0 0.0 2.0 6.0 2.0 2.0 31.0 16.0 0.0 0.0 0.0 6.0 47.0 14.0 2.0 0.0 0.0 0.0 0.0 11.0 85.0 30.0 10.0 0.0 0.0 0.0 0.0 0.0 2.0 5.0 2.0 22.0 102.0 37.0 20.0 33.0 0.0 0.0 0.0 0.0 -14.0 0.0 23.0 27.0 7.0 1.0 0.0 0.0 0.0 0.0 0.0 22.0 26.0 5.0 1.0 18.0 1.0 0.0 0.0 0.0 2.0 1.0 10.0 89.0 47.0 
25_3_015_26
0.0 0.0 0.0 0.0 0.0 0.0 0.0 4.0 0.0 0.0 0.0 81.0 24.0 0.0 0.0 0.0 0.0 0.0 0.0 0.0 0.0 0.0 9.0 23.0 2.0 0.0 0.0 0.0 0.0 0.0 0.0 11.0 0.0 0.0 0.0 0.0 0.0 0.0 0.0 6.0 0.0 0.0 6.0 102.0 3.0 0.0 0.0 0.0 5.0 0.0 1.0 3.0 0.0 0.0 0.0 20.0 5.0 6.0 5.0 0.0 0.0 0.0 0.0 1.0 0.0 0.0 0.0 0.0 0.0 0.0 0.0 4.0 0.0 0.0 23.0 89.0 0.0 0.0 0.0 0.0 14.0 0.0 0.0 10.0 1.0 0.0 0.0 10.0 0.0 1.0 11.0 5.0 2.0 5.0 0.0 0.0 1.0 0.0 0.0 0.0 0.0 0.0 0.0 2.0 0.0 0.0 0.0 37.0 37.0 0.0 0.0 0.0 0.0 0.0 0.0 3.0 15.0 4.0 4.0 2.0 0.0 0.0 0.0 0.0 0.0 2.0 6.0 5.0 
25_3_015_27
0.0 0.0 0.0 0.0 48.0 102.0 0.0 0.0 0.0 0.0 0.0 0.0 54.0 79.0 11.0 6.0 0.0 0.0 0.0 0.0 0.0 2.0 37.0 34.0 0.0 1.0 5.0 3.0 1.0 1.0 1.0 0.0 0.0 0.0 2.0 1.0 6.0 5.0 0.0 0.0 0.0 0.0 6.0 51.0 48.0 18.0 0.0 0.0 0.0 0.0 0.0 7.0 2.0 7.0 11.0 4.0 0.0 0.0 1.0 5.0 10.0 15.0 0.0 0.0 0.0 0.0 9.0 0.0 0.0 0.0 0.0 0.0 0.0 0.0 41.0 49.0 0.0 0.0 0.0 0.0 0.0 0.0 0.0 3.0 0.0 0.0 15.0 16.0 0.0 0.0 2.0 6.0 5.0 6.0 0.0 0.0 0.0 0.0 16.0 16.0 0.0 0.0 0.0 0.0 0.0 0.0 18.0 15.0 0.0 0.0 0.0 0.0 1.0 0.0 0.0 0.0 0.0 0.0 2.0 13.0 0.0 2.0 4.0 1.0 1.0 0.0 0.0 0.0 
25_3_015_28
0.0 0.0 0.0 6.0 2.0 0.0 0.0 0.0 0.0 0.0 0.0 13.0 3.0 0.0 0.0 0.0 -2.0 7.0 0.0 8.0 0.0 0.0 -38.0 102.0 0.0 0.0 0.0 0.0 0.0 0.0 5.0 16.0 0.0 0.0 0.0 12.0 6.0 0.0 0.0 0.0 0.0 0.0 0.0 12.0 5.0 0.0 0.0 0.0 0.0 0.0 0.0 41.0 3.0 0.0 -15.0 76.0 14.0 0.0 0.0 0.0 0.0 2.0 4.0 72.0 -1.0 3.0 6.0 12.0 0.0 0.0 0.0 0.0 0.0 0.0 6.0 14.0 0.0 0.0 0.0 0.0 0.0 0.0 11.0 38.0 0.0 0.0 11.0 49.0 16.0 0.0 0.0 0.0 0.0 0.0 3.0 31.0 0.0 1.0 4.0 5.0 0.0 0.0 0.0 0.0 0.0 0.0 7.0 20.0 0.0 0.0 0.0 0.0 0.0 0.0 1.0 13.0 0.0 0.0 36.0 35.0 0.0 0.0 0.0 0.0 0.0 0.0 3.0 3.0 
25_3_015_29
0.0 0.0 0.0 0.0 17.0 65.0 0.0 0.0 0.0 0.0 0.0 0.0 70.0 95.0 0.0 0.0 0.0 0.0 0.0 14.0 45.0 42.0 23.0 8.0 1.0 0.0 2.0 2.0 2.0 0.0 2.0 6.0 0.0 0.0 4.0 1.0 0.0 0.0 0.0 0.0 0.0 0.0 4.0 16.0 0.0 0.0 0.0 0.0 0.0 0.0 9.0 102.0 0.0 0.0 2.0 0.0 0.0 0.0 0.0 0.0 3.0 8.0 16.0 16.0 0.0 0.0 3.0 1.0 0.0 0.0 0.0 0.0 0.0 0.0 45.0 15.0 0.0 0.0 0.0 0.0 0.0 0.0 23.0 41.0 1.0 0.0 4.0 5.0 3.0 0.0 0.0 0.0 0.0 0.0 3.0 19.0 0.0 1.0 2.0 2.0 0.0 0.0 0.0 0.0 0.0 0.0 29.0 39.0 0.0 0.0 0.0 0.0 0.0 0.0 2.0 12.0 1.0 0.0 0.0 5.0 3.0 0.0 0.0 0.0 0.0 0.0 0.0 8.0 
25_3_015_30
0.0 0.0 0.0 0.0 4.0 3.0 3.0 1.0 0.0 0.0 0.0 13.0 7.0 0.0 0.0 0.0 1.0 0.0 0.0 5.0 1.0 0.0 -17.0 102.0 0.0 0.0 0.0 1.0 1.0 0.0 -1.0 9.0 0.0 0.0 0.0 8.0 8.0 0.0 0.0 0.0 0.0 0.0 0.0 14.0 2.0 0.0 0.0 0.0 33.0 2.0 2.0 26.0 1.0 0.0 -5.0 57.0 13.0 0.0 0.0 1.0 0.0 0.0 -5.0 42.0 0.0 0.0 0.0 15.0 3.0 0.0 0.0 0.0 0.0 0.0 4.0 17.0 0.0 0.0 0.0 0.0 2.0 0.0 6.0 40.0 0.0 0.0 -6.0 53.0 0.0 0.0 0.0 0.0 0.0 0.0 -10.0 98.0 0.0 0.0 3.0 11.0 0.0 0.0 0.0 0.0 0.0 0.0 5.0 19.0 0.0 0.0 0.0 0.0 0.0 0.0 5.0 27.0 0.0 0.0 15.0 33.0 0.0 0.0 0.0 0.0 0.0 0.0 10.0 53.0 
25_3_015_31
2.0 0.0 2.0 2.0 0.0 0.0 0.0 3.0 1.0 0.0 7.0 8.0 1.0 0.0 0.0 2.0 0.0 12.0 44.0 14.0 1.0 0.0 0.0 0.0 7.0 34.0 11.0 0.0 0.0 0.0 0.0 0.0 5.0 2.0 2.0 0.0 0.0 0.0 0.0 1.0 0.0 2.0 74.0 39.0 0.0 0.0 0.0 0.0 3.0 16.0 42.0 5.0 1.0 1.0 0.0 1.0 0.0 0.0 0.0 0.0 0.0 0.0 26.0 12.0 1.0 18.0 8.0 0.0 0.0 0.0 0.0 0.0 0.0 5.0 17.0 102.0 3.0 0.0 0.0 0.0 9.0 5.0 6.0 2.0 0.0 0.0 0.0 16.0 16.0 2.0 0.0 0.0 0.0 0.0 1.0 36.0 0.0 14.0 5.0 0.0 0.0 0.0 0.0 0.0 0.0 4.0 13.0 39.0 3.0 0.0 0.0 0.0 7.0 1.0 0.0 14.0 9.0 1.0 1.0 6.0 4.0 0.0 0.0 0.0 0.0 0.0 7.0 34.0 
25_3_015_32
0.0 0.0 4.0 1.0 0.0 0.0 0.0 0.0 0.0 0.0 24.0 12.0 0.0 0.0 0.0 0.0 0.0 0.0 28.0 57.0 1.0 0.0 0.0 0.0 1.0 0.0 0.0 0.0 0.0 0.0 2.0 24.0 0.0 2.0 3.0 1.0 0.0 0.0 0.0 0.0 0.0 0.0 27.0 66.0 0.0 0.0 0.0 0.0 0.0 0.0 14.0 28.0 3.0 0.0 0.0 0.0 6.0 0.0 0.0 0.0 0.0 0.0 -1.0 21.0 0.0 2.0 3.0 0.0 0.0 0.0 0.0 0.0 0.0 0.0 3.0 102.0 4.0 0.0 0.0 0.0 8.0 6.0 10.0 18.0 2.0 0.0 0.0 0.0 15.0 6.0 0.0 0.0 0.0 0.0 0.0 5.0 0.0 1.0 2.0 0.0 0.0 0.0 0.0 0.0 0.0 0.0 1.0 65.0 4.0 0.0 0.0 0.0 0.0 0.0 7.0 26.0 13.0 1.0 0.0 0.0 0.0 7.0 19.0 3.0 1.0 0.0 0.0 0.0 
25_3_015_33
0.0 0.0 0.0 0.0 16.0 7.0 5.0 0.0 3.0 4.0 3.0 18.0 21.0 0.0 0.0 0.0 0.0 0.0 2.0 97.0 58.0 0.0 0.0 0.0 0.0 0.0 0.0 5.0 1.0 0.0 0.0 0.0 0.0 0.0 4.0 10.0 2.0 0.0 2.0 10.0 0.0 4.0 37.0 86.0 0.0 0.0 0.0 0.0 10.0 6.0 2.0 68.0 48.0 0.0 2.0 10.0 0.0 0.0 0.0 31.0 17.0 0.0 0.0 0.0 4.0 5.0 20.0 14.0 0.0 0.0 0.0 5.0 0.0 0.0 35.0 68.0 1.0 4.0 9.0 12.0 0.0 0.0 0.0 80.0 41.0 12.0 67.0 15.0 0.0 0.0 1.0 85.0 9.0 0.0 0.0 0.0 0.0 15.0 35.0 4.0 0.0 0.0 0.0 0.0 17.0 0.0 26.0 23.0 0.0 0.0 0.0 36.0 18.0 20.0 102.0 37.0 0.0 0.0 0.0 11.0 0.0 0.0 23.0 35.0 0.0 0.0 0.0 0.0 
25_3_015_34
0.0 0.0 0.0 0.0 2.0 5.0 14.0 23.0 0.0 0.0 0.0 0.0 9.0 2.0 -8.0 38.0 0.0 0.0 0.0 0.0 0.0 1.0 -2.0 28.0 0.0 0.0 0.0 1.0 12.0 1.0 0.0 0.0 8.0 0.0 0.0 0.0 0.0 1.0 -21.0 102.0 7.0 1.0 3.0 25.0 20.0 2.0 -2.0 4.0 0.0 0.0 0.0 0.0 0.0 0.0 -40.0 98.0 1.0 0.0 0.0 0.0 2.0 0.0 -3.0 9.0 31.0 0.0 0.0 0.0 0.0 0.0 -15.0 30.0 84.0 0.0 4.0 6.0 4.0 0.0 0.0 -19.0 6.0 0.0 0.0 0.0 0.0 4.0 -1.0 29.0 30.0 1.0 0.0 0.0 0.0 0.0 -3.0 -1.0 1.0 0.0 0.0 0.0 0.0 0.0 0.0 0.0 30.0 0.0 0.0 0.0 0.0 0.0 0.0 -7.0 86.0 0.0 0.0 0.0 0.0 0.0 0.0 -19.0 69.0 0.0 0.0 0.0 0.0 1.0 0.0 -24.0 
25_3_015_35
0.0 0.0 0.0 7.0 4.0 0.0 0.0 0.0 2.0 0.0 0.0 6.0 4.0 0.0 -3.0 6.0 32.0 0.0 2.0 0.0 0.0 0.0 -44.0 92.0 0.0 2.0 0.0 0.0 0.0 0.0 -4.0 12.0 0.0 0.0 2.0 12.0 0.0 0.0 0.0 0.0 0.0 0.0 1.0 17.0 2.0 0.0 0.0 0.0 8.0 2.0 5.0 30.0 0.0 0.0 -29.0 96.0 0.0 0.0 0.0 0.0 0.0 0.0 -16.0 65.0 0.0 0.0 0.0 14.0 3.0 0.0 0.0 0.0 0.0 0.0 0.0 15.0 3.0 0.0 0.0 0.0 5.0 0.0 5.0 58.0 0.0 0.0 -7.0 52.0 0.0 0.0 0.0 0.0 0.0 0.0 19.0 96.0 0.0 0.0 6.0 7.0 0.0 0.0 0.0 0.0 0.0 1.0 8.0 15.0 1.0 0.0 0.0 0.0 0.0 0.0 17.0 36.0 0.0 0.0 8.0 45.0 5.0 0.0 0.0 0.0 0.0 0.0 -11.0 102.0 
25_3_015_36
0.0 0.0 0.0 0.0 0.0 0.0 3.0 50.0 0.0 0.0 2.0 17.0 1.0 2.0 6.0 9.0 0.0 0.0 5.0 54.0 0.0 1.0 0.0 2.0 0.0 1.0 0.0 0.0 0.0 0.0 0.0 0.0 0.0 0.0 0.0 0.0 0.0 0.0 5.0 70.0 5.0 3.0 3.0 12.0 6.0 10.0 13.0 3.0 0.0 2.0 6.0 81.0 3.0 0.0 0.0 0.0 0.0 0.0 0.0 0.0 0.0 0.0 0.0 0.0 0.0 0.0 0.0 0.0 0.0 0.0 -2.0 78.0 11.0 0.0 0.0 7.0 2.0 7.0 7.0 2.0 0.0 0.0 11.0 102.0 0.0 0.0 0.0 0.0 0.0 1.0 0.0 0.0 0.0 0.0 0.0 0.0 0.0 0.0 0.0 0.0 0.0 0.0 2.0 53.0 10.0 0.0 4.0 3.0 0.0 0.0 -5.0 15.0 0.0 0.0 8.0 68.0 0.0 0.0 0.0 0.0 1.0 0.0 0.0 0.0 0.0 0.0 0.0 0.0 
25_3_015_37
1.0 0.0 0.0 0.0 0.0 0.0 0.0 2.0 0.0 0.0 0.0 79.0 16.0 0.0 0.0 0.0 1.0 0.0 0.0 1.0 2.0 0.0 1.0 24.0 0.0 0.0 0.0 0.0 0.0 0.0 0.0 1.0 0.0 0.0 0.0 0.0 0.0 0.0 0.0 2.0 0.0 0.0 12.0 102.0 0.0 0.0 0.0 0.0 5.0 0.0 0.0 8.0 0.0 0.0 0.0 24.0 1.0 0.0 0.0 2.0 0.0 0.0 0.0 2.0 0.0 0.0 1.0 0.0 0.0 0.0 0.0 1.0 0.0 0.0 22.0 81.0 4.0 0.0 0.0 0.0 11.0 0.0 0.0 10.0 6.0 0.0 0.0 8.0 8.0 2.0 2.0 0.0 0.0 0.0 0.0 3.0 0.0 0.0 0.0 3.0 0.0 0.0 0.0 0.0 0.0 0.0 14.0 44.0 11.0 0.0 0.0 0.0 0.0 0.0 0.0 5.0 14.0 3.0 1.0 2.0 0.0 0.0 0.0 0.0 1.0 0.0 1.0 10.0 
25_3_015_38
0.0 0.0 1.0 23.0 3.0 0.0 0.0 0.0 0.0 0.0 0.0 5.0 8.0 1.0 4.0 9.0 0.0 0.0 0.0 54.0 24.0 0.0 0.0 0.0 0.0 0.0 0.0 0.0 0.0 1.0 0.0 0.0 0.0 0.0 2.0 21.0 2.0 0.0 0.0 0.0 1.0 0.0 0.0 3.0 0.0 1.0 2.0 7.0 0.0 0.0 2.0 102.0 5.0 0.0 0.0 0.0 0.0 0.0 1.0 2.0 0.0 0.0 0.0 0.0 0.0 0.0 1.0 10.0 19.0 0.0 0.0 0.0 1.0 0.0 16.0 15.0 4.0 0.0 0.0 0.0 0.0 0.0 33.0 54.0 0.0 0.0 0.0 0.0 0.0 0.0 4.0 1.0 0.0 0.0 0.0 0.0 0.0 0.0 2.0 5.0 2.0 0.0 0.0 0.0 0.0 0.0 3.0 44.0 9.0 0.0 0.0 0.0 0.0 0.0 3.0 22.0 14.0 28.0 0.0 0.0 0.0 0.0 0.0 0.0 6.0 13.0 1.0 0.0 
25_3_015_39
0.0 0.0 0.0 0.0 4.0 11.0 0.0 0.0 0.0 0.0 2.0 25.0 14.0 2.0 0.0 0.0 23.0 3.0 4.0 9.0 0.0 0.0 -9.0 15.0 0.0 0.0 0.0 0.0 0.0 1.0 -5.0 43.0 0.0 0.0 0.0 4.0 3.0 4.0 2.0 0.0 0.0 0.0 8.0 71.0 1.0 0.0 0.0 0.0 2.0 0.0 0.0 5.0 25.0 4.0 1.0 10.0 0.0 0.0 0.0 0.0 0.0 0.0 -16.0 102.0 0.0 0.0 1.0 10.0 1.0 0.0 0.0 1.0 0.0 0.0 4.0 29.0 31.0 3.0 0.0 0.0 4.0 0.0 1.0 18.0 13.0 9.0 6.0 3.0 0.0 0.0 0.0 12.0 5.0 0.0 -1.0 89.0 14.0 4.0 7.0 1.0 0.0 0.0 0.0 -5.0 0.0 3.0 22.0 18.0 0.0 0.0 0.0 0.0 2.0 0.0 6.0 2.0 0.0 0.0 6.0 12.0 0.0 0.0 0.0 0.0 2.0 7.0 58.0 15.0 
25_3_015_40
0.0 0.0 10.0 10.0 2.0 0.0 0.0 0.0 8.0 1.0 9.0 14.0 0.0 0.0 0.0 3.0 0.0 0.0 14.0 93.0 0.0 0.0 0.0 0.0 0.0 0.0 1.0 1.0 0.0 0.0 0.0 0.0 0.0 0.0 47.0 17.0 0.0 0.0 0.0 0.0 10.0 10.0 21.0 3.0 0.0 0.0 1.0 17.0 0.0 0.0 13.0 102.0 0.0 0.0 0.0 0.0 0.0 0.0 1.0 1.0 0.0 0.0 0.0 0.0 0.0 2.0 32.0 7.0 1.0 2.0 22.0 2.0 0.0 0.0 4.0 27.0 7.0 31.0 36.0 0.0 0.0 0.0 32.0 77.0 0.0 0.0 0.0 0.0 0.0 0.0 0.0 1.0 0.0 0.0 0.0 0.0 9.0 5.0 0.0 0.0 0.0 0.0 23.0 31.0 1.0 8.0 76.0 43.0 0.0 0.0 2.0 0.0 0.0 0.0 20.0 21.0 0.0 0.0 0.0 0.0 0.0 0.0 0.0 0.0 0.0 0.0 0.0 0.0 
25_3_015_41
0.0 0.0 0.0 0.0 0.0 0.0 0.0 56.0 0.0 0.0 0.0 4.0 3.0 6.0 11.0 4.0 0.0 0.0 1.0 78.0 1.0 0.0 0.0 0.0 0.0 1.0 0.0 0.0 0.0 0.0 0.0 0.0 0.0 0.0 0.0 0.0 0.0 0.0 -8.0 76.0 12.0 0.0 2.0 2.0 0.0 0.0 -8.0 20.0 0.0 0.0 2.0 102.0 0.0 0.0 0.0 0.0 1.0 0.0 0.0 0.0 0.0 0.0 0.0 0.0 0.0 0.0 0.0 0.0 0.0 0.0 -5.0 63.0 18.0 4.0 0.0 0.0 0.0 3.0 7.0 -2.0 0.0 0.0 5.0 86.0 4.0 0.0 0.0 0.0 2.0 0.0 0.0 0.0 0.0 0.0 0.0 0.0 0.0 0.0 0.0 0.0 0.0 0.0 0.0 45.0 1.0 0.0 0.0 0.0 1.0 0.0 1.0 20.0 0.0 0.0 0.0 82.0 0.0 0.0 0.0 0.0 0.0 0.0 0.0 0.0 0.0 0.0 0.0 0.0 
25_3_015_42
0.0 1.0 5.0 3.0 0.0 0.0 0.0 0.0 0.0 8.0 17.0 8.0 0.0 0.0 0.0 0.0 15.0 8.0 0.0 0.0 0.0 0.0 -19.0 39.0 16.0 0.0 0.0 0.0 0.0 0.0 -24.0 58.0 0.0 0.0 0.0 4.0 4.0 4.0 5.0 0.0 0.0 0.0 9.0 50.0 9.0 0.0 0.0 0.0 4.0 5.0 9.0 2.0 0.0 0.0 -9.0 26.0 5.0 4.0 3.0 0.0 0.0 0.0 -27.0 102.0 2.0 0.0 1.0 1.0 4.0 3.0 4.0 4.0 0.0 0.0 15.0 42.0 28.0 0.0 0.0 0.0 0.0 0.0 30.0 5.0 3.0 2.0 1.0 6.0 0.0 0.0 0.0 0.0 0.0 0.0 15.0 71.0 6.0 7.0 5.0 0.0 0.0 0.0 0.0 -2.0 0.0 0.0 12.0 24.0 10.0 0.0 0.0 0.0 0.0 0.0 0.0 5.0 5.0 17.0 29.0 0.0 0.0 0.0 0.0 0.0 0.0 2.0 15.0 15.0 
25_3_015_43
0.0 0.0 13.0 6.0 1.0 2.0 0.0 0.0 0.0 0.0 8.0 12.0 3.0 3.0 0.0 0.0 7.0 26.0 19.0 0.0 0.0 0.0 0.0 0.0 28.0 6.0 0.0 0.0 1.0 0.0 -15.0 48.0 0.0 0.0 2.0 7.0 5.0 10.0 2.0 9.0 0.0 0.0 59.0 58.0 1.0 1.0 0.0 0.0 5.0 16.0 22.0 1.0 0.0 0.0 0.0 27.0 4.0 3.0 0.0 0.0 0.0 0.0 -15.0 102.0 7.0 20.0 37.0 7.0 0.0 0.0 -2.0 6.0 0.0 27.0 52.0 39.0 4.0 0.0 0.0 0.0 0.0 33.0 12.0 0.0 0.0 4.0 13.0 10.0 2.0 4.0 2.0 0.0 0.0 0.0 56.0 81.0 0.0 1.0 9.0 17.0 4.0 0.0 1.0 0.0 0.0 0.0 6.0 13.0 16.0 58.0 0.0 0.0 0.0 0.0 0.0 0.0 0.0 29.0 82.0 7.0 1.0 2.0 0.0 0.0 0.0 0.0 36.0 24.0 
25_3_015_44
0.0 0.0 4.0 6.0 1.0 0.0 0.0 0.0 0.0 3.0 14.0 8.0 0.0 0.0 0.0 0.0 15.0 11.0 4.0 0.0 0.0 0.0 -7.0 14.0 0.0 0.0 0.0 0.0 0.0 0.0 -25.0 72.0 0.0 0.0 1.0 4.0 3.0 7.0 5.0 0.0 0.0 0.0 16.0 53.0 4.0 0.0 0.0 0.0 1.0 4.0 12.0 0.0 0.0 0.0 -9.0 31.0 3.0 5.0 3.0 0.0 0.0 0.0 -30.0 102.0 5.0 4.0 5.0 4.0 3.0 2.0 0.0 5.0 0.0 0.0 32.0 39.0 15.0 0.0 0.0 0.0 0.0 6.0 26.0 2.0 0.0 1.0 5.0 5.0 0.0 1.0 1.0 0.0 0.0 0.0 29.0 60.0 0.0 4.0 8.0 3.0 0.0 0.0 0.0 0.0 0.0 0.0 6.0 26.0 11.0 5.0 0.0 0.0 0.0 0.0 1.0 1.0 0.0 25.0 36.0 1.0 2.0 0.0 0.0 0.0 0.0 0.0 11.0 24.0 
25_3_015_45
1.0 0.0 0.0 22.0 7.0 0.0 0.0 2.0 2.0 0.0 3.0 97.0 6.0 0.0 0.0 7.0 0.0 0.0 1.0 28.0 1.0 0.0 0.0 0.0 0.0 0.0 0.0 0.0 1.0 0.0 0.0 0.0 2.0 5.0 36.0 16.0 0.0 0.0 0.0 0.0 9.0 0.0 26.0 98.0 0.0 0.0 0.0 3.0 0.0 0.0 6.0 26.0 0.0 0.0 0.0 0.0 1.0 0.0 0.0 0.0 0.0 0.0 0.0 0.0 5.0 1.0 29.0 15.0 1.0 3.0 14.0 8.0 3.0 0.0 7.0 102.0 2.0 1.0 4.0 12.0 0.0 0.0 2.0 23.0 0.0 0.0 0.0 0.0 0.0 0.0 0.0 0.0 0.0 0.0 0.0 2.0 0.0 0.0 2.0 4.0 5.0 20.0 42.0 6.0 0.0 0.0 39.0 90.0 5.0 1.0 0.0 0.0 0.0 0.0 3.0 5.0 0.0 0.0 0.0 0.0 0.0 0.0 0.0 0.0 0.0 0.0 0.0 2.0 
25_3_015_46
2.0 2.0 0.0 0.0 1.0 31.0 1.0 0.0 0.0 0.0 8.0 18.0 21.0 11.0 0.0 0.0 0.0 0.0 8.0 16.0 4.0 3.0 18.0 1.0 6.0 0.0 0.0 0.0 0.0 0.0 8.0 34.0 11.0 0.0 0.0 0.0 0.0 13.0 7.0 15.0 0.0 0.0 17.0 102.0 23.0 3.0 0.0 0.0 10.0 19.0 19.0 8.0 0.0 0.0 0.0 1.0 36.0 9.0 0.0 0.0 0.0 0.0 21.0 39.0 25.0 0.0 0.0 0.0 0.0 0.0 0.0 46.0 0.0 1.0 4.0 45.0 67.0 6.0 0.0 0.0 0.0 0.0 4.0 18.0 81.0 28.0 0.0 0.0 21.0 6.0 0.0 0.0 0.0 23.0 43.0 13.0 76.0 2.0 0.0 0.0 0.0 0.0 0.0 5.0 6.0 39.0 49.0 0.0 0.0 0.0 0.0 0.0 5.0 8.0 30.0 6.0 0.0 0.0 5.0 3.0 7.0 1.0 0.0 0.0 0.0 0.0 26.0 8.0 
25_3_015_47
6.0 5.0 1.0 28.0 27.0 0.0 0.0 1.0 9.0 8.0 8.0 10.0 12.0 0.0 0.0 0.0 5.0 15.0 12.0 3.0 0.0 0.0 0.0 0.0 0.0 21.0 44.0 17.0 0.0 0.0 0.0 0.0 0.0 0.0 0.0 35.0 87.0 0.0 0.0 0.0 2.0 3.0 1.0 5.0 29.0 21.0 3.0 0.0 1.0 4.0 17.0 29.0 11.0 0.0 0.0 0.0 0.0 0.0 0.0 14.0 18.0 31.0 2.0 10.0 0.0 0.0 1.0 11.0 19.0 0.0 0.0 0.0 0.0 4.0 1.0 55.0 63.0 0.0 0.0 0.0 0.0 3.0 14.0 73.0 4.0 0.0 0.0 0.0 7.0 1.0 0.0 0.0 0.0 1.0 -36.0 102.0 0.0 0.0 4.0 1.0 0.0 0.0 0.0 0.0 0.0 0.0 0.0 14.0 61.0 8.0 0.0 0.0 0.0 0.0 0.0 3.0 83.0 72.0 0.0 0.0 24.0 1.0 0.0 1.0 65.0 17.0 0.0 1.0 
25_3_015_48
0.0 0.0 7.0 24.0 9.0 0.0 0.0 0.0 2.0 0.0 1.0 22.0 10.0 0.0 4.0 6.0 0.0 0.0 11.0 67.0 0.0 0.0 0.0 0.0 0.0 0.0 0.0 2.0 0.0 0.0 0.0 0.0 0.0 0.0 18.0 26.0 0.0 0.0 0.0 0.0 0.0 0.0 6.0 21.0 3.0 2.0 8.0 8.0 0.0 0.0 8.0 102.0 0.0 0.0 0.0 0.0 0.0 0.0 1.0 0.0 0.0 0.0 0.0 0.0 0.0 0.0 18.0 15.0 1.0 0.0 0.0 0.0 0.0 0.0 2.0 21.0 2.0 3.0 16.0 2.0 0.0 0.0 21.0 99.0 0.0 0.0 0.0 0.0 0.0 0.0 0.0 0.0 1.0 1.0 0.0 0.0 0.0 0.0 1.0 4.0 3.0 0.0 0.0 1.0 0.0 0.0 35.0 31.0 0.0 0.0 3.0 4.0 0.0 0.0 24.0 34.0 0.0 0.0 0.0 0.0 0.0 0.0 0.0 2.0 0.0 0.0 0.0 0.0 
25_3_015_49
0.0 0.0 0.0 0.0 0.0 0.0 0.0 2.0 0.0 0.0 0.0 73.0 18.0 0.0 0.0 0.0 0.0 -2.0 7.0 12.0 9.0 2.0 0.0 0.0 0.0 0.0 0.0 0.0 0.0 4.0 9.0 4.0 1.0 0.0 0.0 0.0 0.0 0.0 -2.0 5.0 0.0 0.0 18.0 102.0 0.0 0.0 0.0 0.0 0.0 -4.0 12.0 8.0 5.0 8.0 6.0 1.0 0.0 0.0 0.0 2.0 1.0 0.0 2.0 6.0 2.0 0.0 0.0 0.0 0.0 0.0 -2.0 4.0 0.0 0.0 1.0 99.0 12.0 0.0 0.0 0.0 -1.0 1.0 5.0 12.0 6.0 1.0 1.0 7.0 0.0 -2.0 6.0 1.0 0.0 0.0 -2.0 14.0 1.0 0.0 0.0 0.0 0.0 0.0 0.0 2.0 0.0 0.0 0.0 42.0 23.0 0.0 0.0 0.0 0.0 0.0 0.0 26.0 13.0 0.0 0.0 0.0 0.0 0.0 0.0 2.0 0.0 0.0 0.0 12.0 
25_3_015_50
0.0 0.0 0.0 29.0 48.0 0.0 0.0 0.0 31.0 19.0 0.0 17.0 45.0 0.0 0.0 0.0 7.0 20.0 16.0 82.0 2.0 0.0 2.0 3.0 0.0 0.0 0.0 38.0 2.0 0.0 0.0 0.0 0.0 0.0 22.0 20.0 2.0 0.0 0.0 0.0 0.0 0.0 9.0 83.0 23.0 0.0 0.0 0.0 1.0 0.0 0.0 98.0 6.0 0.0 4.0 17.0 0.0 0.0 0.0 53.0 1.0 0.0 0.0 0.0 0.0 3.0 12.0 15.0 0.0 0.0 0.0 0.0 0.0 0.0 17.0 73.0 3.0 2.0 0.0 0.0 0.0 0.0 0.0 102.0 10.0 0.0 23.0 14.0 0.0 0.0 1.0 72.0 3.0 0.0 0.0 0.0 0.0 0.0 16.0 22.0 0.0 0.0 0.0 0.0 0.0 0.0 7.0 12.0 3.0 4.0 4.0 1.0 0.0 0.0 16.0 87.0 2.0 0.0 11.0 5.0 0.0 0.0 4.0 42.0 0.0 1.0 0.0 0.0 
25_3_015_51
54.0 0.0 1.0 0.0 0.0 0.0 -13.0 19.0 10.0 0.0 0.0 0.0 0.0 6.0 -4.0 45.0 8.0 0.0 1.0 5.0 9.0 7.0 2.0 -2.0 1.0 0.0 0.0 5.0 4.0 2.0 4.0 19.0 0.0 0.0 0.0 0.0 4.0 15.0 43.0 48.0 5.0 4.0 1.0 4.0 18.0 26.0 19.0 20.0 102.0 34.0 14.0 47.0 6.0 0.0 0.0 -49.0 85.0 2.0 5.0 0.0 0.0 0.0 -3.0 -14.0 33.0 0.0 0.0 0.0 1.0 0.0 -2.0 2.0 99.0 29.0 0.0 0.0 0.0 0.0 -2.0 -27.0 -22.0 46.0 7.0 37.0 28.0 27.0 2.0 0.0 3.0 0.0 0.0 0.0 0.0 21.0 16.0 28.0 0.0 0.0 0.0 0.0 15.0 34.0 3.0 0.0 2.0 0.0 0.0 0.0 5.0 34.0 -1.0 11.0 0.0 0.0 1.0 2.0 16.0 8.0 0.0 0.0 1.0 1.0 0.0 0.0 1.0 1.0 3.0 9.0 
25_3_015_52
0.0 0.0 0.0 0.0 0.0 0.0 5.0 66.0 0.0 1.0 1.0 11.0 5.0 8.0 1.0 9.0 0.0 0.0 6.0 75.0 2.0 1.0 0.0 0.0 3.0 0.0 0.0 0.0 0.0 0.0 0.0 -1.0 0.0 0.0 0.0 0.0 0.0 0.0 7.0 83.0 5.0 0.0 4.0 29.0 3.0 1.0 9.0 22.0 0.0 0.0 11.0 99.0 3.0 0.0 0.0 0.0 0.0 1.0 0.0 0.0 0.0 0.0 0.0 0.0 0.0 0.0 1.0 7.0 0.0 0.0 6.0 80.0 7.0 8.0 5.0 13.0 5.0 9.0 10.0 10.0 0.0 0.0 14.0 102.0 0.0 0.0 0.0 0.0 0.0 1.0 0.0 0.0 0.0 0.0 0.0 0.0 0.0 0.0 0.0 0.0 1.0 2.0 6.0 71.0 0.0 0.0 1.0 17.0 6.0 10.0 21.0 0.0 0.0 0.0 11.0 93.0 0.0 0.0 0.0 0.0 0.0 2.0 0.0 0.0 0.0 0.0 0.0 0.0 
25_3_015_53
0.0 0.0 0.0 0.0 0.0 0.0 -2.0 54.0 2.0 0.0 0.0 0.0 0.0 3.0 0.0 9.0 0.0 0.0 2.0 77.0 0.0 0.0 0.0 0.0 0.0 0.0 1.0 0.0 0.0 0.0 0.0 0.0 0.0 0.0 0.0 0.0 0.0 0.0 -7.0 67.0 5.0 0.0 0.0 0.0 0.0 1.0 -4.0 28.0 0.0 0.0 1.0 102.0 0.0 0.0 0.0 0.0 0.0 0.0 1.0 1.0 0.0 0.0 0.0 0.0 0.0 0.0 0.0 0.0 0.0 0.0 -1.0 60.0 11.0 5.0 0.0 0.0 0.0 0.0 -2.0 10.0 0.0 0.0 13.0 82.0 0.0 0.0 0.0 0.0 0.0 0.0 2.0 0.0 0.0 0.0 0.0 0.0 33.0 0.0 0.0 0.0 0.0 0.0 -7.0 5.0 54.0 35.0 2.0 0.0 0.0 0.0 0.0 -26.0 0.0 8.0 22.0 4.0 0.0 0.0 0.0 0.0 0.0 0.0 0.0 0.0 0.0 0.0 0.0 0.0 
25_3_015_54
0.0 0.0 0.0 0.0 0.0 18.0 9.0 2.0 4.0 0.0 4.0 7.0 5.0 40.0 18.0 4.0 0.0 1.0 28.0 74.0 28.0 4.0 0.0 0.0 17.0 34.0 5.0 2.0 1.0 0.0 0.0 0.0 8.0 12.0 7.0 1.0 0.0 0.0 0.0 1.0 23.0 50.0 24.0 2.0 0.0 0.0 0.0 14.0 0.0 0.0 10.0 102.0 16.0 0.0 0.0 0.0 16.0 19.0 18.0 81.0 12.0 0.0 0.0 0.0 10.0 4.0 17.0 17.0 0.0 0.0 0.0 3.0 15.0 49.0 16.0 8.0 0.0 0.0 1.0 8.0 4.0 9.0 23.0 9.0 3.0 6.0 23.0 9.0 0.0 0.0 0.0 29.0 101.0 39.0 22.0 3.0 3.0 0.0 1.0 0.0 1.0 5.0 12.0 12.0 0.0 0.0 5.0 38.0 52.0 6.0 1.0 6.0 26.0 3.0 0.0 0.0 0.0 0.0 5.0 39.0 9.0 0.0 4.0 20.0 5.0 0.0 0.0 0.0 
25_3_015_55
23.0 13.0 7.0 4.0 0.0 0.0 0.0 9.0 1.0 29.0 30.0 0.0 0.0 0.0 0.0 0.0 0.0 1.0 66.0 59.0 0.0 0.0 0.0 0.0 0.0 0.0 6.0 6.0 0.0 0.0 29.0 14.0 0.0 2.0 0.0 0.0 0.0 1.0 0.0 0.0 0.0 0.0 1.0 11.0 0.0 0.0 0.0 0.0 0.0 0.0 21.0 102.0 3.0 1.0 5.0 0.0 0.0 0.0 0.0 0.0 0.0 0.0 31.0 23.0 0.0 0.0 0.0 0.0 0.0 1.0 0.0 0.0 0.0 0.0 1.0 21.0 3.0 1.0 0.0 0.0 0.0 0.0 4.0 62.0 23.0 1.0 9.0 2.0 0.0 0.0 0.0 0.0 0.0 0.0 10.0 13.0 0.0 0.0 0.0 0.0 0.0 2.0 0.0 0.0 0.0 0.0 0.0 5.0 7.0 1.0 0.0 0.0 0.0 0.0 0.0 31.0 29.0 0.0 0.0 0.0 0.0 0.0 0.0 0.0 0.0 0.0 1.0 7.0 
25_3_015_56
0.0 19.0 37.0 0.0 0.0 10.0 3.0 0.0 5.0 16.0 10.0 0.0 11.0 11.0 1.0 1.0 16.0 8.0 0.0 0.0 8.0 8.0 0.0 15.0 5.0 6.0 1.0 0.0 11.0 33.0 4.0 0.0 0.0 0.0 0.0 0.0 2.0 86.0 54.0 0.0 0.0 2.0 37.0 94.0 56.0 15.0 0.0 0.0 23.0 62.0 9.0 0.0 0.0 0.0 29.0 11.0 10.0 10.0 2.0 0.0 5.0 16.0 33.0 14.0 27.0 41.0 37.0 2.0 0.0 6.0 25.0 9.0 0.0 0.0 26.0 102.0 41.0 68.0 0.0 0.0 0.0 0.0 0.0 2.0 4.0 81.0 77.0 0.0 0.0 0.0 0.0 0.0 1.0 21.0 92.0 20.0 3.0 2.0 3.0 0.0 0.0 8.0 37.0 22.0 0.0 0.0 18.0 35.0 8.0 10.0 1.0 0.0 12.0 10.0 6.0 13.0 0.0 0.0 10.0 28.0 36.0 31.0 0.0 0.0 0.0 0.0 18.0 19.0 
25_3_015_57
1.0 9.0 13.0 7.0 20.0 10.0 0.0 0.0 33.0 2.0 0.0 0.0 0.0 1.0 0.0 22.0 6.0 29.0 3.0 4.0 5.0 0.0 0.0 0.0 0.0 15.0 25.0 43.0 20.0 0.0 0.0 0.0 12.0 5.0 4.0 8.0 27.0 16.0 12.0 8.0 14.0 26.0 25.0 80.0 25.0 0.0 0.0 0.0 33.0 59.0 5.0 0.0 0.0 0.0 6.0 22.0 0.0 7.0 5.0 6.0 16.0 33.0 3.0 0.0 1.0 39.0 39.0 2.0 0.0 0.0 0.0 0.0 0.0 2.0 42.0 42.0 28.0 0.0 0.0 0.0 20.0 0.0 0.0 3.0 2.0 5.0 6.0 96.0 4.0 0.0 0.0 0.0 8.0 32.0 15.0 49.0 5.0 28.0 15.0 1.0 0.0 0.0 0.0 1.0 3.0 8.0 0.0 1.0 8.0 4.0 15.0 5.0 0.0 0.0 0.0 0.0 2.0 32.0 102.0 10.0 0.0 1.0 10.0 3.0 0.0 0.0 27.0 14.0 
25_3_015_58
0.0 0.0 0.0 1.0 1.0 28.0 65.0 9.0 10.0 6.0 0.0 0.0 0.0 0.0 -12.0 102.0 22.0 90.0 25.0 0.0 0.0 0.0 -3.0 10.0 45.0 20.0 3.0 0.0 3.0 1.0 0.0 -3.0 0.0 0.0 0.0 25.0 27.0 14.0 12.0 0.0 9.0 34.0 36.0 42.0 11.0 0.0 -4.0 8.0 9.0 40.0 35.0 2.0 0.0 6.0 -2.0 31.0 35.0 35.0 0.0 0.0 0.0 0.0 -35.0 94.0 0.0 11.0 26.0 15.0 3.0 0.0 0.0 0.0 0.0 0.0 8.0 64.0 28.0 35.0 37.0 0.0 0.0 0.0 0.0 1.0 45.0 73.0 36.0 4.0 0.0 1.0 2.0 15.0 8.0 4.0 6.0 0.0 0.0 4.0 13.0 9.0 28.0 6.0 0.0 0.0 0.0 9.0 0.0 0.0 0.0 6.0 35.0 62.0 0.0 1.0 13.0 32.0 28.0 6.0 0.0 0.0 0.0 0.0 0.0 2.0 37.0 32.0 0.0 0.0 
25_3_015_59
2.0 0.0 1.0 26.0 31.0 4.0 0.0 3.0 7.0 0.0 0.0 0.0 0.0 1.0 16.0 34.0 0.0 0.0 10.0 7.0 1.0 7.0 4.0 0.0 0.0 0.0 47.0 6.0 0.0 0.0 0.0 0.0 0.0 0.0 0.0 13.0 56.0 11.0 0.0 0.0 0.0 0.0 0.0 2.0 5.0 6.0 21.0 18.0 0.0 0.0 19.0 60.0 4.0 0.0 0.0 0.0 0.0 0.0 23.0 11.0 3.0 0.0 0.0 0.0 0.0 0.0 45.0 40.0 0.0 0.0 0.0 0.0 14.0 21.0 8.0 0.0 0.0 0.0 1.0 4.0 0.0 2.0 27.0 38.0 2.0 0.0 0.0 0.0 1.0 4.0 9.0 15.0 5.0 0.0 1.0 0.0 0.0 0.0 24.0 21.0 0.0 0.0 0.0 0.0 2.0 5.0 6.0 0.0 0.0 0.0 7.0 2.0 0.0 0.0 45.0 16.0 0.0 0.0 0.0 0.0 0.0 11.0 102.0 20.0 0.0 0.0 0.0 0.0 
25_3_015_60
14.0 16.0 17.0 3.0 0.0 0.0 0.0 2.0 0.0 20.0 13.0 0.0 0.0 0.0 0.0 0.0 0.0 0.0 50.0 61.0 0.0 0.0 0.0 0.0 0.0 0.0 3.0 4.0 0.0 0.0 25.0 17.0 0.0 0.0 0.0 0.0 0.0 1.0 0.0 0.0 0.0 0.0 1.0 10.0 0.0 0.0 0.0 0.0 0.0 0.0 19.0 102.0 4.0 1.0 3.0 0.0 0.0 0.0 0.0 0.0 0.0 0.0 31.0 24.0 0.0 0.0 0.0 0.0 0.0 1.0 0.0 0.0 0.0 0.0 2.0 22.0 1.0 1.0 0.0 0.0 0.0 0.0 7.0 64.0 15.0 2.0 10.0 2.0 0.0 0.0 0.0 0.0 0.0 0.0 10.0 14.0 0.0 0.0 0.0 0.0 0.0 2.0 0.0 0.0 0.0 0.0 0.0 8.0 7.0 0.0 0.0 0.0 0.0 0.0 0.0 26.0 30.0 1.0 0.0 0.0 1.0 0.0 0.0 0.0 0.0 0.0 1.0 5.0 
25_3_015_61
0.0 0.0 0.0 0.0 0.0 0.0 1.0 5.0 0.0 0.0 5.0 11.0 0.0 0.0 29.0 94.0 12.0 6.0 11.0 19.0 4.0 9.0 13.0 16.0 0.0 2.0 22.0 72.0 2.0 2.0 10.0 1.0 0.0 0.0 0.0 0.0 0.0 0.0 7.0 28.0 0.0 0.0 4.0 39.0 0.0 0.0 31.0 97.0 0.0 0.0 12.0 8.0 15.0 31.0 33.0 39.0 0.0 2.0 30.0 97.0 2.0 0.0 0.0 0.0 0.0 0.0 0.0 0.0 0.0 0.0 18.0 67.0 11.0 0.0 0.0 3.0 13.0 16.0 17.0 69.0 0.0 0.0 11.0 35.0 0.0 7.0 26.0 6.0 0.0 0.0 37.0 102.0 0.0 0.0 0.0 0.0 0.0 0.0 0.0 0.0 0.0 0.0 17.0 67.0 30.0 0.0 0.0 2.0 1.0 7.0 -5.0 38.0 3.0 0.0 22.0 68.0 0.0 0.0 -8.0 26.0 0.0 0.0 17.0 52.0 0.0 0.0 0.0 0.0 
25_3_015_62
4.0 0.0 0.0 0.0 0.0 0.0 -1.0 41.0 6.0 0.0 1.0 1.0 0.0 0.0 -2.0 33.0 0.0 0.0 3.0 97.0 0.0 0.0 0.0 0.0 0.0 0.0 1.0 0.0 0.0 0.0 0.0 0.0 0.0 0.0 0.0 0.0 1.0 0.0 5.0 51.0 25.0 4.0 0.0 2.0 1.0 4.0 7.0 0.0 0.0 0.0 10.0 102.0 2.0 0.0 0.0 0.0 0.0 1.0 1.0 0.0 0.0 0.0 0.0 0.0 52.0 28.0 1.0 0.0 0.0 0.0 -15.0 12.0 98.0 63.0 3.0 0.0 0.0 0.0 0.0 -46.0 0.0 16.0 42.0 10.0 0.0 0.0 0.0 0.0 0.0 0.0 0.0 0.0 0.0 0.0 0.0 0.0 0.0 0.0 1.0 0.0 0.0 0.0 0.0 0.0 0.0 0.0 0.0 0.0 0.0 0.0 0.0 0.0 0.0 0.0 1.0 0.0 0.0 0.0 0.0 0.0 0.0 0.0 0.0 0.0 0.0 0.0 0.0 0.0 
25_3_015_63
0.0 0.0 0.0 0.0 0.0 0.0 0.0 0.0 0.0 0.0 0.0 1.0 1.0 0.0 0.0 0.0 0.0 0.0 0.0 0.0 0.0 0.0 0.0 0.0 0.0 0.0 0.0 0.0 0.0 0.0 0.0 0.0 0.0 0.0 0.0 0.0 7.0 93.0 0.0 0.0 0.0 0.0 0.0 0.0 13.0 100.0 1.0 0.0 0.0 0.0 0.0 16.0 38.0 10.0 0.0 0.0 0.0 0.0 0.0 0.0 0.0 0.0 0.0 0.0 19.0 18.0 8.0 0.0 0.0 0.0 0.0 -8.0 10.0 -7.0 30.0 0.0 1.0 1.0 -5.0 11.0 0.0 -40.0 89.0 57.0 1.0 0.0 0.0 0.0 0.0 0.0 0.0 0.0 0.0 0.0 0.0 0.0 51.0 11.0 3.0 0.0 0.0 0.0 0.0 -23.0 102.0 0.0 0.0 0.0 0.0 0.0 0.0 -45.0 -3.0 -11.0 60.0 22.0 1.0 0.0 0.0 0.0 0.0 0.0 0.0 0.0 1.0 0.0 0.0 0.0 
25_3_015_64
0.0 0.0 0.0 0.0 0.0 0.0 0.0 2.0 -7.0 17.0 0.0 0.0 0.0 0.0 0.0 1.0 -16.0 9.0 99.0 7.0 0.0 0.0 0.0 0.0 0.0 -7.0 26.0 7.0 2.0 0.0 2.0 7.0 0.0 0.0 0.0 0.0 0.0 0.0 0.0 4.0 -9.0 2.0 68.0 36.0 0.0 0.0 0.0 0.0 -30.0 77.0 15.0 5.0 1.0 0.0 0.0 1.0 1.0 -7.0 20.0 11.0 1.0 0.0 -2.0 13.0 0.0 0.0 0.0 0.0 0.0 0.0 1.0 1.0 0.0 0.0 6.0 102.0 6.0 0.0 0.0 0.0 0.0 0.0 0.0 9.0 6.0 5.0 7.0 1.0 0.0 0.0 0.0 13.0 8.0 0.0 9.0 7.0 0.0 0.0 0.0 0.0 0.0 0.0 0.0 2.0 0.0 0.0 1.0 64.0 10.0 0.0 0.0 0.0 0.0 0.0 8.0 11.0 2.0 1.0 0.0 0.0 0.0 0.0 0.0 1.0 5.0 1.0 5.0 2.0 
25_3_015_65
0.0 0.0 0.0 0.0 0.0 19.0 40.0 4.0 6.0 1.0 6.0 6.0 7.0 13.0 51.0 19.0 0.0 0.0 3.0 100.0 102.0 9.0 0.0 0.0 0.0 0.0 0.0 32.0 59.0 7.0 0.0 0.0 2.0 13.0 6.0 0.0 0.0 3.0 7.0 3.0 15.0 50.0 74.0 17.0 0.0 0.0 0.0 2.0 46.0 22.0 11.0 33.0 31.0 0.0 0.0 18.0 0.0 0.0 1.0 60.0 32.0 7.0 12.0 10.0 20.0 11.0 7.0 1.0 1.0 2.0 0.0 4.0 2.0 1.0 11.0 90.0 10.0 0.0 0.0 0.0 13.0 38.0 80.0 0.0 0.0 0.0 2.0 38.0 16.0 16.0 21.0 10.0 0.0 1.0 6.0 34.0 61.0 20.0 1.0 0.0 0.0 0.0 0.0 6.0 14.0 9.0 11.0 22.0 9.0 0.0 0.0 2.0 0.0 0.0 9.0 26.0 52.0 67.0 15.0 1.0 36.0 4.0 0.0 10.0 32.0 7.0 1.0 25.0 
25_3_015_66
0.0 0.0 0.0 0.0 4.0 10.0 0.0 0.0 0.0 0.0 0.0 3.0 25.0 12.0 0.0 0.0 0.0 0.0 0.0 3.0 39.0 23.0 0.0 0.0 6.0 2.0 0.0 0.0 2.0 43.0 5.0 -1.0 0.0 0.0 0.0 6.0 8.0 2.0 0.0 0.0 0.0 5.0 22.0 21.0 0.0 0.0 0.0 0.0 4.0 6.0 2.0 2.0 0.0 4.0 5.0 26.0 0.0 0.0 0.0 0.0 2.0 23.0 6.0 3.0 0.0 0.0 9.0 11.0 23.0 8.0 0.0 0.0 0.0 0.0 45.0 40.0 2.0 0.0 0.0 0.0 15.0 4.0 6.0 0.0 0.0 0.0 -42.0 102.0 8.0 0.0 0.0 0.0 0.0 0.0 -12.0 30.0 0.0 0.0 57.0 21.0 0.0 0.0 0.0 0.0 0.0 2.0 24.0 23.0 6.0 1.0 0.0 2.0 0.0 1.0 4.0 4.0 1.0 0.0 -9.0 77.0 0.0 0.0 0.0 0.0 0.0 8.0 14.0 25.0 
25_3_015_67
0.0 8.0 12.0 10.0 3.0 2.0 0.0 20.0 18.0 10.0 0.0 0.0 0.0 4.0 5.0 21.0 0.0 0.0 0.0 81.0 3.0 0.0 0.0 0.0 0.0 0.0 0.0 0.0 0.0 1.0 0.0 0.0 4.0 4.0 2.0 9.0 2.0 2.0 3.0 25.0 4.0 5.0 4.0 0.0 4.0 5.0 11.0 31.0 0.0 0.0 4.0 102.0 1.0 0.0 0.0 0.0 0.0 4.0 5.0 0.0 0.0 0.0 0.0 0.0 12.0 24.0 5.0 0.0 0.0 0.0 0.0 2.0 13.0 49.0 1.0 0.0 0.0 0.0 0.0 1.0 0.0 15.0 72.0 6.0 0.0 0.0 0.0 0.0 0.0 27.0 76.0 0.0 0.0 0.0 0.0 0.0 0.0 0.0 0.0 0.0 0.0 0.0 0.0 0.0 0.0 0.0 37.0 6.0 0.0 0.0 0.0 0.0 0.0 3.0 77.0 4.0 0.0 1.0 4.0 0.0 0.0 0.0 3.0 0.0 0.0 9.0 29.0 0.0 
25_3_015_68
4.0 6.0 13.0 8.0 30.0 40.0 1.0 3.0 54.0 8.0 2.0 0.0 0.0 0.0 0.0 25.0 14.0 30.0 13.0 0.0 0.0 0.0 0.0 0.0 0.0 29.0 15.0 29.0 19.0 0.0 0.0 0.0 14.0 11.0 1.0 25.0 54.0 12.0 8.0 7.0 18.0 29.0 32.0 102.0 43.0 0.0 0.0 0.0 61.0 82.0 8.0 0.0 0.0 0.0 1.0 28.0 2.0 11.0 2.0 0.0 2.0 43.0 14.0 0.0 9.0 63.0 54.0 0.0 0.0 0.0 0.0 0.0 0.0 5.0 54.0 72.0 39.0 3.0 0.0 0.0 33.0 4.0 6.0 2.0 1.0 24.0 19.0 70.0 34.0 0.0 0.0 0.0 2.0 21.0 24.0 79.0 1.0 23.0 9.0 3.0 3.0 1.0 0.0 0.0 2.0 10.0 2.0 9.0 16.0 4.0 2.0 0.0 0.0 0.0 3.0 6.0 10.0 49.0 70.0 9.0 0.0 0.0 0.0 0.0 0.0 3.0 87.0 57.0 
25_3_015_69
32.0 9.0 0.0 0.0 0.0 0.0 0.0 22.0 21.0 3.0 5.0 26.0 0.0 0.0 0.0 12.0 52.0 4.0 8.0 13.0 1.0 0.0 5.0 60.0 17.0 0.0 14.0 102.0 6.0 0.0 0.0 6.0 32.0 9.0 0.0 0.0 3.0 5.0 26.0 27.0 47.0 23.0 24.0 2.0 1.0 0.0 0.0 1.0 66.0 66.0 57.0 92.0 0.0 0.0 0.0 0.0 83.0 44.0 42.0 3.0 0.0 0.0 0.0 3.0 0.0 0.0 0.0 0.0 43.0 20.0 54.0 25.0 1.0 2.0 8.0 28.0 72.0 0.0 0.0 0.0 0.0 0.0 4.0 101.0 56.0 8.0 1.0 0.0 4.0 0.0 0.0 0.0 0.0 2.0 32.0 57.0 0.0 0.0 2.0 7.0 12.0 8.0 18.0 4.0 0.0 0.0 10.0 37.0 68.0 0.0 0.0 0.0 0.0 0.0 4.0 30.0 68.0 4.0 0.0 0.0 0.0 0.0 1.0 1.0 0.0 5.0 39.0 14.0 
25_3_015_70
0.0 0.0 0.0 0.0 0.0 22.0 14.0 5.0 3.0 1.0 0.0 0.0 2.0 7.0 12.0 7.0 2.0 0.0 0.0 0.0 0.0 9.0 5.0 0.0 1.0 1.0 0.0 0.0 0.0 3.0 4.0 2.0 35.0 11.0 2.0 0.0 2.0 4.0 6.0 20.0 3.0 6.0 14.0 33.0 5.0 0.0 0.0 0.0 30.0 8.0 0.0 0.0 0.0 0.0 0.0 4.0 4.0 7.0 3.0 1.0 1.0 0.0 0.0 0.0 102.0 14.0 0.0 0.0 0.0 0.0 0.0 14.0 8.0 14.0 16.0 21.0 0.0 0.0 0.0 0.0 32.0 0.0 0.0 0.0 0.0 0.0 0.0 18.0 5.0 2.0 6.0 12.0 0.0 0.0 0.0 0.0 28.0 0.0 0.0 0.0 0.0 1.0 4.0 38.0 22.0 13.0 0.0 0.0 0.0 0.0 0.0 20.0 4.0 1.0 4.0 0.0 0.0 0.0 7.0 15.0 1.0 1.0 5.0 1.0 0.0 0.0 3.0 4.0 
25_3_015_71
0.0 0.0 0.0 0.0 0.0 0.0 19.0 38.0 0.0 0.0 4.0 2.0 0.0 0.0 10.0 11.0 1.0 0.0 5.0 9.0 0.0 0.0 5.0 10.0 0.0 0.0 0.0 0.0 0.0 0.0 8.0 58.0 0.0 0.0 0.0 0.0 0.0 0.0 -9.0 57.0 2.0 1.0 0.0 0.0 1.0 5.0 22.0 30.0 0.0 0.0 0.0 7.0 12.0 23.0 6.0 7.0 17.0 0.0 0.0 0.0 0.0 0.0 -9.0 60.0 13.0 1.0 0.0 0.0 0.0 0.0 -7.0 27.0 10.0 0.0 0.0 0.0 0.0 0.0 -21.0 102.0 0.0 6.0 5.0 35.0 6.0 0.0 0.0 1.0 96.0 4.0 4.0 4.0 0.0 0.0 0.0 -36.0 1.0 0.0 0.0 0.0 0.0 0.0 18.0 19.0 0.0 0.0 0.0 0.0 0.0 0.0 17.0 29.0 0.0 5.0 12.0 17.0 1.0 0.0 0.0 3.0 5.0 4.0 0.0 17.0 26.0 7.0 0.0 -2.0 
25_3_015_72
4.0 2.0 0.0 2.0 7.0 0.0 12.0 19.0 0.0 0.0 0.0 27.0 16.0 2.0 5.0 1.0 0.0 0.0 3.0 75.0 22.0 0.0 0.0 0.0 4.0 0.0 0.0 0.0 0.0 4.0 1.0 6.0 63.0 1.0 0.0 0.0 0.0 8.0 6.0 28.0 27.0 0.0 0.0 8.0 13.0 9.0 4.0 15.0 0.0 0.0 0.0 42.0 102.0 8.0 0.0 0.0 0.0 0.0 0.0 15.0 32.0 16.0 0.0 0.0 0.0 0.0 0.0 0.0 13.0 80.0 24.0 0.0 22.0 15.0 6.0 7.0 14.0 3.0 2.0 13.0 0.0 14.0 39.0 23.0 3.0 4.0 2.0 3.0 0.0 0.0 1.0 40.0 29.0 4.0 0.0 0.0 0.0 0.0 0.0 19.0 38.0 24.0 2.0 0.0 0.0 0.0 7.0 71.0 29.0 0.0 0.0 0.0 5.0 4.0 1.0 0.0 0.0 1.0 1.0 22.0 0.0 0.0 8.0 42.0 3.0 0.0 0.0 0.0 
25_3_015_73
4.0 4.0 1.0 0.0 8.0 3.0 6.0 17.0 0.0 0.0 0.0 49.0 63.0 0.0 0.0 0.0 1.0 0.0 0.0 7.0 36.0 21.0 7.0 0.0 8.0 3.0 5.0 5.0 11.0 7.0 0.0 0.0 53.0 15.0 0.0 0.0 1.0 1.0 1.0 21.0 6.0 5.0 0.0 3.0 36.0 31.0 11.0 4.0 0.0 0.0 0.0 24.0 102.0 41.0 0.0 0.0 0.0 0.0 0.0 7.0 70.0 20.0 0.0 0.0 31.0 10.0 0.0 0.0 0.0 34.0 45.0 18.0 45.0 15.0 1.0 1.0 7.0 16.0 6.0 8.0 4.0 15.0 53.0 30.0 1.0 1.0 1.0 4.0 1.0 0.0 0.0 29.0 26.0 3.0 2.0 3.0 0.0 0.0 0.0 0.0 0.0 46.0 66.0 0.0 0.0 0.0 0.0 22.0 87.0 25.0 0.0 0.0 4.0 1.0 2.0 24.0 36.0 4.0 0.0 6.0 8.0 5.0 10.0 11.0 1.0 0.0 0.0 5.0 
25_3_015_74
0.0 27.0 26.0 0.0 0.0 10.0 2.0 0.0 6.0 3.0 0.0 0.0 0.0 7.0 9.0 4.0 0.0 0.0 0.0 0.0 2.0 20.0 22.0 1.0 0.0 0.0 0.0 9.0 24.0 19.0 0.0 0.0 0.0 0.0 0.0 0.0 0.0 81.0 18.0 0.0 0.0 0.0 19.0 32.0 14.0 61.0 5.0 0.0 23.0 43.0 13.0 0.0 0.0 0.0 2.0 2.0 0.0 17.0 36.0 4.0 0.0 0.0 1.0 3.0 3.0 2.0 4.0 3.0 1.0 12.0 25.0 7.0 0.0 0.0 5.0 102.0 45.0 0.0 0.0 0.0 0.0 0.0 5.0 37.0 26.0 13.0 1.0 0.0 28.0 46.0 6.0 14.0 0.0 0.0 0.0 0.0 7.0 28.0 21.0 2.0 0.0 0.0 0.0 2.0 8.0 1.0 4.0 38.0 15.0 0.0 0.0 7.0 0.0 0.0 0.0 30.0 22.0 6.0 3.0 1.0 6.0 8.0 6.0 46.0 71.0 14.0 18.0 4.0 
25_3_015_75
15.0 0.0 0.0 0.0 0.0 4.0 -3.0 11.0 32.0 0.0 0.0 0.0 2.0 5.0 0.0 -11.0 0.0 0.0 3.0 14.0 3.0 0.0 -1.0 4.0 1.0 0.0 0.0 0.0 2.0 0.0 -10.0 33.0 12.0 0.0 0.0 3.0 21.0 18.0 1.0 -3.0 31.0 22.0 24.0 42.0 9.0 0.0 0.0 -17.0 102.0 8.0 1.0 1.0 0.0 0.0 -8.0 -13.0 20.0 1.0 0.0 0.0 0.0 0.0 -10.0 17.0 59.0 18.0 0.0 0.0 0.0 3.0 0.0 -20.0 -4.0 11.0 21.0 35.0 18.0 18.0 0.0 0.0 0.0 0.0 0.0 0.0 0.0 33.0 10.0 26.0 10.0 2.0 1.0 0.0 0.0 3.0 2.0 9.0 6.0 0.0 0.0 0.0 1.0 8.0 -4.0 10.0 0.0 0.0 3.0 3.0 5.0 3.0 0.0 0.0 0.0 0.0 0.0 1.0 1.0 4.0 3.0 0.0 0.0 1.0 0.0 0.0 0.0 4.0 11.0 10.0 
25_3_015_76
0.0 0.0 0.0 3.0 36.0 49.0 7.0 3.0 0.0 0.0 0.0 0.0 22.0 102.0 6.0 0.0 30.0 0.0 0.0 0.0 0.0 5.0 18.0 89.0 71.0 4.0 0.0 0.0 0.0 0.0 0.0 3.0 0.0 0.0 0.0 0.0 1.0 51.0 31.0 9.0 0.0 0.0 4.0 65.0 36.0 29.0 6.0 0.0 0.0 0.0 0.0 3.0 6.0 0.0 26.0 47.0 21.0 4.0 3.0 1.0 0.0 0.0 0.0 43.0 0.0 12.0 9.0 0.0 1.0 6.0 9.0 0.0 0.0 0.0 5.0 37.0 55.0 38.0 8.0 0.0 2.0 12.0 17.0 15.0 14.0 8.0 6.0 5.0 24.0 26.0 18.0 0.0 0.0 0.0 0.0 12.0 0.0 0.0 0.0 0.0 0.0 29.0 51.0 4.0 0.0 0.0 0.0 15.0 48.0 19.0 10.0 0.0 4.0 2.0 10.0 86.0 62.0 13.0 4.0 0.0 4.0 0.0 11.0 12.0 16.0 34.0 10.0 2.0 
25_3_015_77
0.0 0.0 2.0 22.0 8.0 0.0 3.0 44.0 19.0 6.0 0.0 3.0 11.0 20.0 8.0 10.0 0.0 0.0 6.0 65.0 1.0 0.0 0.0 4.0 2.0 0.0 0.0 0.0 0.0 0.0 0.0 0.0 0.0 0.0 5.0 22.0 2.0 0.0 4.0 49.0 10.0 2.0 1.0 0.0 0.0 5.0 4.0 15.0 0.0 0.0 8.0 99.0 1.0 0.0 0.0 0.0 1.0 1.0 0.0 0.0 0.0 0.0 0.0 0.0 0.0 0.0 3.0 27.0 1.0 0.0 3.0 37.0 10.0 0.0 2.0 17.0 0.0 0.0 2.0 49.0 0.0 0.0 11.0 102.0 0.0 0.0 0.0 0.0 0.0 0.0 0.0 0.0 0.0 0.0 0.0 0.0 0.0 0.0 8.0 16.0 2.0 0.0 1.0 21.0 17.0 6.0 6.0 3.0 4.0 4.0 9.0 17.0 0.0 0.0 10.0 81.0 0.0 0.0 0.0 0.0 0.0 1.0 0.0 0.0 0.0 0.0 0.0 0.0 
25_3_015_78
2.0 3.0 8.0 1.0 0.0 3.0 1.0 3.0 5.0 20.0 13.0 16.0 11.0 1.0 0.0 0.0 14.0 27.0 8.0 0.0 0.0 0.0 4.0 9.0 0.0 0.0 2.0 2.0 7.0 9.0 23.0 0.0 8.0 0.0 0.0 0.0 0.0 6.0 21.0 16.0 0.0 0.0 14.0 78.0 42.0 9.0 0.0 0.0 10.0 0.0 0.0 0.0 0.0 0.0 24.0 38.0 10.0 1.0 0.0 2.0 1.0 0.0 6.0 8.0 40.0 40.0 0.0 0.0 0.0 0.0 0.0 3.0 0.0 29.0 102.0 40.0 0.0 0.0 0.0 0.0 80.0 12.0 0.0 0.0 0.0 0.0 0.0 23.0 27.0 16.0 0.0 0.0 0.0 0.0 0.0 6.0 3.0 4.0 2.0 7.0 3.0 0.0 0.0 0.0 0.0 4.0 9.0 23.0 12.0 7.0 0.0 0.0 5.0 0.0 0.0 0.0 0.0 8.0 51.0 36.0 10.0 5.0 0.0 0.0 12.0 6.0 0.0 0.0 
25_3_015_79
1.0 0.0 0.0 0.0 1.0 24.0 15.0 0.0 7.0 8.0 7.0 0.0 0.0 0.0 12.0 14.0 1.0 42.0 14.0 0.0 0.0 0.0 0.0 1.0 36.0 11.0 0.0 0.0 0.0 0.0 3.0 20.0 0.0 1.0 1.0 2.0 0.0 21.0 22.0 5.0 1.0 17.0 32.0 29.0 29.0 7.0 0.0 0.0 64.0 9.0 0.0 1.0 1.0 18.0 10.0 7.0 7.0 15.0 18.0 0.0 0.0 8.0 25.0 8.0 29.0 22.0 21.0 0.0 0.0 0.0 4.0 36.0 0.0 4.0 102.0 53.0 3.0 0.0 9.0 6.0 18.0 0.0 0.0 0.0 0.0 27.0 33.0 21.0 3.0 30.0 15.0 0.0 9.0 19.0 0.0 0.0 17.0 81.0 22.0 9.0 0.0 0.0 0.0 6.0 9.0 6.0 5.0 0.0 0.0 0.0 30.0 72.0 4.0 1.0 0.0 0.0 0.0 9.0 19.0 10.0 0.0 0.0 21.0 35.0 5.0 16.0 4.0 2.0 
25_3_015_80
0.0 0.0 0.0 0.0 0.0 13.0 5.0 0.0 0.0 0.0 0.0 5.0 5.0 4.0 1.0 0.0 7.0 0.0 9.0 19.0 15.0 0.0 0.0 -3.0 54.0 1.0 1.0 1.0 0.0 0.0 -4.0 -4.0 0.0 0.0 0.0 0.0 6.0 17.0 4.0 0.0 0.0 0.0 0.0 0.0 14.0 29.0 3.0 0.0 0.0 0.0 11.0 66.0 17.0 2.0 0.0 0.0 18.0 3.0 8.0 24.0 5.0 0.0 0.0 -4.0 0.0 0.0 0.0 6.0 11.0 5.0 2.0 0.0 0.0 0.0 1.0 18.0 2.0 4.0 11.0 0.0 0.0 0.0 19.0 102.0 6.0 0.0 0.0 0.0 9.0 0.0 0.0 0.0 36.0 6.0 1.0 8.0 0.0 0.0 0.0 26.0 8.0 0.0 0.0 3.0 0.0 0.0 0.0 17.0 2.0 0.0 0.0 7.0 0.0 0.0 3.0 56.0 43.0 13.0 0.0 0.0 0.0 0.0 0.0 0.0 10.0 17.0 2.0 40.0 
25_3_015_81
0.0 2.0 3.0 0.0 0.0 0.0 0.0 0.0 0.0 2.0 6.0 4.0 0.0 0.0 0.0 0.0 0.0 0.0 13.0 79.0 0.0 0.0 0.0 0.0 0.0 0.0 1.0 2.0 0.0 0.0 0.0 0.0 0.0 2.0 4.0 0.0 0.0 0.0 0.0 0.0 0.0 2.0 4.0 8.0 0.0 0.0 0.0 0.0 0.0 0.0 10.0 100.0 0.0 0.0 0.0 0.0 0.0 0.0 1.0 1.0 0.0 0.0 0.0 0.0 0.0 1.0 1.0 0.0 0.0 0.0 0.0 0.0 0.0 1.0 4.0 10.0 0.0 0.0 0.0 0.0 0.0 0.0 1.0 102.0 2.0 0.0 0.0 0.0 0.0 0.0 0.0 1.0 1.0 0.0 0.0 0.0 0.0 0.0 3.0 59.0 0.0 0.0 0.0 0.0 0.0 0.0 9.0 49.0 0.0 0.0 0.0 0.0 0.0 0.0 16.0 58.0 0.0 0.0 0.0 0.0 0.0 0.0 1.0 1.0 0.0 0.0 0.0 0.0 
25_3_015_82
0.0 0.0 3.0 64.0 14.0 7.0 1.0 0.0 5.0 13.0 29.0 11.0 1.0 0.0 0.0 7.0 59.0 28.0 92.0 6.0 0.0 0.0 0.0 30.0 41.0 30.0 46.0 0.0 0.0 0.0 0.0 58.0 0.0 5.0 29.0 76.0 2.0 0.0 0.0 0.0 0.0 1.0 44.0 102.0 3.0 0.0 0.0 0.0 4.0 0.0 9.0 32.0 7.0 13.0 59.0 42.0 26.0 26.0 2.0 0.0 0.0 0.0 7.0 20.0 4.0 68.0 25.0 2.0 0.0 0.0 0.0 0.0 0.0 0.0 15.0 35.0 19.0 20.0 9.0 0.0 0.0 0.0 0.0 0.0 4.0 53.0 53.0 0.0 0.0 4.0 6.0 5.0 22.0 12.0 2.0 0.0 17.0 3.0 0.0 0.0 0.0 5.0 3.0 16.0 18.0 13.0 8.0 6.0 2.0 16.0 17.0 5.0 1.0 37.0 26.0 4.0 0.0 0.0 0.0 0.0 4.0 23.0 5.0 0.0 0.0 0.0 0.0 0.0 
25_3_015_83
0.0 0.0 0.0 0.0 0.0 8.0 19.0 13.0 0.0 0.0 0.0 8.0 9.0 9.0 7.0 4.0 0.0 0.0 0.0 0.0 0.0 0.0 11.0 53.0 19.0 0.0 0.0 0.0 0.0 0.0 -1.0 17.0 2.0 2.0 0.0 0.0 0.0 0.0 -4.0 43.0 6.0 9.0 13.0 29.0 1.0 0.0 -2.0 1.0 102.0 0.0 0.0 0.0 0.0 0.0 -10.0 -3.0 84.0 0.0 0.0 0.0 0.0 0.0 -1.0 -14.0 4.0 6.0 5.0 0.0 0.0 0.0 5.0 8.0 0.0 3.0 12.0 46.0 8.0 0.0 0.0 0.0 30.0 9.0 1.0 15.0 7.0 0.0 -26.0 67.0 0.0 0.0 0.0 0.0 2.0 6.0 -9.0 58.0 0.0 3.0 4.0 9.0 7.0 1.0 0.0 0.0 0.0 0.0 0.0 0.0 10.0 4.0 7.0 13.0 0.0 0.0 0.0 0.0 22.0 83.0 26.0 10.0 0.0 0.0 0.0 0.0 5.0 19.0 6.0 43.0 
25_3_015_84
3.0 5.0 1.0 0.0 0.0 1.0 19.0 14.0 1.0 0.0 0.0 22.0 37.0 2.0 22.0 8.0 6.0 0.0 0.0 9.0 36.0 35.0 74.0 31.0 3.0 0.0 0.0 32.0 67.0 21.0 8.0 8.0 22.0 3.0 1.0 0.0 0.0 0.0 5.0 35.0 24.0 4.0 1.0 9.0 1.0 0.0 0.0 9.0 33.0 11.0 2.0 52.0 10.0 0.0 0.0 41.0 50.0 16.0 13.0 75.0 11.0 0.0 0.0 13.0 81.0 15.0 0.0 0.0 0.0 0.0 0.0 20.0 38.0 49.0 0.0 0.0 0.0 0.0 0.0 0.0 4.0 23.0 47.0 102.0 4.0 0.0 0.0 0.0 76.0 100.0 23.0 9.0 0.0 0.0 0.0 3.0 2.0 0.0 0.0 0.0 0.0 6.0 52.0 36.0 0.0 0.0 0.0 0.0 41.0 31.0 2.0 0.0 3.0 1.0 8.0 52.0 25.0 0.0 0.0 0.0 0.0 0.0 0.0 12.0 34.0 7.0 7.0 26.0 
25_3_015_85
2.0 0.0 0.0 10.0 5.0 0.0 0.0 0.0 1.0 0.0 0.0 55.0 23.0 0.0 0.0 0.0 102.0 0.0 0.0 0.0 1.0 0.0 0.0 77.0 18.0 9.0 0.0 0.0 0.0 0.0 0.0 1.0 9.0 4.0 2.0 2.0 0.0 0.0 0.0 1.0 0.0 0.0 7.0 75.0 10.0 0.0 0.0 0.0 24.0 0.0 0.0 0.0 0.0 4.0 20.0 51.0 63.0 18.0 0.0 0.0 0.0 0.0 3.0 28.0 49.0 22.0 1.0 0.0 0.0 0.0 0.0 5.0 0.0 1.0 11.0 32.0 9.0 3.0 2.0 0.0 0.0 0.0 0.0 0.0 0.0 2.0 69.0 27.0 0.0 0.0 0.0 4.0 8.0 2.0 4.0 56.0 1.0 0.0 0.0 0.0 0.0 1.0 36.0 13.0 0.0 0.0 0.0 0.0 2.0 13.0 12.0 2.0 9.0 8.0 0.0 0.0 0.0 0.0 11.0 20.0 3.0 3.0 1.0 3.0 3.0 0.0 4.0 33.0 
25_3_015_86
0.0 0.0 4.0 11.0 0.0 0.0 0.0 0.0 0.0 0.0 0.0 1.0 0.0 0.0 0.0 5.0 14.0 0.0 0.0 0.0 0.0 0.0 0.0 46.0 1.0 2.0 0.0 0.0 0.0 0.0 0.0 0.0 3.0 0.0 0.0 2.0 2.0 0.0 2.0 3.0 0.0 0.0 1.0 6.0 2.0 1.0 0.0 0.0 18.0 57.0 22.0 15.0 0.0 0.0 0.0 1.0 22.0 102.0 0.0 0.0 0.0 0.0 0.0 0.0 3.0 0.0 1.0 2.0 0.0 0.0 2.0 3.0 0.0 0.0 6.0 13.0 0.0 0.0 0.0 0.0 0.0 0.0 2.0 71.0 7.0 0.0 0.0 0.0 0.0 4.0 1.0 2.0 0.0 0.0 0.0 0.0 2.0 2.0 2.0 0.0 0.0 0.0 0.0 0.0 0.0 1.0 7.0 1.0 0.0 0.0 0.0 0.0 0.0 0.0 0.0 38.0 21.0 0.0 0.0 0.0 0.0 0.0 0.0 6.0 1.0 0.0 0.0 0.0 
25_3_015_87
1.0 6.0 12.0 4.0 1.0 0.0 5.0 29.0 8.0 5.0 0.0 5.0 27.0 6.0 0.0 0.0 0.0 0.0 8.0 76.0 7.0 2.0 0.0 0.0 0.0 0.0 0.0 0.0 0.0 0.0 0.0 0.0 0.0 0.0 9.0 12.0 21.0 1.0 3.0 16.0 12.0 15.0 3.0 0.0 9.0 23.0 0.0 4.0 0.0 0.0 20.0 102.0 8.0 0.0 0.0 0.0 0.0 0.0 0.0 0.0 0.0 0.0 0.0 1.0 0.0 0.0 5.0 33.0 5.0 0.0 1.0 7.0 18.0 11.0 9.0 5.0 3.0 1.0 0.0 6.0 0.0 0.0 26.0 90.0 1.0 0.0 0.0 0.0 0.0 0.0 0.0 0.0 0.0 0.0 1.0 0.0 0.0 0.0 13.0 21.0 2.0 0.0 0.0 1.0 4.0 7.0 9.0 8.0 5.0 8.0 9.0 4.0 0.0 0.0 12.0 67.0 0.0 0.0 0.0 0.0 0.0 0.0 0.0 0.0 0.0 0.0 1.0 0.0 
25_3_015_88
10.0 11.0 2.0 0.0 0.0 0.0 0.0 -1.0 3.0 -5.0 21.0 0.0 0.0 0.0 -5.0 19.0 -1.0 -20.0 63.0 21.0 0.0 0.0 0.0 0.0 0.0 0.0 0.0 1.0 0.0 0.0 0.0 0.0 4.0 6.0 1.0 1.0 0.0 0.0 0.0 2.0 2.0 2.0 6.0 0.0 1.0 2.0 5.0 8.0 0.0 -16.0 45.0 40.0 1.0 0.0 0.0 0.0 0.0 0.0 0.0 0.0 0.0 0.0 0.0 0.0 65.0 0.0 0.0 0.0 0.0 0.0 0.0 -29.0 102.0 0.0 0.0 0.0 0.0 0.0 0.0 -45.0 -11.0 22.0 26.0 0.0 0.0 0.0 0.0 0.0 0.0 0.0 0.0 0.0 0.0 0.0 0.0 0.0 0.0 0.0 0.0 0.0 0.0 0.0 0.0 0.0 0.0 0.0 0.0 0.0 0.0 0.0 0.0 0.0 0.0 0.0 0.0 0.0 0.0 0.0 0.0 0.0 0.0 0.0 0.0 0.0 0.0 0.0 0.0 0.0 
25_3_015_89
35.0 1.0 0.0 0.0 0.0 0.0 -3.0 -2.0 11.0 7.0 0.0 0.0 0.0 0.0 0.0 -2.0 -7.0 38.0 0.0 0.0 0.0 0.0 0.0 -1.0 -39.0 102.0 0.0 0.0 0.0 0.0 0.0 0.0 7.0 0.0 0.0 0.0 0.0 1.0 9.0 36.0 -3.0 28.0 14.0 9.0 1.0 3.0 1.0 0.0 -29.0 94.0 7.0 0.0 0.0 0.0 0.0 -2.0 -6.0 13.0 16.0 4.0 5.0 1.0 0.0 0.0 2.0 0.0 0.0 0.0 0.0 0.0 -3.0 37.0 1.0 0.0 16.0 60.0 0.0 0.0 0.0 0.0 0.0 7.0 8.0 5.0 0.0 0.0 -2.0 3.0 -1.0 22.0 1.0 3.0 3.0 0.0 0.0 -2.0 0.0 0.0 0.0 0.0 0.0 0.0 -1.0 17.0 0.0 0.0 6.0 32.0 3.0 0.0 0.0 0.0 0.0 0.0 0.0 2.0 12.0 7.0 5.0 0.0 0.0 0.0 0.0 1.0 8.0 13.0 1.0 0.0 
25_3_015_90
0.0 0.0 9.0 10.0 0.0 1.0 7.0 0.0 17.0 15.0 7.0 1.0 21.0 9.0 0.0 0.0 4.0 2.0 0.0 0.0 87.0 35.0 0.0 0.0 0.0 0.0 0.0 0.0 39.0 15.0 0.0 0.0 13.0 4.0 0.0 6.0 15.0 0.0 0.0 0.0 3.0 8.0 14.0 40.0 24.0 1.0 0.0 0.0 45.0 18.0 0.0 0.0 0.0 0.0 1.0 21.0 17.0 10.0 0.0 0.0 50.0 21.0 0.0 0.0 102.0 41.0 0.0 0.0 0.0 0.0 0.0 0.0 38.0 18.0 6.0 30.0 23.0 14.0 1.0 2.0 0.0 1.0 9.0 34.0 17.0 15.0 43.0 6.0 39.0 17.0 0.0 0.0 4.0 0.0 0.0 2.0 4.0 0.0 0.0 0.0 0.0 0.0 0.0 0.0 65.0 22.0 0.0 0.0 0.0 0.0 0.0 0.0 77.0 38.0 0.0 9.0 8.0 0.0 0.0 0.0 9.0 2.0 0.0 1.0 20.0 30.0 3.0 0.0 
25_3_015_91
0.0 0.0 0.0 2.0 12.0 0.0 0.0 0.0 0.0 0.0 0.0 33.0 102.0 0.0 0.0 0.0 0.0 0.0 0.0 3.0 15.0 1.0 -3.0 14.0 3.0 1.0 0.0 0.0 0.0 0.0 -13.0 31.0 0.0 0.0 1.0 2.0 1.0 0.0 0.0 0.0 0.0 0.0 10.0 83.0 10.0 0.0 0.0 0.0 0.0 0.0 2.0 12.0 55.0 1.0 0.0 0.0 0.0 0.0 0.0 0.0 11.0 1.0 -12.0 29.0 0.0 0.0 1.0 0.0 0.0 0.0 0.0 1.0 0.0 0.0 0.0 61.0 30.0 0.0 0.0 0.0 0.0 0.0 4.0 11.0 20.0 3.0 0.0 0.0 1.0 0.0 5.0 5.0 27.0 2.0 1.0 0.0 0.0 0.0 0.0 0.0 0.0 0.0 0.0 0.0 0.0 0.0 0.0 13.0 14.0 0.0 0.0 0.0 0.0 0.0 5.0 37.0 49.0 0.0 0.0 0.0 7.0 4.0 3.0 3.0 1.0 0.0 0.0 11.0 
25_3_015_92
0.0 0.0 0.0 0.0 0.0 0.0 13.0 46.0 1.0 21.0 12.0 3.0 1.0 2.0 8.0 21.0 11.0 7.0 17.0 3.0 3.0 7.0 6.0 11.0 0.0 0.0 15.0 60.0 0.0 0.0 5.0 19.0 0.0 0.0 0.0 0.0 0.0 0.0 20.0 83.0 0.0 7.0 20.0 60.0 10.0 20.0 19.0 6.0 47.0 13.0 0.0 8.0 23.0 24.0 12.0 63.0 0.0 0.0 21.0 93.0 0.0 0.0 1.0 5.0 11.0 4.0 0.0 0.0 0.0 0.0 16.0 79.0 21.0 16.0 23.0 47.0 2.0 1.0 19.0 0.0 0.0 11.0 17.0 3.0 4.0 18.0 35.0 63.0 0.0 0.0 27.0 102.0 0.0 0.0 0.0 0.0 14.0 14.0 0.0 0.0 0.0 0.0 0.0 0.0 26.0 35.0 5.0 0.0 0.0 0.0 0.0 0.0 29.0 72.0 0.0 0.0 0.0 0.0 0.0 0.0 0.0 16.0 39.0 16.0 0.0 0.0 0.0 0.0 
25_3_015_93
0.0 0.0 0.0 0.0 0.0 11.0 16.0 3.0 0.0 0.0 0.0 0.0 0.0 83.0 10.0 0.0 0.0 0.0 0.0 0.0 1.0 87.0 9.0 0.0 0.0 0.0 0.0 0.0 0.0 65.0 6.0 0.0 19.0 0.0 0.0 0.0 0.0 0.0 5.0 44.0 1.0 47.0 15.0 0.0 10.0 4.0 14.0 21.0 14.0 53.0 14.0 24.0 23.0 2.0 0.0 17.0 22.0 8.0 1.0 0.0 7.0 2.0 1.0 18.0 3.0 0.0 0.0 0.0 0.0 0.0 6.0 69.0 18.0 5.0 1.0 10.0 22.0 56.0 7.0 7.0 0.0 0.0 20.0 20.0 2.0 70.0 36.0 11.0 1.0 3.0 0.0 5.0 10.0 24.0 13.0 8.0 31.0 1.0 0.0 0.0 0.0 0.0 0.0 25.0 15.0 86.0 6.0 0.0 0.0 2.0 0.0 4.0 0.0 102.0 13.0 0.0 0.0 0.0 0.0 0.0 0.0 84.0 9.0 0.0 0.0 0.0 0.0 0.0 
25_3_015_94
0.0 0.0 0.0 0.0 0.0 60.0 42.0 0.0 0.0 1.0 0.0 0.0 0.0 102.0 67.0 0.0 0.0 11.0 12.0 31.0 47.0 69.0 21.0 0.0 0.0 0.0 0.0 18.0 22.0 3.0 0.0 0.0 8.0 30.0 27.0 14.0 0.0 30.0 20.0 1.0 10.0 67.0 80.0 12.0 0.0 8.0 15.0 18.0 41.0 49.0 13.0 18.0 26.0 9.0 0.0 10.0 0.0 0.0 4.0 70.0 16.0 0.0 0.0 0.0 2.0 11.0 4.0 18.0 19.0 21.0 0.0 8.0 41.0 0.0 0.0 36.0 39.0 37.0 30.0 41.0 0.0 15.0 24.0 21.0 6.0 58.0 39.0 5.0 0.0 7.0 31.0 44.0 33.0 16.0 0.0 0.0 4.0 43.0 32.0 2.0 6.0 6.0 0.0 2.0 0.0 82.0 49.0 0.0 1.0 8.0 6.0 0.0 0.0 82.0 53.0 0.0 0.0 0.0 0.0 0.0 0.0 17.0 14.0 0.0 0.0 0.0 0.0 1.0 
25_3_015_95
0.0 0.0 0.0 0.0 0.0 19.0 34.0 7.0 0.0 0.0 0.0 0.0 13.0 73.0 0.0 0.0 0.0 0.0 0.0 0.0 13.0 38.0 9.0 0.0 0.0 0.0 0.0 4.0 16.0 11.0 0.0 0.0 0.0 0.0 0.0 2.0 0.0 0.0 13.0 96.0 13.0 15.0 23.0 57.0 1.0 11.0 16.0 -5.0 3.0 0.0 9.0 3.0 18.0 14.0 4.0 64.0 0.0 0.0 7.0 87.0 6.0 0.0 0.0 0.0 0.0 0.0 0.0 0.0 0.0 0.0 3.0 102.0 39.0 2.0 3.0 76.0 31.0 13.0 -15.0 22.0 6.0 19.0 26.0 0.0 0.0 8.0 12.0 61.0 0.0 0.0 6.0 87.0 0.0 0.0 0.0 0.0 0.0 0.0 0.0 6.0 0.0 0.0 4.0 78.0 6.0 7.0 7.0 18.0 15.0 7.0 6.0 1.0 0.0 0.0 6.0 2.0 1.0 21.0 14.0 6.0 0.0 0.0 6.0 70.0 0.0 0.0 0.0 0.0 
25_3_015_96
0.0 1.0 0.0 0.0 0.0 0.0 0.0 0.0 0.0 0.0 8.0 70.0 0.0 0.0 0.0 0.0 0.0 0.0 1.0 27.0 20.0 2.0 0.0 4.0 7.0 10.0 4.0 0.0 1.0 1.0 1.0 1.0 0.0 3.0 0.0 0.0 0.0 0.0 0.0 0.0 0.0 0.0 21.0 101.0 0.0 0.0 0.0 0.0 7.0 2.0 2.0 1.0 4.0 8.0 2.0 11.0 0.0 0.0 11.0 16.0 9.0 7.0 0.0 0.0 0.0 2.0 1.0 0.0 0.0 0.0 0.0 0.0 0.0 0.0 37.0 102.0 0.0 0.0 0.0 0.0 6.0 6.0 10.0 0.0 0.0 0.0 0.0 17.0 0.0 2.0 54.0 12.0 0.0 0.0 0.0 0.0 0.0 0.0 0.0 1.0 0.0 0.0 0.0 0.0 0.0 0.0 4.0 68.0 28.0 1.0 0.0 0.0 0.0 2.0 27.0 9.0 6.0 0.0 1.0 2.0 1.0 1.0 17.0 10.0 0.0 0.0 2.0 3.0 
25_3_015_97
0.0 0.0 0.0 6.0 7.0 0.0 0.0 0.0 0.0 0.0 0.0 15.0 41.0 0.0 0.0 0.0 36.0 6.0 15.0 16.0 3.0 0.0 0.0 -15.0 68.0 0.0 0.0 0.0 0.0 0.0 -20.0 29.0 0.0 0.0 0.0 0.0 3.0 34.0 8.0 0.0 0.0 0.0 9.0 79.0 23.0 7.0 0.0 0.0 0.0 0.0 7.0 37.0 29.0 2.0 -1.0 3.0 8.0 0.0 0.0 1.0 14.0 3.0 -22.0 52.0 0.0 0.0 0.0 6.0 1.0 1.0 16.0 2.0 0.0 0.0 4.0 102.0 25.0 0.0 0.0 0.0 14.0 0.0 16.0 23.0 10.0 3.0 -9.0 37.0 0.0 0.0 0.0 2.0 76.0 14.0 -1.0 16.0 0.0 0.0 0.0 6.0 3.0 0.0 -1.0 9.0 0.0 0.0 1.0 71.0 30.0 0.0 0.0 0.0 3.0 0.0 4.0 29.0 25.0 43.0 1.0 16.0 0.0 0.0 0.0 12.0 23.0 3.0 -15.0 82.0 
25_3_015_98
0.0 0.0 14.0 63.0 17.0 35.0 0.0 0.0 10.0 3.0 0.0 0.0 6.0 73.0 25.0 30.0 1.0 0.0 0.0 0.0 3.0 4.0 8.0 19.0 0.0 0.0 0.0 0.0 2.0 1.0 5.0 15.0 0.0 0.0 0.0 5.0 0.0 17.0 29.0 32.0 0.0 0.0 2.0 72.0 51.0 19.0 18.0 4.0 6.0 1.0 5.0 0.0 3.0 2.0 7.0 17.0 6.0 0.0 9.0 10.0 1.0 0.0 0.0 25.0 19.0 0.0 0.0 0.0 0.0 0.0 30.0 41.0 0.0 0.0 51.0 102.0 0.0 0.0 2.0 4.0 4.0 0.0 13.0 9.0 0.0 0.0 2.0 10.0 2.0 0.0 9.0 4.0 0.0 0.0 6.0 44.0 65.0 16.0 3.0 0.0 0.0 0.0 0.0 22.0 0.0 7.0 51.0 20.0 0.0 0.0 1.0 1.0 0.0 0.0 8.0 19.0 0.0 0.0 0.0 1.0 1.0 0.0 0.0 0.0 0.0 0.0 10.0 44.0 
25_3_015_99
0.0 2.0 13.0 0.0 0.0 1.0 14.0 1.0 0.0 0.0 1.0 1.0 3.0 25.0 4.0 1.0 0.0 1.0 15.0 3.0 1.0 6.0 2.0 0.0 0.0 17.0 20.0 0.0 0.0 0.0 0.0 0.0 0.0 1.0 5.0 1.0 0.0 2.0 16.0 0.0 0.0 0.0 4.0 0.0 2.0 42.0 44.0 0.0 0.0 0.0 9.0 78.0 38.0 22.0 0.0 0.0 5.0 12.0 12.0 6.0 4.0 0.0 25.0 16.0 0.0 0.0 3.0 2.0 1.0 0.0 88.0 15.0 0.0 2.0 27.0 18.0 2.0 15.0 58.0 0.0 0.0 0.0 10.0 102.0 36.0 3.0 0.0 0.0 0.0 0.0 0.0 0.0 1.0 34.0 64.0 0.0 19.0 28.0 2.0 0.0 0.0 0.0 0.0 57.0 0.0 23.0 53.0 4.0 0.0 0.0 3.0 0.0 0.0 0.0 16.0 4.0 2.0 13.0 38.0 0.0 0.0 0.0 2.0 17.0 9.0 8.0 4.0 0.0 
25_3_015_100
0.0 -1.0 5.0 5.0 4.0 1.0 1.0 0.0 18.0 2.0 0.0 2.0 11.0 12.0 4.0 -3.0 14.0 2.0 0.0 0.0 0.0 0.0 -19.0 65.0 0.0 0.0 0.0 0.0 0.0 1.0 46.0 57.0 0.0 0.0 0.0 16.0 0.0 0.0 10.0 21.0 0.0 0.0 6.0 83.0 14.0 11.0 22.0 16.0 0.0 -2.0 12.0 3.0 0.0 0.0 34.0 102.0 0.0 0.0 0.0 0.0 0.0 0.0 34.0 68.0 0.0 -6.0 16.0 5.0 0.0 0.0 11.0 46.0 1.0 6.0 20.0 58.0 11.0 2.0 2.0 16.0 0.0 0.0 0.0 0.0 0.0 1.0 80.0 90.0 0.0 0.0 0.0 0.0 0.0 0.0 27.0 28.0 0.0 -2.0 5.0 0.0 0.0 0.0 12.0 25.0 -5.0 14.0 1.0 2.0 2.0 26.0 3.0 0.0 0.0 0.0 0.0 0.0 0.0 0.0 83.0 67.0 0.0 0.0 0.0 0.0 0.0 1.0 5.0 4.0 
25_3_015_101
0.0 0.0 0.0 0.0 0.0 0.0 1.0 0.0 0.0 0.0 0.0 0.0 0.0 19.0 39.0 0.0 0.0 0.0 0.0 1.0 1.0 47.0 102.0 3.0 9.0 1.0 0.0 12.0 9.0 17.0 18.0 4.0 0.0 0.0 0.0 0.0 0.0 37.0 81.0 0.0 0.0 0.0 0.0 0.0 2.0 35.0 70.0 27.0 5.0 0.0 5.0 16.0 11.0 0.0 -14.0 56.0 0.0 1.0 9.0 10.0 10.0 20.0 19.0 0.0 4.0 0.0 0.0 3.0 11.0 5.0 6.0 8.0 2.0 0.0 0.0 0.0 0.0 0.0 16.0 50.0 3.0 0.0 3.0 31.0 19.0 16.0 19.0 26.0 1.0 13.0 25.0 0.0 0.0 11.0 11.0 7.0 0.0 0.0 3.0 1.0 4.0 13.0 -1.0 37.0 0.0 7.0 13.0 0.0 0.0 15.0 28.0 1.0 0.0 46.0 88.0 1.0 1.0 1.0 0.0 0.0 0.0 45.0 80.0 0.0 0.0 0.0 0.0 0.0 
25_3_015_102
0.0 0.0 0.0 0.0 0.0 30.0 86.0 0.0 0.0 0.0 1.0 0.0 0.0 30.0 97.0 1.0 0.0 13.0 33.0 4.0 0.0 2.0 7.0 0.0 5.0 6.0 2.0 21.0 6.0 2.0 3.0 3.0 0.0 3.0 5.0 12.0 0.0 15.0 41.0 0.0 19.0 27.0 16.0 20.0 5.0 0.0 1.0 29.0 0.0 0.0 15.0 43.0 13.0 0.0 0.0 0.0 11.0 5.0 16.0 4.0 4.0 1.0 0.0 2.0 8.0 18.0 25.0 3.0 0.0 0.0 5.0 6.0 13.0 0.0 2.0 15.0 28.0 1.0 2.0 21.0 2.0 32.0 76.0 21.0 3.0 0.0 0.0 0.0 0.0 21.0 80.0 0.0 0.0 0.0 0.0 0.0 9.0 9.0 8.0 1.0 11.0 4.0 1.0 8.0 2.0 35.0 102.0 6.0 0.0 0.0 0.0 3.0 0.0 14.0 54.0 0.0 0.0 0.0 0.0 0.0 0.0 0.0 0.0 0.0 0.0 1.0 0.0 0.0 
25_3_015_103
0.0 2.0 0.0 0.0 0.0 0.0 0.0 0.0 0.0 0.0 2.0 82.0 2.0 0.0 0.0 0.0 7.0 1.0 5.0 3.0 0.0 2.0 1.0 11.0 0.0 0.0 11.0 19.0 3.0 1.0 0.0 0.0 0.0 2.0 0.0 0.0 0.0 0.0 0.0 0.0 0.0 0.0 15.0 102.0 0.0 0.0 0.0 0.0 6.0 2.0 7.0 10.0 0.0 0.0 -1.0 18.0 0.0 1.0 48.0 16.0 0.0 0.0 0.0 0.0 0.0 0.0 0.0 0.0 0.0 0.0 0.0 1.0 0.0 0.0 0.0 71.0 38.0 0.0 0.0 0.0 0.0 1.0 11.0 8.0 38.0 12.0 0.0 1.0 0.0 1.0 21.0 21.0 4.0 0.0 0.0 0.0 0.0 0.0 0.0 0.0 0.0 0.0 0.0 1.0 0.0 0.0 0.0 2.0 16.0 1.0 0.0 0.0 0.0 0.0 0.0 13.0 46.0 32.0 0.0 0.0 1.0 1.0 4.0 50.0 40.0 0.0 0.0 0.0 
25_3_015_104
14.0 0.0 3.0 17.0 7.0 1.0 2.0 -5.0 26.0 0.0 1.0 10.0 10.0 2.0 -13.0 35.0 0.0 0.0 0.0 31.0 14.0 0.0 -17.0 45.0 8.0 0.0 0.0 0.0 0.0 0.0 -21.0 83.0 0.0 0.0 0.0 1.0 33.0 53.0 7.0 0.0 0.0 0.0 5.0 43.0 18.0 39.0 10.0 0.0 0.0 0.0 1.0 29.0 16.0 10.0 1.0 3.0 0.0 0.0 0.0 0.0 0.0 0.0 8.0 102.0 0.0 0.0 0.0 0.0 25.0 27.0 1.0 0.0 0.0 0.0 1.0 46.0 54.0 5.0 0.0 0.0 0.0 0.0 0.0 0.0 25.0 51.0 1.0 0.0 0.0 2.0 0.0 0.0 0.0 7.0 25.0 33.0 7.0 25.0 2.0 1.0 1.0 0.0 1.0 -3.0 0.0 0.0 10.0 33.0 14.0 1.0 0.0 0.0 0.0 0.0 0.0 0.0 9.0 17.0 0.0 0.0 -2.0 6.0 1.0 5.0 7.0 3.0 1.0 0.0 
25_3_015_105
0.0 0.0 0.0 0.0 0.0 0.0 0.0 0.0 0.0 0.0 25.0 42.0 0.0 0.0 0.0 0.0 0.0 4.0 8.0 0.0 0.0 0.0 3.0 4.0 0.0 12.0 20.0 0.0 0.0 0.0 0.0 0.0 0.0 0.0 0.0 2.0 0.0 0.0 0.0 0.0 0.0 0.0 0.0 22.0 48.0 4.0 0.0 0.0 0.0 7.0 18.0 33.0 15.0 0.0 0.0 0.0 0.0 3.0 14.0 3.0 0.0 0.0 5.0 1.0 0.0 0.0 0.0 0.0 0.0 0.0 0.0 0.0 0.0 0.0 1.0 27.0 2.0 0.0 0.0 0.0 0.0 2.0 19.0 102.0 0.0 0.0 0.0 0.0 1.0 0.0 0.0 0.0 0.0 0.0 15.0 23.0 1.0 0.0 0.0 0.0 0.0 0.0 0.0 0.0 0.0 0.0 3.0 27.0 0.0 0.0 0.0 0.0 0.0 0.0 8.0 78.0 0.0 0.0 1.0 4.0 0.0 0.0 0.0 0.0 0.0 0.0 11.0 23.0 
25_3_015_106
0.0 0.0 0.0 1.0 4.0 3.0 2.0 7.0 0.0 0.0 2.0 40.0 21.0 0.0 0.0 0.0 6.0 7.0 26.0 32.0 0.0 0.0 0.0 1.0 31.0 9.0 0.0 0.0 0.0 0.0 0.0 1.0 11.0 0.0 1.0 0.0 2.0 3.0 1.0 38.0 0.0 0.0 15.0 102.0 13.0 0.0 0.0 0.0 0.0 0.0 1.0 26.0 22.0 20.0 1.0 0.0 7.0 2.0 0.0 3.0 10.0 11.0 3.0 1.0 3.0 1.0 2.0 1.0 6.0 8.0 24.0 12.0 0.0 0.0 7.0 18.0 38.0 32.0 0.0 0.0 0.0 0.0 0.0 13.0 62.0 43.0 0.0 0.0 0.0 6.0 5.0 12.0 8.0 5.0 1.0 0.0 0.0 0.0 0.0 0.0 2.0 6.0 9.0 0.0 0.0 0.0 0.0 0.0 3.0 22.0 6.0 0.0 0.0 0.0 0.0 26.0 66.0 1.0 0.0 0.0 0.0 1.0 5.0 27.0 60.0 5.0 0.0 0.0 
25_3_015_107
0.0 0.0 0.0 0.0 0.0 1.0 7.0 0.0 1.0 1.0 0.0 0.0 0.0 0.0 0.0 0.0 1.0 0.0 0.0 0.0 0.0 0.0 0.0 0.0 2.0 0.0 0.0 0.0 0.0 0.0 0.0 0.0 0.0 4.0 7.0 4.0 18.0 57.0 0.0 0.0 0.0 0.0 0.0 5.0 13.0 53.0 12.0 3.0 0.0 0.0 0.0 12.0 29.0 16.0 0.0 0.0 1.0 0.0 0.0 0.0 0.0 0.0 0.0 0.0 11.0 6.0 17.0 30.0 2.0 12.0 9.0 4.0 6.0 1.0 5.0 5.0 14.0 6.0 12.0 56.0 0.0 0.0 15.0 102.0 2.0 0.0 0.0 0.0 1.0 0.0 0.0 0.0 0.0 0.0 -1.0 4.0 56.0 0.0 4.0 24.0 22.0 13.0 0.0 -19.0 0.0 10.0 14.0 4.0 0.0 6.0 6.0 56.0 0.0 0.0 11.0 77.0 0.0 0.0 0.0 0.0 0.0 0.0 0.0 0.0 0.0 0.0 0.0 2.0 
25_3_015_108
0.0 0.0 0.0 57.0 23.0 2.0 6.0 13.0 0.0 0.0 0.0 13.0 17.0 1.0 4.0 3.0 0.0 0.0 0.0 6.0 21.0 7.0 6.0 12.0 0.0 0.0 0.0 0.0 0.0 0.0 5.0 20.0 0.0 0.0 0.0 58.0 73.0 4.0 2.0 0.0 0.0 0.0 14.0 20.0 1.0 0.0 0.0 0.0 1.0 2.0 0.0 2.0 15.0 4.0 3.0 2.0 3.0 0.0 0.0 0.0 0.0 0.0 2.0 15.0 0.0 0.0 0.0 102.0 28.0 0.0 0.0 0.0 1.0 0.0 6.0 33.0 6.0 1.0 2.0 2.0 0.0 0.0 0.0 6.0 11.0 13.0 26.0 2.0 1.0 0.0 0.0 4.0 3.0 0.0 0.0 8.0 0.0 0.0 0.0 84.0 15.0 0.0 0.0 0.0 5.0 0.0 1.0 37.0 9.0 0.0 0.0 21.0 3.0 0.0 0.0 22.0 7.0 0.0 7.0 19.0 2.0 0.0 0.0 12.0 1.0 0.0 0.0 1.0 
25_3_015_109
0.0 15.0 12.0 0.0 8.0 21.0 13.0 0.0 0.0 20.0 44.0 44.0 68.0 1.0 0.0 0.0 22.0 52.0 9.0 3.0 12.0 1.0 22.0 28.0 6.0 12.0 0.0 0.0 0.0 2.0 29.0 1.0 0.0 0.0 5.0 4.0 5.0 41.0 25.0 1.0 0.0 0.0 33.0 77.0 102.0 10.0 0.0 0.0 0.0 0.0 0.0 4.0 30.0 38.0 64.0 6.0 0.0 0.0 0.0 0.0 0.0 8.0 20.0 9.0 0.0 72.0 77.0 0.0 0.0 0.0 0.0 0.0 0.0 18.0 47.0 9.0 0.0 12.0 16.0 2.0 0.0 0.0 0.0 11.0 5.0 18.0 27.0 0.0 1.0 0.0 0.0 5.0 1.0 0.0 3.0 7.0 0.0 6.0 1.0 0.0 0.0 11.0 7.0 0.0 3.0 25.0 0.0 0.0 0.0 0.0 14.0 2.0 0.0 7.0 14.0 8.0 0.0 0.0 3.0 0.0 0.0 0.0 0.0 0.0 1.0 14.0 12.0 0.0 
25_3_015_110
9.0 0.0 0.0 0.0 0.0 0.0 12.0 26.0 0.0 0.0 0.0 61.0 36.0 1.0 0.0 0.0 15.0 1.0 1.0 2.0 0.0 0.0 0.0 7.0 3.0 0.0 5.0 15.0 0.0 0.0 0.0 5.0 11.0 4.0 0.0 0.0 0.0 2.0 13.0 35.0 5.0 0.0 10.0 102.0 8.0 0.0 1.0 4.0 0.0 0.0 1.0 15.0 1.0 0.0 3.0 10.0 1.0 0.0 0.0 25.0 4.0 0.0 0.0 3.0 50.0 21.0 0.0 0.0 0.0 0.0 0.0 18.0 12.0 7.0 49.0 57.0 0.0 0.0 0.0 5.0 1.0 2.0 2.0 6.0 3.0 1.0 2.0 2.0 0.0 0.0 3.0 16.0 2.0 0.0 0.0 0.0 39.0 13.0 7.0 8.0 0.0 0.0 0.0 5.0 25.0 12.0 20.0 3.0 0.0 0.0 0.0 3.0 3.0 2.0 9.0 1.0 0.0 0.0 0.0 7.0 0.0 0.0 16.0 3.0 0.0 0.0 1.0 5.0 
25_3_015_111
7.0 3.0 2.0 8.0 5.0 0.0 0.0 5.0 7.0 1.0 3.0 4.0 2.0 0.0 0.0 0.0 0.0 0.0 4.0 42.0 7.0 0.0 0.0 0.0 3.0 4.0 2.0 0.0 0.0 0.0 -4.0 16.0 3.0 0.0 0.0 33.0 59.0 0.0 0.0 0.0 9.0 2.0 1.0 5.0 1.0 0.0 -13.0 33.0 0.0 0.0 5.0 52.0 3.0 0.0 0.0 0.0 0.0 0.0 1.0 8.0 11.0 1.0 -5.0 20.0 0.0 0.0 0.0 35.0 35.0 0.0 0.0 0.0 3.0 0.0 0.0 13.0 30.0 4.0 -1.0 13.0 0.0 0.0 7.0 23.0 15.0 16.0 1.0 0.0 0.0 3.0 12.0 15.0 13.0 0.0 0.0 0.0 0.0 0.0 0.0 0.0 6.0 0.0 0.0 1.0 0.0 0.0 0.0 0.0 52.0 25.0 0.0 0.0 0.0 0.0 0.0 0.0 7.0 48.0 27.0 0.0 0.0 0.0 0.0 0.0 102.0 15.0 0.0 0.0 
25_3_015_112
0.0 22.0 51.0 0.0 0.0 0.0 0.0 0.0 14.0 19.0 15.0 0.0 0.0 0.0 0.0 1.0 6.0 12.0 3.0 0.0 0.0 0.0 0.0 3.0 5.0 16.0 5.0 0.0 0.0 0.0 0.0 0.0 7.0 31.0 21.0 0.0 0.0 0.0 3.0 6.0 16.0 6.0 0.0 0.0 0.0 4.0 27.0 15.0 2.0 27.0 18.0 11.0 2.0 2.0 0.0 0.0 13.0 27.0 20.0 0.0 0.0 0.0 0.0 0.0 0.0 1.0 0.0 0.0 0.0 8.0 74.0 9.0 0.0 0.0 0.0 0.0 5.0 26.0 23.0 1.0 0.0 4.0 17.0 102.0 28.0 0.0 0.0 0.0 18.0 48.0 15.0 0.0 0.0 0.0 0.0 0.0 0.0 0.0 0.0 0.0 0.0 1.0 33.0 10.0 0.0 0.0 0.0 7.0 7.0 3.0 0.0 0.0 1.0 6.0 11.0 40.0 53.0 2.0 0.0 0.0 6.0 4.0 2.0 37.0 38.0 0.0 0.0 0.0 
25_3_015_113
2.0 8.0 6.0 2.0 0.0 0.0 0.0 0.0 31.0 71.0 7.0 0.0 0.0 0.0 0.0 0.0 10.0 66.0 43.0 1.0 0.0 0.0 0.0 0.0 7.0 0.0 13.0 62.0 4.0 0.0 -1.0 3.0 0.0 4.0 18.0 6.0 0.0 0.0 0.0 0.0 0.0 1.0 27.0 28.0 0.0 0.0 0.0 0.0 19.0 42.0 28.0 46.0 0.0 0.0 0.0 0.0 49.0 43.0 27.0 18.0 0.0 0.0 0.0 0.0 1.0 13.0 11.0 8.0 0.0 0.0 0.0 0.0 0.0 10.0 36.0 37.0 32.0 1.0 0.0 0.0 0.0 6.0 63.0 19.0 14.0 0.0 0.0 0.0 16.0 46.0 8.0 0.0 6.0 5.0 0.0 0.0 9.0 9.0 2.0 0.0 0.0 0.0 0.0 29.0 0.0 0.0 0.0 0.0 37.0 15.0 3.0 11.0 0.0 0.0 0.0 3.0 49.0 102.0 3.0 0.0 0.0 0.0 0.0 5.0 45.0 70.0 0.0 0.0 
25_3_015_114
0.0 0.0 0.0 0.0 1.0 0.0 0.0 0.0 0.0 0.0 0.0 10.0 102.0 0.0 0.0 0.0 0.0 0.0 0.0 22.0 84.0 1.0 0.0 0.0 0.0 0.0 0.0 0.0 0.0 0.0 -6.0 23.0 0.0 0.0 0.0 2.0 1.0 0.0 0.0 0.0 0.0 0.0 1.0 15.0 5.0 0.0 0.0 0.0 0.0 0.0 4.0 102.0 54.0 1.0 0.0 0.0 0.0 0.0 0.0 0.0 43.0 5.0 -1.0 3.0 0.0 0.0 3.0 0.0 0.0 0.0 0.0 0.0 0.0 0.0 5.0 23.0 2.0 0.0 0.0 0.0 0.0 0.0 15.0 94.0 11.0 1.0 0.0 5.0 0.0 0.0 0.0 2.0 28.0 4.0 0.0 1.0 0.0 0.0 0.0 0.0 0.0 0.0 0.0 3.0 0.0 0.0 1.0 6.0 6.0 0.0 0.0 0.0 0.0 0.0 0.0 43.0 49.0 2.0 0.0 0.0 0.0 1.0 12.0 7.0 1.0 1.0 0.0 0.0 
25_3_015_115
0.0 0.0 0.0 4.0 9.0 19.0 6.0 1.0 12.0 1.0 0.0 2.0 17.0 15.0 0.0 -3.0 62.0 2.0 4.0 4.0 6.0 0.0 0.0 -24.0 42.0 6.0 0.0 4.0 0.0 0.0 0.0 -16.0 57.0 0.0 0.0 0.0 16.0 9.0 -2.0 -11.0 8.0 6.0 2.0 4.0 25.0 15.0 0.0 -4.0 -5.0 17.0 17.0 102.0 7.0 0.0 0.0 0.0 82.0 8.0 0.0 3.0 0.0 0.0 -15.0 17.0 83.0 0.0 0.0 0.0 2.0 5.0 0.0 -31.0 78.0 49.0 0.0 2.0 0.0 1.0 0.0 -38.0 -14.0 30.0 14.0 43.0 18.0 13.0 0.0 0.0 0.0 0.0 0.0 0.0 4.0 36.0 21.0 3.0 11.0 0.0 0.0 0.0 0.0 6.0 0.0 2.0 0.0 2.0 1.0 1.0 8.0 12.0 0.0 0.0 0.0 0.0 6.0 1.0 3.0 15.0 0.0 0.0 0.0 0.0 0.0 0.0 2.0 7.0 5.0 0.0 
25_3_015_116
1.0 0.0 3.0 9.0 13.0 0.0 0.0 0.0 21.0 11.0 15.0 17.0 6.0 0.0 0.0 1.0 38.0 2.0 0.0 0.0 1.0 0.0 0.0 9.0 2.0 0.0 0.0 10.0 78.0 0.0 0.0 1.0 49.0 1.0 13.0 16.0 9.0 0.0 0.0 4.0 3.0 0.0 12.0 19.0 17.0 43.0 25.0 8.0 10.0 9.0 9.0 4.0 2.0 4.0 14.0 16.0 33.0 3.0 0.0 1.0 8.0 0.0 0.0 3.0 89.0 0.0 0.0 0.0 0.0 0.0 0.0 14.0 39.0 0.0 1.0 7.0 3.0 16.0 7.0 7.0 10.0 0.0 15.0 75.0 9.0 2.0 2.0 9.0 37.0 5.0 0.0 0.0 2.0 1.0 0.0 13.0 5.0 0.0 0.0 0.0 0.0 0.0 0.0 1.0 102.0 1.0 0.0 0.0 0.0 0.0 0.0 11.0 12.0 0.0 0.0 13.0 36.0 14.0 0.0 1.0 10.0 2.0 1.0 1.0 10.0 26.0 7.0 4.0 
25_3_015_117
0.0 0.0 0.0 0.0 0.0 29.0 17.0 0.0 0.0 0.0 0.0 0.0 0.0 92.0 50.0 0.0 1.0 1.0 0.0 0.0 0.0 102.0 55.0 0.0 3.0 0.0 0.0 0.0 0.0 70.0 45.0 1.0 2.0 37.0 18.0 1.0 1.0 60.0 39.0 1.0 32.0 32.0 0.0 9.0 2.0 33.0 20.0 1.0 7.0 46.0 51.0 71.0 0.0 0.0 0.0 0.0 92.0 26.0 3.0 0.0 0.0 0.0 0.0 12.0 3.0 17.0 40.0 7.0 6.0 14.0 15.0 2.0 62.0 33.0 3.0 1.0 2.0 56.0 21.0 6.0 3.0 4.0 9.0 19.0 56.0 25.0 0.0 10.0 0.0 0.0 0.0 0.0 0.0 24.0 45.0 8.0 0.0 3.0 1.0 0.0 3.0 27.0 27.0 2.0 0.0 1.0 2.0 1.0 2.0 33.0 23.0 0.0 0.0 23.0 14.0 0.0 3.0 35.0 17.0 0.0 0.0 54.0 31.0 0.0 0.0 16.0 16.0 0.0 
25_3_015_118
5.0 6.0 0.0 0.0 0.0 0.0 0.0 -2.0 3.0 19.0 0.0 0.0 0.0 0.0 0.0 -4.0 -35.0 94.0 0.0 0.0 0.0 0.0 0.0 0.0 -35.0 102.0 0.0 0.0 0.0 0.0 0.0 0.0 0.0 53.0 14.0 0.0 0.0 0.0 0.0 -8.0 56.0 23.0 3.0 0.0 0.0 0.0 0.0 -24.0 -18.0 42.0 11.0 25.0 0.0 0.0 0.0 0.0 -1.0 4.0 0.0 0.0 0.0 2.0 8.0 0.0 0.0 8.0 0.0 0.0 0.0 0.0 5.0 2.0 7.0 8.0 1.0 3.0 0.0 0.0 -2.0 2.0 -7.0 17.0 9.0 8.0 0.0 0.0 0.0 3.0 0.0 0.0 0.0 0.0 0.0 0.0 6.0 6.0 0.0 0.0 0.0 2.0 1.0 1.0 2.0 0.0 0.0 0.0 12.0 9.0 0.0 0.0 0.0 0.0 0.0 0.0 3.0 1.0 0.0 1.0 6.0 4.0 0.0 0.0 0.0 0.0 0.0 0.0 8.0 6.0 
25_3_015_119
18.0 0.0 0.0 1.0 64.0 13.0 0.0 11.0 21.0 0.0 0.0 0.0 58.0 17.0 9.0 29.0 102.0 1.0 0.0 0.0 0.0 0.0 0.0 38.0 42.0 0.0 0.0 0.0 0.0 0.0 0.0 19.0 98.0 0.0 0.0 0.0 2.0 0.0 0.0 10.0 14.0 6.0 10.0 41.0 34.0 6.0 0.0 0.0 8.0 0.0 0.0 1.0 0.0 6.0 21.0 26.0 69.0 0.0 0.0 0.0 0.0 0.0 1.0 86.0 11.0 0.0 0.0 4.0 33.0 0.0 0.0 2.0 62.0 4.0 0.0 2.0 8.0 2.0 0.0 15.0 10.0 1.0 0.0 0.0 0.0 10.0 31.0 14.0 32.0 4.0 0.0 0.0 0.0 1.0 2.0 62.0 0.0 0.0 0.0 10.0 18.0 0.0 0.0 0.0 27.0 0.0 0.0 5.0 11.0 0.0 0.0 5.0 50.0 1.0 0.0 0.0 0.0 0.0 0.0 14.0 5.0 2.0 3.0 2.0 0.0 0.0 20.0 48.0 
25_3_015_120
0.0 1.0 7.0 1.0 1.0 8.0 7.0 0.0 0.0 0.0 4.0 27.0 3.0 12.0 10.0 0.0 0.0 17.0 75.0 58.0 0.0 0.0 0.0 0.0 55.0 1.0 0.0 0.0 0.0 0.0 0.0 26.0 0.0 0.0 0.0 0.0 0.0 14.0 26.0 2.0 0.0 0.0 11.0 102.0 6.0 4.0 2.0 0.0 0.0 0.0 5.0 78.0 48.0 86.0 16.0 0.0 2.0 0.0 0.0 0.0 11.0 81.0 44.0 27.0 10.0 0.0 0.0 0.0 0.0 0.0 0.0 17.0 1.0 0.0 12.0 74.0 9.0 0.0 0.0 2.0 0.0 0.0 0.0 0.0 0.0 38.0 67.0 35.0 0.0 0.0 0.0 41.0 53.0 24.0 20.0 5.0 0.0 0.0 0.0 1.0 0.0 0.0 5.0 14.0 0.0 1.0 16.0 42.0 0.0 0.0 10.0 13.0 8.0 0.0 0.0 0.0 0.0 7.0 29.0 49.0 0.0 0.0 7.0 75.0 4.0 0.0 4.0 16.0 
25_3_015_121
13.0 0.0 0.0 10.0 75.0 4.0 0.0 4.0 5.0 0.0 0.0 23.0 48.0 0.0 0.0 6.0 0.0 2.0 3.0 3.0 11.0 0.0 0.0 0.0 7.0 0.0 0.0 7.0 11.0 0.0 0.0 8.0 50.0 11.0 12.0 6.0 2.0 0.0 0.0 8.0 0.0 0.0 14.0 102.0 56.0 0.0 0.0 0.0 17.0 2.0 3.0 2.0 2.0 3.0 2.0 6.0 4.0 0.0 7.0 35.0 0.0 0.0 0.0 2.0 21.0 77.0 27.0 0.0 0.0 0.0 0.0 0.0 33.0 87.0 35.0 32.0 0.0 0.0 0.0 0.0 20.0 10.0 2.0 0.0 0.0 0.0 0.0 5.0 0.0 0.0 3.0 26.0 5.0 1.0 4.0 0.0 0.0 1.0 9.0 35.0 48.0 0.0 0.0 0.0 21.0 34.0 3.0 0.0 13.0 9.0 11.0 17.0 21.0 0.0 0.0 0.0 0.0 0.0 0.0 25.0 0.0 0.0 1.0 1.0 0.0 1.0 16.0 2.0 
25_3_015_122
3.0 10.0 14.0 1.0 0.0 0.0 0.0 -1.0 5.0 4.0 11.0 5.0 0.0 0.0 0.0 -2.0 0.0 1.0 10.0 6.0 6.0 1.0 0.0 0.0 0.0 2.0 10.0 29.0 11.0 0.0 0.0 0.0 0.0 1.0 2.0 0.0 4.0 80.0 7.0 0.0 2.0 2.0 9.0 24.0 21.0 10.0 0.0 0.0 0.0 0.0 0.0 0.0 5.0 29.0 5.0 46.0 0.0 0.0 0.0 0.0 35.0 73.0 1.0 0.0 -4.0 102.0 61.0 3.0 8.0 8.0 0.0 0.0 17.0 23.0 37.0 21.0 4.0 1.0 5.0 4.0 0.0 0.0 0.0 0.0 0.0 0.0 26.0 73.0 13.0 18.0 13.0 4.0 4.0 3.0 2.0 -2.0 0.0 0.0 0.0 3.0 5.0 98.0 6.0 0.0 0.0 0.0 0.0 0.0 0.0 91.0 60.0 0.0 1.0 0.0 0.0 2.0 12.0 71.0 15.0 0.0 0.0 10.0 13.0 6.0 4.0 98.0 9.0 0.0 
25_3_015_123
6.0 102.0 34.0 0.0 0.0 0.0 0.0 8.0 5.0 69.0 47.0 0.0 0.0 0.0 0.0 0.0 0.0 72.0 67.0 7.0 0.0 4.0 1.0 0.0 3.0 60.0 10.0 0.0 0.0 22.0 31.0 3.0 1.0 0.0 1.0 3.0 6.0 22.0 34.0 2.0 0.0 0.0 27.0 68.0 5.0 0.0 0.0 0.0 9.0 2.0 0.0 3.0 9.0 23.0 52.0 39.0 6.0 39.0 12.0 0.0 0.0 41.0 67.0 4.0 14.0 85.0 5.0 0.0 0.0 0.0 0.0 0.0 1.0 30.0 20.0 33.0 15.0 0.0 0.0 0.0 19.0 13.0 0.0 0.0 0.0 4.0 8.0 17.0 0.0 47.0 14.0 0.0 0.0 5.0 6.0 0.0 29.0 11.0 0.0 0.0 0.0 0.0 4.0 16.0 8.0 3.0 0.0 0.0 0.0 0.0 6.0 12.0 2.0 0.0 0.0 0.0 0.0 2.0 12.0 9.0 1.0 0.0 0.0 0.0 0.0 4.0 12.0 4.0 
25_3_015_124
7.0 2.0 0.0 1.0 0.0 2.0 0.0 3.0 2.0 6.0 23.0 21.0 0.0 0.0 0.0 0.0 0.0 2.0 37.0 66.0 0.0 0.0 2.0 0.0 1.0 0.0 0.0 0.0 0.0 6.0 22.0 31.0 93.0 28.0 1.0 0.0 0.0 0.0 0.0 18.0 3.0 3.0 36.0 42.0 0.0 0.0 0.0 2.0 0.0 0.0 8.0 21.0 16.0 12.0 20.0 1.0 0.0 0.0 0.0 0.0 0.0 3.0 102.0 18.0 8.0 0.0 0.0 0.0 0.0 28.0 33.0 35.0 8.0 0.0 4.0 10.0 19.0 12.0 9.0 3.0 0.0 0.0 0.0 0.0 5.0 35.0 45.0 13.0 0.0 0.0 0.0 0.0 0.0 7.0 47.0 38.0 0.0 0.0 0.0 0.0 0.0 7.0 22.0 3.0 0.0 0.0 0.0 0.0 4.0 9.0 15.0 1.0 4.0 2.0 0.0 2.0 4.0 0.0 14.0 16.0 18.0 25.0 0.0 0.0 0.0 0.0 2.0 11.0 
25_3_015_125
0.0 0.0 1.0 0.0 0.0 0.0 1.0 0.0 0.0 0.0 1.0 1.0 0.0 0.0 0.0 0.0 0.0 0.0 67.0 20.0 0.0 0.0 0.0 0.0 0.0 0.0 27.0 19.0 6.0 0.0 0.0 1.0 1.0 1.0 0.0 0.0 0.0 0.0 0.0 0.0 1.0 1.0 1.0 9.0 0.0 0.0 0.0 0.0 0.0 0.0 23.0 96.0 3.0 0.0 0.0 0.0 0.0 0.0 0.0 5.0 8.0 4.0 1.0 1.0 0.0 0.0 0.0 0.0 1.0 0.0 0.0 0.0 0.0 0.0 4.0 14.0 0.0 0.0 0.0 0.0 0.0 2.0 14.0 100.0 1.0 0.0 0.0 0.0 2.0 13.0 22.0 1.0 0.0 0.0 0.0 0.0 0.0 1.0 1.0 0.0 0.0 0.0 0.0 0.0 0.0 0.0 1.0 5.0 1.0 0.0 0.0 0.0 0.0 0.0 3.0 102.0 18.0 0.0 0.0 0.0 2.0 4.0 3.0 1.0 1.0 0.0 1.0 5.0 
25_3_015_126
0.0 0.0 0.0 0.0 0.0 8.0 7.0 9.0 -5.0 9.0 31.0 46.0 4.0 1.0 0.0 0.0 -4.0 50.0 1.0 0.0 0.0 0.0 0.0 -1.0 -2.0 18.0 7.0 1.0 0.0 0.0 0.0 -2.0 14.0 3.0 0.0 0.0 0.0 0.0 -7.0 12.0 -2.0 5.0 24.0 102.0 0.0 0.0 0.0 0.0 5.0 0.0 9.0 6.0 0.0 0.0 -10.0 26.0 0.0 9.0 11.0 9.0 5.0 0.0 0.0 -2.0 2.0 0.0 0.0 0.0 0.0 0.0 -1.0 8.0 0.0 0.0 9.0 88.0 9.0 0.0 0.0 0.0 0.0 0.0 0.0 1.0 12.0 14.0 18.0 3.0 0.0 0.0 0.0 12.0 18.0 4.0 0.0 0.0 0.0 0.0 10.0 0.0 0.0 0.0 -1.0 5.0 0.0 0.0 8.0 31.0 11.0 0.0 0.0 0.0 0.0 0.0 0.0 2.0 9.0 0.0 6.0 11.0 0.0 0.0 0.0 2.0 15.0 7.0 5.0 0.0 
25_3_015_127
22.0 0.0 0.0 0.0 0.0 0.0 0.0 10.0 0.0 1.0 1.0 82.0 18.0 0.0 0.0 0.0 28.0 0.0 0.0 0.0 0.0 0.0 8.0 72.0 10.0 0.0 0.0 45.0 27.0 1.0 7.0 42.0 4.0 0.0 0.0 0.0 0.0 0.0 1.0 33.0 1.0 0.0 13.0 100.0 4.0 0.0 0.0 1.0 43.0 14.0 3.0 0.0 0.0 5.0 35.0 62.0 31.0 1.0 12.0 46.0 4.0 0.0 5.0 46.0 43.0 15.0 0.0 0.0 0.0 0.0 0.0 9.0 4.0 16.0 28.0 102.0 0.0 0.0 0.0 0.0 65.0 83.0 13.0 6.0 0.0 0.0 0.0 5.0 100.0 24.0 43.0 16.0 0.0 0.0 0.0 28.0 20.0 5.0 0.0 0.0 2.0 0.0 0.0 3.0 10.0 5.0 4.0 59.0 1.0 0.0 0.0 3.0 8.0 21.0 38.0 84.0 4.0 0.0 0.0 0.0 97.0 22.0 7.0 1.0 0.0 0.0 1.0 18.0 
25_3_015_128
38.0 39.0 1.0 0.0 0.0 0.0 0.0 1.0 2.0 10.0 16.0 37.0 2.0 0.0 0.0 0.0 0.0 0.0 34.0 55.0 0.0 0.0 0.0 0.0 0.0 0.0 10.0 24.0 0.0 0.0 0.0 0.0 21.0 42.0 31.0 6.0 0.0 0.0 0.0 0.0 102.0 40.0 11.0 8.0 0.0 0.0 0.0 2.0 0.0 0.0 31.0 86.0 0.0 0.0 0.0 0.0 0.0 0.0 7.0 6.0 0.0 5.0 3.0 0.0 0.0 5.0 11.0 30.0 8.0 0.0 0.0 0.0 51.0 2.0 0.0 0.0 4.0 5.0 14.0 57.0 0.0 2.0 11.0 45.0 21.0 0.0 1.0 1.0 0.0 0.0 0.0 4.0 4.0 6.0 14.0 9.0 14.0 7.0 0.0 0.0 0.0 0.0 10.0 16.0 0.0 0.0 0.0 0.0 0.0 8.0 55.0 16.0 0.0 0.0 0.0 28.0 18.0 1.0 1.0 1.0 1.0 1.0 4.0 6.0 4.0 0.0 1.0 4.0 
25_3_015_129
6.0 3.0 3.0 0.0 0.0 0.0 5.0 7.0 1.0 5.0 10.0 2.0 0.0 0.0 0.0 14.0 1.0 2.0 2.0 0.0 0.0 0.0 20.0 26.0 3.0 12.0 17.0 11.0 0.0 0.0 0.0 3.0 4.0 6.0 0.0 0.0 0.0 6.0 5.0 0.0 1.0 3.0 0.0 0.0 0.0 3.0 71.0 12.0 1.0 10.0 53.0 28.0 3.0 3.0 4.0 6.0 4.0 32.0 16.0 0.0 2.0 0.0 0.0 1.0 0.0 0.0 0.0 0.0 0.0 18.0 50.0 0.0 0.0 0.0 0.0 0.0 6.0 22.0 76.0 3.0 0.0 0.0 6.0 102.0 41.0 7.0 4.0 0.0 0.0 0.0 0.0 0.0 5.0 4.0 33.0 13.0 0.0 0.0 0.0 0.0 0.0 2.0 44.0 9.0 0.0 0.0 0.0 0.0 8.0 9.0 39.0 6.0 0.0 0.0 0.0 40.0 81.0 10.0 0.0 0.0 0.0 0.0 0.0 0.0 16.0 21.0 5.0 0.0 
25_3_015_130
12.0 3.0 1.0 0.0 1.0 0.0 -5.0 13.0 0.0 0.0 8.0 35.0 0.0 0.0 0.0 0.0 2.0 4.0 5.0 21.0 4.0 0.0 0.0 0.0 2.0 0.0 0.0 0.0 0.0 0.0 -17.0 57.0 3.0 0.0 0.0 18.0 18.0 0.0 -8.0 24.0 2.0 0.0 6.0 34.0 2.0 0.0 0.0 2.0 0.0 0.0 11.0 14.0 14.0 1.0 0.0 0.0 17.0 3.0 2.0 0.0 0.0 0.0 -5.0 19.0 0.0 0.0 0.0 9.0 69.0 9.0 1.0 0.0 0.0 0.0 0.0 3.0 11.0 42.0 22.0 1.0 0.0 0.0 2.0 10.0 102.0 42.0 1.0 0.0 6.0 2.0 2.0 1.0 23.0 6.0 -2.0 6.0 0.0 0.0 0.0 0.0 12.0 3.0 0.0 0.0 0.0 0.0 0.0 0.0 5.0 23.0 14.0 0.0 0.0 0.0 0.0 0.0 32.0 9.0 2.0 0.0 0.0 0.0 0.0 0.0 83.0 32.0 0.0 0.0 
25_3_015_131
0.0 0.0 24.0 19.0 0.0 0.0 0.0 0.0 0.0 0.0 26.0 9.0 0.0 0.0 5.0 5.0 1.0 6.0 4.0 0.0 0.0 0.0 4.0 6.0 0.0 7.0 25.0 1.0 0.0 0.0 0.0 0.0 0.0 0.0 3.0 53.0 10.0 0.0 0.0 0.0 0.0 4.0 7.0 7.0 8.0 1.0 2.0 0.0 0.0 13.0 30.0 1.0 0.0 0.0 0.0 0.0 4.0 8.0 20.0 1.0 0.0 0.0 0.0 1.0 0.0 0.0 0.0 3.0 21.0 5.0 0.0 0.0 0.0 0.0 7.0 61.0 44.0 10.0 0.0 0.0 2.0 15.0 17.0 9.0 0.0 0.0 0.0 0.0 0.0 0.0 0.0 2.0 1.0 1.0 18.0 7.0 0.0 0.0 0.0 1.0 1.0 0.0 0.0 0.0 0.0 0.0 8.0 102.0 1.0 0.0 0.0 0.0 2.0 1.0 2.0 13.0 0.0 0.0 3.0 9.0 0.0 0.0 0.0 0.0 0.0 0.0 12.0 21.0 
25_3_015_132
4.0 14.0 5.0 0.0 0.0 0.0 0.0 0.0 2.0 23.0 1.0 0.0 0.0 0.0 0.0 0.0 0.0 27.0 29.0 3.0 0.0 0.0 0.0 0.0 3.0 52.0 4.0 0.0 0.0 0.0 0.0 0.0 12.0 33.0 1.0 0.0 0.0 0.0 0.0 0.0 23.0 6.0 0.0 0.0 0.0 1.0 0.0 20.0 0.0 2.0 33.0 102.0 1.0 0.0 0.0 0.0 16.0 36.0 6.0 4.0 0.0 0.0 3.0 2.0 15.0 9.0 0.0 0.0 0.0 6.0 5.0 4.0 33.0 27.0 0.0 0.0 0.0 11.0 3.0 0.0 0.0 4.0 28.0 26.0 6.0 36.0 13.0 0.0 0.0 0.0 2.0 3.0 6.0 62.0 30.0 0.0 0.0 1.0 0.0 0.0 1.0 13.0 8.0 0.0 3.0 20.0 3.0 0.0 0.0 15.0 11.0 1.0 2.0 51.0 21.0 0.0 0.0 11.0 8.0 0.0 0.0 29.0 55.0 0.0 0.0 0.0 0.0 0.0 
25_3_015_133
15.0 19.0 11.0 4.0 0.0 0.0 0.0 5.0 0.0 6.0 51.0 5.0 0.0 0.0 0.0 0.0 0.0 16.0 69.0 3.0 0.0 0.0 0.0 0.0 4.0 49.0 20.0 0.0 0.0 0.0 0.0 0.0 5.0 74.0 11.0 1.0 0.0 0.0 0.0 0.0 47.0 26.0 4.0 1.0 0.0 0.0 0.0 2.0 0.0 0.0 50.0 102.0 1.0 0.0 0.0 0.0 23.0 14.0 7.0 7.0 4.0 0.0 0.0 3.0 0.0 8.0 33.0 30.0 0.0 0.0 0.0 0.0 66.0 45.0 3.0 3.0 0.0 0.0 0.0 0.0 2.0 17.0 42.0 22.0 4.0 11.0 12.0 3.0 1.0 0.0 2.0 1.0 2.0 48.0 45.0 0.0 0.0 10.0 24.0 5.0 19.0 4.0 0.0 0.0 7.0 22.0 14.0 1.0 7.0 2.0 0.0 0.0 36.0 49.0 0.0 0.0 0.0 1.0 1.0 1.0 1.0 78.0 6.0 0.0 0.0 1.0 1.0 0.0 
25_3_015_134
19.0 7.0 2.0 14.0 7.0 0.0 0.0 -8.0 102.0 0.0 0.0 0.0 0.0 0.0 -1.0 -11.0 16.0 4.0 2.0 32.0 55.0 0.0 0.0 -2.0 4.0 0.0 0.0 6.0 6.0 0.0 -27.0 66.0 0.0 0.0 1.0 19.0 38.0 29.0 0.0 0.0 0.0 0.0 0.0 0.0 0.0 58.0 66.0 2.0 0.0 0.0 4.0 41.0 31.0 10.0 0.0 13.0 0.0 0.0 0.0 15.0 21.0 6.0 0.0 11.0 0.0 0.0 0.0 0.0 28.0 49.0 0.0 0.0 0.0 0.0 5.0 9.0 6.0 23.0 23.0 0.0 0.0 0.0 5.0 87.0 23.0 7.0 0.0 0.0 0.0 0.0 0.0 0.0 17.0 33.0 13.0 0.0 0.0 0.0 0.0 0.0 8.0 17.0 1.0 1.0 0.0 0.0 0.0 3.0 38.0 33.0 2.0 0.0 0.0 0.0 0.0 17.0 48.0 11.0 1.0 0.0 0.0 0.0 0.0 0.0 10.0 14.0 7.0 0.0 
25_3_015_135
0.0 0.0 0.0 0.0 0.0 12.0 28.0 0.0 0.0 0.0 2.0 83.0 7.0 6.0 4.0 0.0 0.0 0.0 0.0 73.0 41.0 81.0 10.0 0.0 0.0 0.0 0.0 0.0 12.0 98.0 68.0 10.0 15.0 0.0 0.0 0.0 0.0 0.0 1.0 19.0 0.0 0.0 7.0 102.0 7.0 0.0 0.0 0.0 1.0 0.0 0.0 0.0 6.0 23.0 61.0 49.0 0.0 0.0 0.0 22.0 37.0 20.0 38.0 15.0 3.0 0.0 0.0 0.0 0.0 0.0 6.0 27.0 2.0 1.0 19.0 79.0 2.0 0.0 0.0 0.0 17.0 0.0 0.0 0.0 0.0 6.0 52.0 57.0 4.0 0.0 2.0 51.0 4.0 0.0 12.0 55.0 19.0 7.0 0.0 0.0 0.0 0.0 0.0 11.0 6.0 3.0 34.0 54.0 0.0 0.0 0.0 4.0 52.0 16.0 0.0 0.0 0.0 0.0 0.0 50.0 10.0 0.0 27.0 39.0 0.0 0.0 0.0 37.0 
25_3_015_136
6.0 0.0 6.0 11.0 0.0 0.0 0.0 -2.0 0.0 0.0 0.0 1.0 1.0 0.0 -24.0 76.0 0.0 0.0 13.0 45.0 1.0 0.0 0.0 0.0 0.0 3.0 0.0 0.0 0.0 0.0 -17.0 77.0 0.0 3.0 14.0 6.0 7.0 11.0 1.0 0.0 0.0 0.0 0.0 0.0 2.0 2.0 -21.0 102.0 1.0 0.0 19.0 70.0 0.0 0.0 0.0 0.0 0.0 0.0 0.0 0.0 0.0 0.0 6.0 71.0 0.0 0.0 0.0 0.0 36.0 37.0 0.0 0.0 4.0 3.0 3.0 6.0 21.0 9.0 -1.0 22.0 0.0 0.0 32.0 40.0 0.0 0.0 0.0 10.0 0.0 0.0 0.0 0.0 0.0 0.0 5.0 68.0 0.0 5.0 35.0 9.0 0.0 0.0 0.0 0.0 0.0 1.0 32.0 11.0 1.0 0.0 0.0 0.0 0.0 0.0 9.0 13.0 1.0 0.0 13.0 8.0 0.0 0.0 0.0 0.0 0.0 1.0 25.0 20.0 
25_3_015_137
0.0 1.0 27.0 41.0 1.0 0.0 0.0 0.0 1.0 0.0 41.0 16.0 0.0 0.0 13.0 8.0 2.0 1.0 0.0 0.0 0.0 5.0 42.0 15.0 3.0 0.0 0.0 0.0 0.0 13.0 58.0 11.0 0.0 0.0 31.0 91.0 0.0 0.0 0.0 0.0 0.0 0.0 2.0 13.0 0.0 0.0 68.0 48.0 22.0 2.0 10.0 22.0 11.0 5.0 18.0 11.0 65.0 29.0 0.0 0.0 0.0 4.0 7.0 11.0 0.0 0.0 20.0 75.0 1.0 1.0 1.0 0.0 0.0 0.0 0.0 0.0 0.0 0.0 57.0 86.0 5.0 2.0 5.0 102.0 9.0 2.0 0.0 1.0 22.0 17.0 0.0 0.0 0.0 5.0 12.0 17.0 0.0 0.0 0.0 38.0 19.0 5.0 10.0 0.0 1.0 0.0 0.0 0.0 0.0 0.0 25.0 55.0 0.0 0.0 0.0 53.0 28.0 3.0 0.0 0.0 1.0 0.0 0.0 0.0 0.0 1.0 26.0 17.0 
25_3_015_138
1.0 0.0 0.0 0.0 0.0 0.0 0.0 0.0 1.0 1.0 1.0 3.0 0.0 0.0 0.0 0.0 0.0 0.0 36.0 54.0 0.0 0.0 0.0 0.0 0.0 0.0 5.0 4.0 5.0 2.0 2.0 1.0 0.0 0.0 0.0 0.0 0.0 0.0 0.0 0.0 0.0 0.0 8.0 12.0 0.0 0.0 0.0 0.0 0.0 2.0 33.0 76.0 0.0 0.0 0.0 0.0 1.0 9.0 7.0 2.0 3.0 0.0 0.0 0.0 0.0 1.0 2.0 0.0 0.0 0.0 0.0 0.0 0.0 0.0 2.0 23.0 0.0 0.0 0.0 0.0 0.0 4.0 22.0 102.0 0.0 0.0 0.0 0.0 0.0 14.0 10.0 1.0 0.0 0.0 4.0 0.0 0.0 1.0 0.0 0.0 0.0 0.0 0.0 0.0 0.0 0.0 0.0 19.0 1.0 0.0 0.0 0.0 0.0 0.0 0.0 97.0 9.0 0.0 0.0 0.0 7.0 3.0 6.0 4.0 0.0 0.0 0.0 10.0 
