25_3_034_0
3.0 0.0 0.0 0.0 0.0 0.0 0.0 5.0 11.0 6.0 0.0 0.0 0.0 0.0 0.0 0.0 0.0 0.0 25.0 102.0 0.0 0.0 0.0 0.0 0.0 0.0 1.0 1.0 1.0 0.0 0.0 0.0 0.0 17.0 25.0 0.0 1.0 0.0 0.0 0.0 13.0 41.0 1.0 0.0 0.0 0.0 0.0 2.0 0.0 1.0 17.0 38.0 23.0 7.0 0.0 0.0 0.0 0.0 0.0 8.0 43.0 10.0 0.0 0.0 1.0 0.0 1.0 1.0 4.0 8.0 8.0 3.0 2.0 3.0 8.0 9.0 11.0 4.0 1.0 3.0 0.0 1.0 6.0 13.0 2.0 0.0 0.0 1.0 0.0 0.0 28.0 37.0 0.0 0.0 0.0 0.0 4.0 13.0 1.0 7.0 8.0 0.0 0.0 0.0 3.0 2.0 14.0 5.0 0.0 8.0 2.0 1.0 3.0 1.0 2.0 3.0 5.0 14.0 18.0 1.0 0.0 0.0 5.0 25.0 41.0 0.0 0.0 0.0 
25_3_034_1
0.0 7.0 37.0 4.0 13.0 14.0 4.0 0.0 31.0 5.0 0.0 0.0 3.0 14.0 7.0 10.0 0.0 3.0 14.0 18.0 11.0 0.0 1.0 0.0 2.0 4.0 13.0 37.0 10.0 0.0 0.0 0.0 9.0 3.0 0.0 0.0 1.0 13.0 28.0 23.0 0.0 0.0 37.0 74.0 19.0 18.0 0.0 0.0 28.0 14.0 14.0 1.0 3.0 0.0 6.0 14.0 0.0 0.0 12.0 50.0 42.0 28.0 9.0 0.0 16.0 38.0 9.0 12.0 22.0 0.0 0.0 0.0 0.0 47.0 43.0 34.0 3.0 2.0 6.0 0.0 11.0 4.0 0.0 2.0 4.0 41.0 84.0 5.0 0.0 0.0 0.0 1.0 14.0 12.0 97.0 7.0 0.0 2.0 0.0 6.0 70.0 26.0 0.0 0.0 0.0 0.0 0.0 0.0 5.0 102.0 77.0 0.0 0.0 5.0 6.0 0.0 0.0 50.0 42.0 0.0 0.0 3.0 19.0 1.0 0.0 0.0 0.0 0.0 
25_3_034_2
14.0 3.0 5.0 0.0 0.0 0.0 2.0 6.0 5.0 45.0 102.0 12.0 0.0 0.0 0.0 0.0 0.0 31.0 73.0 0.0 0.0 0.0 0.0 0.0 0.0 4.0 3.0 0.0 0.0 0.0 0.0 0.0 1.0 5.0 15.0 3.0 0.0 0.0 0.0 3.0 0.0 0.0 3.0 96.0 30.0 0.0 0.0 0.0 0.0 0.0 0.0 9.0 3.0 1.0 2.0 0.0 0.0 1.0 0.0 2.0 3.0 0.0 0.0 0.0 3.0 45.0 18.0 1.0 0.0 0.0 0.0 0.0 0.0 21.0 73.0 32.0 0.0 0.0 0.0 0.0 0.0 0.0 2.0 4.0 0.0 0.0 0.0 1.0 0.0 0.0 4.0 3.0 0.0 0.0 0.0 0.0 0.0 25.0 10.0 0.0 0.0 0.0 0.0 0.0 0.0 6.0 4.0 0.0 0.0 0.0 1.0 0.0 0.0 0.0 4.0 0.0 0.0 0.0 0.0 0.0 0.0 0.0 5.0 0.0 0.0 0.0 0.0 0.0 
25_3_034_3
0.0 0.0 0.0 0.0 0.0 0.0 2.0 7.0 0.0 0.0 11.0 81.0 10.0 0.0 0.0 0.0 1.0 0.0 2.0 0.0 0.0 0.0 15.0 33.0 5.0 0.0 0.0 0.0 0.0 1.0 10.0 13.0 1.0 0.0 0.0 0.0 0.0 0.0 0.0 14.0 0.0 0.0 9.0 102.0 5.0 0.0 0.0 1.0 13.0 10.0 4.0 7.0 0.0 0.0 0.0 5.0 36.0 26.0 0.0 0.0 0.0 2.0 4.0 1.0 5.0 0.0 0.0 0.0 0.0 0.0 0.0 11.0 0.0 0.0 0.0 62.0 39.0 0.0 0.0 0.0 2.0 0.0 0.0 7.0 20.0 7.0 12.0 7.0 2.0 0.0 0.0 1.0 10.0 17.0 8.0 3.0 8.0 0.0 0.0 0.0 0.0 0.0 0.0 4.0 4.0 4.0 2.0 8.0 7.0 0.0 0.0 0.0 1.0 1.0 19.0 23.0 37.0 0.0 0.0 0.0 19.0 8.0 3.0 1.0 0.0 0.0 0.0 2.0 
25_3_034_4
0.0 0.0 11.0 21.0 27.0 9.0 2.0 0.0 6.0 9.0 1.0 4.0 10.0 3.0 5.0 1.0 0.0 7.0 7.0 41.0 28.0 0.0 0.0 0.0 0.0 0.0 0.0 56.0 33.0 0.0 0.0 0.0 5.0 12.0 6.0 6.0 1.0 0.0 1.0 0.0 0.0 2.0 7.0 6.0 30.0 8.0 5.0 6.0 0.0 0.0 0.0 41.0 28.0 9.0 0.0 0.0 0.0 0.0 1.0 84.0 56.0 12.0 0.0 0.0 7.0 0.0 12.0 25.0 7.0 18.0 10.0 4.0 26.0 12.0 6.0 0.0 0.0 0.0 4.0 19.0 0.0 0.0 19.0 39.0 0.0 4.0 8.0 18.0 0.0 0.0 0.0 0.0 39.0 102.0 28.0 33.0 0.0 0.0 5.0 44.0 25.0 1.0 0.0 0.0 17.0 12.0 2.0 10.0 28.0 3.0 0.0 0.0 3.0 9.0 4.0 0.0 0.0 0.0 32.0 49.0 0.0 0.0 0.0 3.0 1.0 0.0 26.0 31.0 
25_3_034_5
0.0 64.0 41.0 6.0 10.0 20.0 0.0 0.0 86.0 74.0 0.0 0.0 4.0 15.0 2.0 1.0 93.0 51.0 0.0 0.0 0.0 0.0 1.0 1.0 11.0 0.0 0.0 0.0 0.0 0.0 7.0 10.0 0.0 0.0 0.0 0.0 6.0 54.0 28.0 4.0 0.0 0.0 36.0 69.0 60.0 20.0 0.0 0.0 63.0 13.0 15.0 2.0 0.0 0.0 20.0 47.0 102.0 0.0 0.0 0.0 0.0 0.0 0.0 55.0 24.0 38.0 10.0 0.0 0.0 0.0 0.0 13.0 0.0 27.0 36.0 96.0 37.0 1.0 0.0 0.0 1.0 0.0 0.0 0.0 0.0 16.0 65.0 31.0 55.0 16.0 2.0 4.0 3.0 0.0 0.0 30.0 5.0 52.0 47.0 1.0 0.0 0.0 4.0 1.0 19.0 31.0 1.0 0.0 1.0 13.0 31.0 13.0 28.0 12.0 4.0 0.0 1.0 6.0 0.0 2.0 2.0 11.0 42.0 5.0 0.0 0.0 2.0 1.0 
25_3_034_6
0.0 3.0 1.0 0.0 1.0 2.0 2.0 12.0 0.0 3.0 8.0 6.0 3.0 11.0 2.0 0.0 0.0 0.0 0.0 0.0 0.0 9.0 52.0 2.0 0.0 0.0 0.0 1.0 19.0 11.0 0.0 0.0 1.0 0.0 0.0 0.0 1.0 4.0 8.0 7.0 13.0 0.0 7.0 16.0 4.0 1.0 -1.0 0.0 2.0 2.0 0.0 0.0 0.0 0.0 -35.0 102.0 0.0 4.0 13.0 9.0 1.0 0.0 0.0 0.0 0.0 0.0 0.0 0.0 33.0 15.0 1.0 0.0 0.0 0.0 3.0 20.0 22.0 6.0 0.0 0.0 9.0 8.0 0.0 0.0 1.0 5.0 -1.0 33.0 0.0 22.0 13.0 0.0 1.0 5.0 7.0 0.0 0.0 0.0 0.0 3.0 15.0 3.0 0.0 0.0 0.0 0.0 0.0 0.0 24.0 32.0 0.0 0.0 0.0 0.0 0.0 0.0 1.0 57.0 3.0 0.0 0.0 0.0 0.0 0.0 0.0 34.0 11.0 0.0 
25_3_034_7
3.0 10.0 0.0 0.0 0.0 0.0 1.0 1.0 0.0 10.0 7.0 5.0 0.0 0.0 0.0 0.0 1.0 4.0 5.0 1.0 1.0 0.0 0.0 0.0 0.0 7.0 23.0 0.0 0.0 0.0 0.0 0.0 0.0 2.0 0.0 0.0 0.0 29.0 5.0 0.0 0.0 3.0 13.0 19.0 14.0 11.0 0.0 0.0 0.0 36.0 24.0 0.0 0.0 0.0 0.0 0.0 0.0 7.0 26.0 0.0 0.0 0.0 0.0 0.0 0.0 0.0 1.0 0.0 1.0 11.0 1.0 0.0 0.0 0.0 12.0 102.0 4.0 0.0 0.0 0.0 0.0 2.0 4.0 9.0 0.0 0.0 0.0 0.0 0.0 0.0 0.0 0.0 0.0 0.0 1.0 1.0 0.0 2.0 2.0 0.0 0.0 0.0 0.0 0.0 0.0 0.0 3.0 84.0 1.0 0.0 0.0 0.0 0.0 0.0 0.0 5.0 1.0 0.0 0.0 0.0 0.0 0.0 0.0 0.0 0.0 0.0 0.0 0.0 
25_3_034_8
0.0 0.0 0.0 1.0 2.0 3.0 7.0 9.0 0.0 0.0 1.0 0.0 4.0 9.0 5.0 1.0 4.0 6.0 0.0 0.0 8.0 16.0 2.0 0.0 0.0 0.0 0.0 0.0 0.0 12.0 29.0 7.0 7.0 1.0 0.0 0.0 1.0 1.0 0.0 13.0 1.0 0.0 0.0 6.0 11.0 1.0 0.0 0.0 13.0 10.0 12.0 30.0 3.0 0.0 0.0 0.0 0.0 1.0 0.0 0.0 0.0 0.0 -33.0 102.0 4.0 0.0 0.0 2.0 44.0 5.0 0.0 0.0 5.0 6.0 7.0 4.0 2.0 0.0 0.0 0.0 1.0 0.0 7.0 34.0 7.0 5.0 9.0 0.0 6.0 5.0 0.0 0.0 0.0 0.0 5.0 39.0 0.0 0.0 0.0 2.0 27.0 1.0 0.0 0.0 0.0 0.0 0.0 0.0 40.0 18.0 0.0 0.0 3.0 0.0 0.0 5.0 22.0 27.0 -1.0 3.0 9.0 10.0 0.0 0.0 4.0 30.0 0.0 -2.0 
25_3_034_9
0.0 0.0 1.0 48.0 3.0 0.0 1.0 2.0 0.0 0.0 4.0 93.0 14.0 0.0 21.0 19.0 1.0 0.0 0.0 0.0 0.0 0.0 10.0 39.0 7.0 0.0 0.0 0.0 0.0 0.0 10.0 20.0 0.0 0.0 8.0 57.0 1.0 0.0 1.0 3.0 5.0 0.0 11.0 102.0 5.0 0.0 3.0 22.0 16.0 24.0 3.0 0.0 0.0 0.0 0.0 15.0 32.0 61.0 0.0 0.0 0.0 0.0 0.0 9.0 0.0 0.0 26.0 72.0 6.0 0.0 0.0 1.0 9.0 0.0 12.0 58.0 11.0 2.0 4.0 9.0 0.0 8.0 14.0 6.0 2.0 28.0 7.0 0.0 5.0 2.0 0.0 0.0 2.0 32.0 16.0 3.0 2.0 0.0 0.0 28.0 19.0 0.0 0.0 0.0 0.0 0.0 0.0 43.0 47.0 4.0 3.0 0.0 8.0 0.0 0.0 0.0 0.0 0.0 11.0 19.0 0.0 0.0 0.0 0.0 8.0 12.0 8.0 4.0 
25_3_034_10
19.0 18.0 0.0 0.0 0.0 0.0 0.0 4.0 12.0 33.0 10.0 2.0 0.0 0.0 0.0 0.0 3.0 3.0 7.0 11.0 0.0 0.0 1.0 4.0 2.0 0.0 0.0 0.0 0.0 0.0 8.0 86.0 0.0 0.0 4.0 5.0 68.0 18.0 0.0 0.0 12.0 11.0 0.0 0.0 10.0 30.0 6.0 4.0 6.0 8.0 6.0 13.0 2.0 0.0 11.0 17.0 2.0 0.0 0.0 0.0 0.0 0.0 34.0 102.0 0.0 0.0 10.0 37.0 4.0 0.0 0.0 0.0 0.0 0.0 12.0 23.0 9.0 1.0 0.0 0.0 0.0 0.0 5.0 14.0 0.0 1.0 98.0 55.0 0.0 0.0 2.0 1.0 0.0 0.0 55.0 7.0 0.0 1.0 35.0 4.0 0.0 0.0 0.0 0.0 2.0 1.0 59.0 7.0 0.0 0.0 5.0 4.0 2.0 0.0 0.0 0.0 0.0 0.0 68.0 102.0 0.0 0.0 5.0 3.0 0.0 0.0 0.0 0.0 
25_3_034_11
0.0 0.0 17.0 55.0 2.0 0.0 0.0 0.0 0.0 0.0 0.0 2.0 5.0 4.0 0.0 0.0 0.0 0.0 26.0 74.0 4.0 0.0 0.0 0.0 0.0 0.0 0.0 2.0 0.0 6.0 31.0 0.0 0.0 0.0 16.0 77.0 0.0 0.0 0.0 0.0 0.0 0.0 0.0 16.0 3.0 1.0 0.0 0.0 0.0 0.0 20.0 93.0 0.0 0.0 0.0 3.0 0.0 0.0 0.0 0.0 0.0 0.0 15.0 16.0 0.0 0.0 4.0 91.0 11.0 0.0 0.0 0.0 0.0 0.0 1.0 23.0 2.0 0.0 0.0 0.0 5.0 0.0 6.0 102.0 11.0 0.0 0.0 2.0 26.0 0.0 0.0 0.0 0.0 0.0 0.0 9.0 0.0 0.0 1.0 45.0 27.0 0.0 0.0 0.0 0.0 9.0 1.0 2.0 0.0 0.0 0.0 0.0 0.0 0.0 0.0 72.0 41.0 0.0 0.0 0.0 20.0 7.0 2.0 1.0 0.0 0.0 0.0 0.0 
25_3_034_12
39.0 13.0 0.0 0.0 0.0 0.0 0.0 2.0 10.0 7.0 1.0 0.0 0.0 0.0 1.0 10.0 0.0 3.0 14.0 10.0 3.0 0.0 0.0 0.0 3.0 5.0 0.0 1.0 4.0 3.0 4.0 10.0 0.0 0.0 0.0 0.0 16.0 71.0 13.0 0.0 0.0 0.0 25.0 18.0 3.0 13.0 18.0 5.0 4.0 9.0 18.0 0.0 0.0 0.0 7.0 7.0 1.0 0.0 3.0 1.0 0.0 0.0 19.0 18.0 1.0 1.0 0.0 0.0 3.0 2.0 0.0 0.0 0.0 0.0 2.0 102.0 18.0 0.0 0.0 0.0 30.0 11.0 3.0 0.0 0.0 0.0 0.0 12.0 20.0 11.0 8.0 0.0 0.0 0.0 0.0 1.0 0.0 5.0 5.0 3.0 0.0 0.0 0.0 0.0 0.0 0.0 15.0 28.0 18.0 0.0 0.0 0.0 4.0 2.0 0.0 15.0 38.0 5.0 0.0 1.0 15.0 7.0 1.0 0.0 0.0 2.0 1.0 4.0 
25_3_034_13
10.0 8.0 2.0 0.0 0.0 1.0 0.0 4.0 4.0 7.0 21.0 41.0 8.0 3.0 1.0 1.0 12.0 15.0 13.0 23.0 0.0 0.0 0.0 3.0 0.0 0.0 0.0 0.0 13.0 19.0 7.0 4.0 6.0 9.0 20.0 9.0 6.0 1.0 4.0 3.0 13.0 13.0 3.0 3.0 10.0 1.0 5.0 15.0 22.0 0.0 7.0 102.0 21.0 0.0 0.0 54.0 25.0 3.0 0.0 0.0 0.0 2.0 4.0 24.0 3.0 33.0 31.0 1.0 4.0 5.0 2.0 0.0 28.0 8.0 9.0 8.0 12.0 6.0 41.0 18.0 10.0 0.0 11.0 94.0 23.0 1.0 4.0 23.0 32.0 14.0 0.0 0.0 0.0 0.0 3.0 3.0 1.0 1.0 1.0 0.0 0.0 34.0 31.0 8.0 0.0 17.0 33.0 13.0 17.0 5.0 27.0 0.0 0.0 8.0 26.0 20.0 33.0 9.0 4.0 0.0 0.0 4.0 36.0 5.0 1.0 4.0 1.0 0.0 
25_3_034_14
11.0 8.0 3.0 0.0 0.0 0.0 2.0 10.0 16.0 15.0 20.0 7.0 1.0 2.0 1.0 1.0 8.0 13.0 28.0 36.0 2.0 0.0 0.0 1.0 1.0 0.0 0.0 5.0 32.0 17.0 2.0 2.0 12.0 26.0 18.0 14.0 4.0 2.0 3.0 1.0 17.0 7.0 7.0 6.0 4.0 2.0 6.0 18.0 9.0 3.0 19.0 102.0 6.0 0.0 0.0 47.0 6.0 0.0 0.0 0.0 0.0 0.0 17.0 32.0 2.0 16.0 11.0 1.0 4.0 36.0 18.0 0.0 21.0 8.0 9.0 18.0 13.0 15.0 35.0 11.0 7.0 0.0 33.0 83.0 6.0 0.0 4.0 46.0 43.0 10.0 0.0 0.0 0.0 0.0 0.0 12.0 4.0 18.0 6.0 0.0 0.0 18.0 20.0 5.0 0.0 27.0 41.0 28.0 12.0 3.0 2.0 0.0 1.0 7.0 9.0 15.0 22.0 15.0 5.0 0.0 2.0 12.0 25.0 1.0 0.0 1.0 1.0 0.0 
25_3_034_15
0.0 0.0 0.0 0.0 47.0 102.0 0.0 0.0 0.0 0.0 0.0 0.0 40.0 67.0 19.0 7.0 0.0 0.0 0.0 0.0 0.0 0.0 44.0 37.0 2.0 8.0 6.0 1.0 0.0 0.0 0.0 0.0 0.0 0.0 3.0 0.0 9.0 9.0 0.0 0.0 0.0 0.0 6.0 62.0 62.0 27.0 0.0 0.0 0.0 0.0 0.0 9.0 4.0 13.0 13.0 1.0 0.0 0.0 0.0 3.0 12.0 27.0 2.0 0.0 0.0 0.0 9.0 2.0 0.0 0.0 0.0 0.0 0.0 0.0 43.0 69.0 0.0 0.0 0.0 0.0 2.0 0.0 0.0 0.0 1.0 1.0 11.0 17.0 0.0 0.0 4.0 10.0 8.0 2.0 0.0 0.0 0.0 0.0 13.0 19.0 0.0 0.0 0.0 0.0 0.0 0.0 20.0 23.0 0.0 0.0 0.0 0.0 1.0 0.0 0.0 0.0 0.0 0.0 3.0 12.0 0.0 3.0 7.0 3.0 1.0 0.0 0.0 0.0 
25_3_034_16
0.0 0.0 0.0 0.0 30.0 84.0 0.0 0.0 0.0 0.0 0.0 0.0 53.0 102.0 0.0 0.0 0.0 0.0 0.0 0.0 16.0 36.0 35.0 15.0 0.0 0.0 1.0 3.0 2.0 0.0 4.0 2.0 0.0 0.0 4.0 0.0 0.0 0.0 0.0 0.0 0.0 0.0 4.0 6.0 5.0 1.0 0.0 0.0 0.0 0.0 4.0 58.0 14.0 0.0 3.0 1.0 0.0 0.0 0.0 0.0 4.0 13.0 9.0 4.0 0.0 1.0 4.0 0.0 0.0 0.0 0.0 0.0 0.0 0.0 27.0 14.0 0.0 0.0 0.0 0.0 0.0 0.0 16.0 32.0 0.0 0.0 3.0 4.0 1.0 0.0 1.0 0.0 0.0 0.0 1.0 9.0 0.0 1.0 2.0 0.0 0.0 0.0 0.0 0.0 0.0 0.0 14.0 36.0 0.0 0.0 0.0 0.0 1.0 0.0 3.0 5.0 0.0 0.0 0.0 4.0 3.0 0.0 2.0 1.0 1.0 0.0 0.0 3.0 
25_3_034_17
0.0 0.0 0.0 0.0 0.0 0.0 1.0 3.0 0.0 0.0 1.0 90.0 9.0 0.0 0.0 0.0 0.0 0.0 0.0 7.0 6.0 0.0 10.0 20.0 1.0 0.0 0.0 0.0 0.0 0.0 1.0 14.0 0.0 0.0 0.0 0.0 0.0 0.0 1.0 5.0 0.0 0.0 11.0 102.0 2.0 0.0 0.0 0.0 2.0 0.0 1.0 9.0 1.0 0.0 1.0 23.0 7.0 4.0 0.0 0.0 0.0 0.0 0.0 5.0 0.0 0.0 0.0 1.0 0.0 0.0 0.0 3.0 0.0 0.0 35.0 87.0 0.0 0.0 0.0 0.0 12.0 0.0 0.0 7.0 1.0 0.0 0.0 12.0 0.0 5.0 15.0 4.0 3.0 4.0 0.0 0.0 1.0 0.0 0.0 1.0 0.0 0.0 0.0 1.0 0.0 0.0 0.0 46.0 37.0 0.0 0.0 0.0 0.0 0.0 0.0 1.0 8.0 4.0 4.0 4.0 0.0 0.0 0.0 0.0 0.0 9.0 7.0 3.0 
25_3_034_18
0.0 28.0 35.0 0.0 0.0 0.0 1.0 0.0 5.0 5.0 11.0 7.0 3.0 9.0 5.0 -2.0 0.0 0.0 10.0 5.0 17.0 19.0 1.0 2.0 4.0 0.0 0.0 0.0 0.0 28.0 15.0 4.0 0.0 0.0 0.0 0.0 0.0 33.0 39.0 0.0 0.0 0.0 0.0 0.0 25.0 40.0 8.0 0.0 19.0 4.0 15.0 73.0 11.0 0.0 0.0 -6.0 15.0 0.0 0.0 0.0 0.0 1.0 -6.0 81.0 0.0 2.0 5.0 1.0 0.0 32.0 27.0 0.0 0.0 1.0 13.0 31.0 19.0 1.0 0.0 0.0 0.0 0.0 3.0 89.0 36.0 6.0 0.0 0.0 0.0 0.0 0.0 3.0 5.0 2.0 30.0 102.0 2.0 28.0 44.0 1.0 0.0 0.0 0.0 1.0 1.0 26.0 21.0 3.0 3.0 1.0 1.0 0.0 3.0 0.0 30.0 19.0 5.0 6.0 27.0 1.0 0.0 0.0 0.0 0.0 2.0 3.0 99.0 41.0 
25_3_034_19
6.0 0.0 0.0 0.0 0.0 0.0 4.0 19.0 0.0 0.0 0.0 37.0 21.0 2.0 0.0 0.0 0.0 0.0 0.0 39.0 90.0 4.0 0.0 0.0 0.0 0.0 0.0 30.0 36.0 0.0 0.0 0.0 31.0 6.0 0.0 0.0 0.0 0.0 0.0 10.0 7.0 21.0 16.0 17.0 0.0 0.0 0.0 0.0 0.0 8.0 28.0 78.0 0.0 0.0 0.0 0.0 0.0 0.0 32.0 80.0 5.0 0.0 0.0 0.0 6.0 0.0 1.0 0.0 1.0 6.0 7.0 7.0 3.0 9.0 50.0 6.0 0.0 0.0 0.0 0.0 0.0 0.0 102.0 62.0 0.0 0.0 0.0 0.0 0.0 0.0 34.0 13.0 0.0 0.0 0.0 0.0 0.0 3.0 26.0 6.0 0.0 2.0 0.0 0.0 0.0 5.0 46.0 16.0 0.0 0.0 0.0 0.0 0.0 0.0 79.0 53.0 0.0 0.0 0.0 0.0 0.0 0.0 2.0 1.0 0.0 0.0 2.0 2.0 
25_3_034_20
0.0 0.0 0.0 0.0 27.0 28.0 3.0 0.0 0.0 0.0 0.0 0.0 71.0 31.0 0.0 0.0 0.0 0.0 0.0 13.0 84.0 17.0 0.0 0.0 0.0 0.0 0.0 6.0 6.0 0.0 0.0 0.0 12.0 7.0 0.0 0.0 3.0 1.0 0.0 4.0 0.0 0.0 7.0 32.0 37.0 0.0 0.0 0.0 0.0 1.0 10.0 84.0 24.0 0.0 0.0 0.0 0.0 0.0 1.0 46.0 3.0 0.0 0.0 0.0 16.0 19.0 1.0 0.0 0.0 0.0 0.0 0.0 1.0 14.0 14.0 8.0 0.0 0.0 0.0 0.0 0.0 0.0 8.0 102.0 10.0 0.0 0.0 0.0 0.0 0.0 2.0 50.0 3.0 0.0 0.0 0.0 4.0 0.0 0.0 0.0 9.0 9.0 5.0 5.0 0.0 0.0 7.0 21.0 1.0 1.0 3.0 0.0 0.0 0.0 12.0 52.0 7.0 0.0 0.0 0.0 0.0 0.0 4.0 45.0 1.0 0.0 0.0 0.0 
25_3_034_21
1.0 1.0 1.0 0.0 0.0 3.0 25.0 6.0 1.0 12.0 28.0 26.0 22.0 2.0 0.0 0.0 3.0 3.0 0.0 1.0 76.0 39.0 2.0 4.0 14.0 11.0 0.0 7.0 92.0 13.0 0.0 0.0 8.0 32.0 18.0 3.0 0.0 0.0 0.0 0.0 4.0 4.0 17.0 16.0 17.0 16.0 2.0 5.0 27.0 53.0 11.0 38.0 13.0 0.0 0.0 0.0 8.0 3.0 8.0 8.0 34.0 30.0 13.0 20.0 44.0 32.0 3.0 0.0 0.0 0.0 12.0 50.0 3.0 6.0 52.0 17.0 0.0 0.0 10.0 15.0 0.0 1.0 45.0 45.0 5.0 2.0 11.0 8.0 4.0 0.0 1.0 0.0 0.0 3.0 34.0 102.0 0.0 0.0 0.0 7.0 8.0 60.0 76.0 10.0 7.0 12.0 88.0 85.0 1.0 0.0 0.0 0.0 25.0 3.0 0.0 0.0 0.0 0.0 26.0 48.0 16.0 9.0 7.0 2.0 0.0 0.0 5.0 30.0 
25_3_034_22
1.0 0.0 0.0 0.0 0.0 0.0 0.0 0.0 0.0 0.0 0.0 88.0 9.0 0.0 0.0 0.0 0.0 0.0 0.0 16.0 3.0 0.0 0.0 0.0 0.0 0.0 0.0 0.0 0.0 0.0 0.0 0.0 1.0 4.0 0.0 0.0 0.0 0.0 0.0 0.0 0.0 0.0 14.0 102.0 0.0 0.0 0.0 0.0 0.0 0.0 0.0 20.0 6.0 7.0 0.0 0.0 0.0 0.0 0.0 0.0 1.0 10.0 0.0 0.0 0.0 32.0 8.0 0.0 0.0 0.0 0.0 0.0 0.0 10.0 16.0 18.0 10.0 2.0 0.0 0.0 0.0 0.0 0.0 0.0 14.0 49.0 1.0 0.0 0.0 0.0 0.0 0.0 6.0 42.0 1.0 0.0 0.0 0.0 0.0 0.0 0.0 8.0 1.0 0.0 0.0 0.0 1.0 7.0 5.0 3.0 0.0 0.0 1.0 2.0 1.0 0.0 1.0 0.0 0.0 0.0 0.0 0.0 0.0 0.0 0.0 2.0 2.0 2.0 
25_3_034_23
0.0 0.0 0.0 0.0 0.0 0.0 0.0 0.0 0.0 0.0 27.0 30.0 2.0 0.0 0.0 0.0 0.0 12.0 16.0 1.0 0.0 0.0 0.0 1.0 6.0 15.0 8.0 3.0 0.0 0.0 0.0 0.0 0.0 0.0 0.0 0.0 0.0 0.0 0.0 1.0 0.0 0.0 1.0 91.0 14.0 0.0 0.0 0.0 0.0 0.0 3.0 0.0 0.0 2.0 21.0 15.0 0.0 0.0 0.0 8.0 32.0 11.0 0.0 0.0 2.0 0.0 0.0 0.0 0.0 0.0 0.0 1.0 0.0 0.0 12.0 102.0 0.0 0.0 0.0 0.0 3.0 0.0 0.0 0.0 0.0 0.0 2.0 44.0 0.0 0.0 0.0 0.0 0.0 4.0 7.0 7.0 0.0 0.0 0.0 0.0 0.0 0.0 0.0 0.0 0.0 0.0 15.0 86.0 0.0 0.0 0.0 0.0 10.0 0.0 0.0 0.0 0.0 0.0 0.0 41.0 1.0 0.0 0.0 0.0 0.0 0.0 2.0 13.0 
25_3_034_24
0.0 0.0 0.0 1.0 6.0 4.0 2.0 1.0 0.0 0.0 0.0 12.0 5.0 0.0 0.0 0.0 8.0 0.0 0.0 8.0 2.0 0.0 -9.0 86.0 1.0 0.0 0.0 1.0 0.0 0.0 -1.0 13.0 0.0 0.0 0.0 10.0 8.0 0.0 0.0 0.0 0.0 0.0 0.0 13.0 2.0 0.0 0.0 0.0 33.0 0.0 3.0 33.0 0.0 0.0 0.0 40.0 16.0 0.0 0.0 1.0 0.0 0.0 -4.0 49.0 0.0 0.0 1.0 17.0 3.0 0.0 0.0 0.0 0.0 0.0 5.0 17.0 0.0 0.0 0.0 0.0 0.0 0.0 9.0 42.0 0.0 0.0 -3.0 48.0 0.0 0.0 0.0 0.0 0.0 0.0 -6.0 102.0 0.0 0.0 4.0 10.0 0.0 0.0 0.0 0.0 0.0 0.0 6.0 20.0 0.0 0.0 0.0 0.0 0.0 0.0 6.0 25.0 0.0 0.0 20.0 32.0 0.0 0.0 0.0 0.0 0.0 0.0 13.0 49.0 
25_3_034_25
0.0 13.0 16.0 11.0 5.0 0.0 0.0 0.0 9.0 11.0 1.0 0.0 0.0 0.0 2.0 14.0 4.0 6.0 23.0 23.0 2.0 0.0 0.0 0.0 0.0 0.0 4.0 12.0 7.0 2.0 2.0 1.0 19.0 74.0 4.0 0.0 0.0 0.0 9.0 5.0 30.0 6.0 0.0 0.0 0.0 0.0 15.0 78.0 0.0 0.0 40.0 75.0 11.0 0.0 0.0 0.0 28.0 13.0 6.0 0.0 0.0 0.0 8.0 14.0 1.0 0.0 0.0 0.0 0.0 60.0 81.0 20.0 0.0 0.0 0.0 0.0 6.0 39.0 102.0 22.0 0.0 0.0 12.0 100.0 89.0 1.0 0.0 0.0 29.0 3.0 0.0 4.0 9.0 3.0 4.0 9.0 6.0 5.0 0.0 0.0 0.0 44.0 18.0 2.0 1.0 7.0 1.0 0.0 2.0 13.0 6.0 0.0 0.0 1.0 0.0 35.0 83.0 1.0 0.0 0.0 4.0 12.0 2.0 15.0 84.0 35.0 0.0 0.0 
25_3_034_26
0.0 0.0 0.0 0.0 0.0 0.0 0.0 5.0 0.0 0.0 8.0 85.0 4.0 0.0 0.0 0.0 -2.0 1.0 10.0 29.0 15.0 0.0 0.0 0.0 0.0 0.0 0.0 0.0 1.0 2.0 10.0 11.0 0.0 0.0 0.0 0.0 0.0 0.0 -4.0 12.0 0.0 1.0 18.0 100.0 2.0 0.0 0.0 0.0 0.0 0.0 3.0 28.0 9.0 6.0 1.0 0.0 0.0 0.0 0.0 0.0 0.0 3.0 9.0 9.0 2.0 0.0 0.0 0.0 0.0 0.0 -1.0 5.0 -1.0 2.0 6.0 102.0 6.0 0.0 0.0 0.0 0.0 0.0 5.0 26.0 7.0 0.0 1.0 1.0 0.0 2.0 0.0 0.0 0.0 0.0 -2.0 26.0 1.0 0.0 0.0 0.0 0.0 0.0 -1.0 2.0 0.0 0.0 0.0 34.0 28.0 0.0 0.0 0.0 0.0 0.0 0.0 41.0 17.0 0.0 0.0 0.0 0.0 0.0 0.0 0.0 0.0 0.0 -1.0 19.0 
25_3_034_27
3.0 0.0 3.0 14.0 71.0 10.0 0.0 1.0 13.0 1.0 0.0 0.0 4.0 18.0 19.0 14.0 0.0 0.0 5.0 36.0 9.0 1.0 11.0 0.0 0.0 0.0 12.0 13.0 3.0 0.0 0.0 0.0 0.0 0.0 0.0 0.0 28.0 45.0 7.0 6.0 0.0 0.0 10.0 32.0 34.0 21.0 3.0 0.0 0.0 7.0 27.0 28.0 5.0 0.0 0.0 0.0 0.0 0.0 26.0 60.0 5.0 0.0 0.0 0.0 0.0 0.0 26.0 13.0 1.0 0.0 6.0 15.0 0.0 0.0 36.0 85.0 0.0 0.0 0.0 0.0 0.0 0.0 10.0 14.0 1.0 0.0 1.0 0.0 0.0 0.0 10.0 90.0 44.0 21.0 0.0 0.0 2.0 4.0 22.0 28.0 0.0 0.0 0.0 0.0 0.0 0.0 22.0 40.0 0.0 0.0 0.0 0.0 0.0 1.0 3.0 2.0 0.0 0.0 13.0 13.0 0.0 0.0 0.0 0.0 6.0 69.0 102.0 24.0 
25_3_034_28
7.0 0.0 0.0 0.0 0.0 1.0 3.0 17.0 0.0 0.0 2.0 36.0 15.0 0.0 0.0 0.0 0.0 0.0 0.0 52.0 23.0 6.0 3.0 4.0 0.0 0.0 0.0 57.0 64.0 0.0 0.0 0.0 30.0 12.0 1.0 0.0 0.0 0.0 0.0 4.0 1.0 13.0 23.0 15.0 1.0 0.0 0.0 0.0 17.0 3.0 15.0 89.0 1.0 0.0 0.0 1.0 0.0 8.0 30.0 102.0 4.0 0.0 0.0 0.0 5.0 2.0 0.0 0.0 1.0 3.0 1.0 1.0 6.0 11.0 52.0 2.0 0.0 0.0 0.0 0.0 0.0 0.0 83.0 50.0 0.0 0.0 0.0 0.0 0.0 1.0 64.0 24.0 0.0 0.0 0.0 0.0 0.0 5.0 27.0 4.0 0.0 0.0 0.0 0.0 0.0 1.0 28.0 23.0 1.0 0.0 0.0 0.0 0.0 0.0 73.0 57.0 0.0 0.0 0.0 0.0 1.0 2.0 12.0 3.0 0.0 0.0 0.0 0.0 
25_3_034_29
0.0 0.0 0.0 12.0 8.0 0.0 0.0 0.0 0.0 0.0 0.0 14.0 8.0 0.0 0.0 0.0 0.0 0.0 0.0 46.0 11.0 0.0 -20.0 84.0 0.0 0.0 0.0 0.0 0.0 0.0 -16.0 85.0 0.0 0.0 5.0 23.0 5.0 0.0 0.0 0.0 0.0 0.0 7.0 18.0 1.0 0.0 0.0 0.0 0.0 0.0 13.0 79.0 0.0 0.0 3.0 53.0 0.0 0.0 0.0 0.0 0.0 0.0 6.0 102.0 -1.0 1.0 12.0 15.0 0.0 0.0 0.0 0.0 0.0 0.0 5.0 24.0 0.0 0.0 0.0 0.0 0.0 0.0 3.0 61.0 3.0 0.0 46.0 62.0 0.0 0.0 0.0 0.0 0.0 0.0 19.0 37.0 28.0 9.0 5.0 1.0 0.0 0.0 0.0 -12.0 0.0 2.0 9.0 22.0 0.0 0.0 0.0 0.0 0.0 0.0 2.0 16.0 0.0 0.0 35.0 68.0 0.0 0.0 0.0 1.0 1.0 0.0 3.0 7.0 
25_3_034_30
67.0 1.0 2.0 14.0 30.0 0.0 0.0 8.0 14.0 12.0 8.0 3.0 0.0 0.0 2.0 2.0 0.0 9.0 12.0 13.0 0.0 3.0 1.0 0.0 0.0 0.0 10.0 65.0 19.0 0.0 0.0 0.0 0.0 0.0 0.0 15.0 90.0 28.0 1.0 2.0 6.0 0.0 0.0 0.0 3.0 24.0 50.0 19.0 0.0 0.0 27.0 68.0 7.0 3.0 0.0 0.0 0.0 1.0 22.0 28.0 9.0 0.0 0.0 0.0 0.0 0.0 4.0 33.0 52.0 24.0 0.0 0.0 0.0 18.0 30.0 33.0 8.0 4.0 1.0 1.0 0.0 0.0 31.0 60.0 6.0 0.0 0.0 0.0 0.0 0.0 99.0 56.0 0.0 0.0 0.0 0.0 0.0 0.0 67.0 26.0 0.0 0.0 0.0 0.0 0.0 1.0 20.0 28.0 1.0 0.0 1.0 0.0 0.0 0.0 16.0 46.0 6.0 0.0 0.0 0.0 0.0 0.0 64.0 102.0 25.0 0.0 0.0 0.0 
25_3_034_31
1.0 0.0 0.0 0.0 0.0 0.0 0.0 0.0 0.0 0.0 9.0 29.0 0.0 0.0 0.0 0.0 0.0 1.0 6.0 4.0 1.0 0.0 0.0 0.0 0.0 0.0 0.0 0.0 0.0 0.0 1.0 5.0 2.0 0.0 0.0 0.0 0.0 0.0 0.0 0.0 0.0 0.0 1.0 40.0 8.0 0.0 0.0 0.0 0.0 0.0 6.0 5.0 0.0 0.0 0.0 0.0 0.0 0.0 0.0 0.0 0.0 0.0 4.0 8.0 17.0 3.0 0.0 0.0 0.0 0.0 0.0 -6.0 -2.0 6.0 24.0 31.0 0.0 0.0 0.0 0.0 0.0 0.0 0.0 1.0 0.0 1.0 0.0 1.0 0.0 0.0 0.0 0.0 0.0 0.0 0.0 9.0 102.0 6.0 0.0 0.0 0.0 0.0 0.0 -40.0 8.0 23.0 2.0 0.0 0.0 0.0 -3.0 8.0 0.0 0.0 0.0 0.0 0.0 0.0 1.0 2.0 0.0 0.0 0.0 0.0 0.0 0.0 0.0 9.0 
25_3_034_32
8.0 6.0 1.0 0.0 0.0 4.0 12.0 18.0 4.0 5.0 1.0 0.0 0.0 0.0 7.0 30.0 9.0 8.0 0.0 0.0 0.0 1.0 4.0 12.0 2.0 1.0 10.0 7.0 25.0 17.0 2.0 3.0 0.0 7.0 3.0 3.0 6.0 22.0 11.0 2.0 3.0 27.0 16.0 14.0 19.0 13.0 4.0 2.0 52.0 28.0 0.0 0.0 0.0 0.0 1.0 29.0 4.0 14.0 91.0 5.0 0.0 0.0 0.0 0.0 62.0 26.0 0.0 0.0 0.0 0.0 3.0 20.0 5.0 32.0 77.0 43.0 1.0 0.0 5.0 15.0 4.0 5.0 0.0 0.0 0.0 15.0 44.0 19.0 0.0 0.0 55.0 60.0 11.0 14.0 2.0 0.0 2.0 12.0 18.0 8.0 3.0 0.0 0.0 0.0 21.0 16.0 9.0 3.0 4.0 13.0 28.0 53.0 38.0 6.0 1.0 0.0 0.0 0.0 1.0 21.0 0.0 0.0 89.0 102.0 0.0 0.0 0.0 0.0 
25_3_034_33
0.0 0.0 1.0 17.0 11.0 0.0 0.0 0.0 0.0 0.0 0.0 69.0 20.0 5.0 0.0 0.0 0.0 0.0 0.0 55.0 69.0 8.0 13.0 7.0 0.0 0.0 0.0 15.0 12.0 1.0 0.0 0.0 0.0 8.0 24.0 4.0 1.0 0.0 0.0 0.0 0.0 1.0 21.0 93.0 3.0 0.0 0.0 0.0 49.0 0.0 17.0 102.0 7.0 0.0 0.0 18.0 0.0 0.0 2.0 57.0 6.0 0.0 0.0 0.0 7.0 11.0 12.0 0.0 0.0 1.0 1.0 2.0 0.0 0.0 56.0 80.0 2.0 0.0 0.0 0.0 8.0 7.0 86.0 35.0 1.0 0.0 0.0 1.0 0.0 1.0 15.0 12.0 0.0 0.0 0.0 0.0 0.0 3.0 42.0 6.0 0.0 0.0 0.0 0.0 0.0 0.0 58.0 26.0 0.0 0.0 0.0 0.0 0.0 2.0 74.0 16.0 0.0 0.0 0.0 0.0 0.0 0.0 1.0 0.0 0.0 0.0 1.0 1.0 
25_3_034_34
0.0 0.0 0.0 0.0 0.0 3.0 48.0 6.0 0.0 1.0 0.0 0.0 4.0 2.0 29.0 14.0 2.0 0.0 7.0 29.0 19.0 0.0 -1.0 5.0 18.0 0.0 5.0 20.0 6.0 0.0 0.0 -8.0 2.0 0.0 0.0 0.0 0.0 3.0 31.0 25.0 -1.0 5.0 69.0 17.0 1.0 6.0 5.0 1.0 10.0 27.0 62.0 9.0 0.0 0.0 -1.0 -1.0 13.0 18.0 6.0 1.0 4.0 8.0 0.0 -8.0 92.0 0.0 0.0 0.0 0.0 0.0 -7.0 -3.0 30.0 5.0 32.0 82.0 1.0 0.0 0.0 -13.0 7.0 0.0 8.0 9.0 1.0 0.0 0.0 44.0 0.0 0.0 0.0 0.0 0.0 30.0 18.0 4.0 2.0 0.0 0.0 0.0 0.0 5.0 -28.0 102.0 2.0 2.0 0.0 4.0 15.0 31.0 1.0 -1.0 0.0 0.0 0.0 1.0 35.0 18.0 14.0 41.0 4.0 0.0 3.0 7.0 8.0 9.0 2.0 21.0 
25_3_034_35
0.0 0.0 0.0 0.0 9.0 15.0 6.0 18.0 3.0 6.0 2.0 11.0 27.0 10.0 0.0 -1.0 -10.0 21.0 23.0 16.0 1.0 2.0 1.0 0.0 0.0 0.0 0.0 1.0 3.0 8.0 28.0 9.0 1.0 0.0 0.0 0.0 0.0 0.0 -4.0 67.0 0.0 0.0 19.0 97.0 4.0 1.0 2.0 1.0 7.0 20.0 14.0 7.0 0.0 1.0 0.0 0.0 0.0 0.0 0.0 0.0 0.0 5.0 34.0 26.0 4.0 0.0 0.0 0.0 0.0 0.0 -3.0 68.0 -5.0 19.0 5.0 49.0 43.0 0.0 0.0 0.0 17.0 4.0 7.0 19.0 66.0 18.0 1.0 -7.0 28.0 0.0 0.0 0.0 0.0 8.0 -18.0 102.0 29.0 24.0 0.0 0.0 0.0 0.0 -15.0 26.0 -12.0 93.0 0.0 0.0 0.0 0.0 -1.0 0.0 -1.0 4.0 7.0 2.0 0.0 10.0 31.0 1.0 0.0 0.0 0.0 2.0 11.0 21.0 5.0 0.0 
25_3_034_36
0.0 0.0 0.0 1.0 7.0 8.0 1.0 0.0 0.0 0.0 3.0 22.0 15.0 4.0 0.0 0.0 28.0 1.0 8.0 15.0 0.0 0.0 -7.0 8.0 3.0 0.0 0.0 0.0 0.0 1.0 -3.0 38.0 0.0 0.0 0.0 6.0 5.0 4.0 1.0 1.0 0.0 0.0 13.0 74.0 1.0 0.0 0.0 0.0 0.0 0.0 0.0 10.0 30.0 5.0 3.0 8.0 0.0 0.0 0.0 0.0 0.0 0.0 -2.0 90.0 4.0 1.0 3.0 8.0 1.0 0.0 0.0 5.0 0.0 0.0 9.0 38.0 35.0 0.0 0.0 0.0 0.0 0.0 4.0 28.0 13.0 7.0 8.0 11.0 0.0 0.0 0.0 11.0 2.0 0.0 3.0 102.0 27.0 1.0 3.0 0.0 0.0 0.0 0.0 -9.0 0.0 2.0 35.0 19.0 0.0 0.0 0.0 0.0 2.0 4.0 2.0 3.0 3.0 2.0 6.0 17.0 0.0 0.0 0.0 0.0 0.0 8.0 61.0 29.0 
25_3_034_37
0.0 0.0 0.0 0.0 0.0 0.0 9.0 94.0 1.0 0.0 0.0 0.0 0.0 0.0 5.0 47.0 7.0 6.0 0.0 0.0 0.0 0.0 0.0 3.0 1.0 11.0 3.0 0.0 0.0 0.0 0.0 0.0 0.0 0.0 0.0 0.0 0.0 3.0 50.0 99.0 0.0 0.0 0.0 0.0 0.0 2.0 38.0 20.0 0.0 1.0 8.0 7.0 6.0 2.0 0.0 0.0 2.0 18.0 32.0 2.0 0.0 0.0 0.0 0.0 0.0 0.0 0.0 9.0 58.0 69.0 45.0 16.0 5.0 1.0 0.0 0.0 0.0 0.0 7.0 9.0 0.0 0.0 8.0 16.0 10.0 12.0 1.0 0.0 0.0 0.0 0.0 3.0 8.0 43.0 9.0 1.0 0.0 0.0 1.0 102.0 5.0 0.0 0.0 0.0 0.0 0.0 1.0 0.0 0.0 0.0 15.0 21.0 0.0 0.0 0.0 0.0 9.0 36.0 11.0 5.0 0.0 0.0 0.0 2.0 9.0 22.0 0.0 0.0 
25_3_034_38
0.0 0.0 7.0 10.0 2.0 0.0 0.0 0.0 0.0 0.0 0.0 11.0 15.0 0.0 0.0 0.0 8.0 11.0 6.0 3.0 0.0 0.0 0.0 7.0 30.0 0.0 0.0 0.0 0.0 0.0 0.0 70.0 2.0 15.0 15.0 7.0 0.0 0.0 0.0 0.0 3.0 12.0 5.0 15.0 0.0 0.0 0.0 0.0 15.0 9.0 6.0 16.0 0.0 0.0 0.0 6.0 39.0 4.0 4.0 0.0 0.0 0.0 1.0 29.0 10.0 34.0 2.0 0.0 0.0 0.0 4.0 8.0 6.0 1.0 3.0 0.0 5.0 4.0 14.0 7.0 9.0 0.0 8.0 35.0 16.0 0.0 0.0 7.0 9.0 1.0 0.0 0.0 0.0 2.0 40.0 42.0 0.0 0.0 0.0 0.0 3.0 23.0 25.0 0.0 0.0 0.0 0.0 3.0 3.0 2.0 9.0 4.0 0.0 0.0 0.0 36.0 18.0 0.0 0.0 0.0 10.0 0.0 0.0 0.0 0.0 0.0 28.0 102.0 
25_3_034_39
0.0 0.0 0.0 0.0 1.0 20.0 8.0 0.0 0.0 0.0 0.0 0.0 5.0 40.0 20.0 3.0 0.0 0.0 7.0 68.0 22.0 11.0 0.0 0.0 10.0 22.0 10.0 5.0 1.0 0.0 0.0 0.0 4.0 1.0 5.0 2.0 0.0 0.0 0.0 1.0 29.0 20.0 10.0 0.0 0.0 0.0 0.0 3.0 0.0 0.0 13.0 90.0 6.0 2.0 0.0 0.0 9.0 9.0 10.0 72.0 23.0 1.0 0.0 0.0 7.0 6.0 20.0 3.0 1.0 0.0 0.0 0.0 17.0 49.0 13.0 8.0 3.0 0.0 0.0 0.0 2.0 8.0 17.0 7.0 0.0 1.0 22.0 15.0 0.0 0.0 0.0 80.0 102.0 8.0 2.0 2.0 4.0 0.0 0.0 0.0 0.0 6.0 11.0 12.0 1.0 1.0 6.0 43.0 39.0 8.0 0.0 3.0 28.0 10.0 0.0 0.0 0.0 0.0 3.0 26.0 12.0 8.0 4.0 37.0 15.0 0.0 0.0 1.0 
25_3_034_40
0.0 4.0 4.0 3.0 0.0 0.0 0.0 0.0 0.0 12.0 14.0 8.0 0.0 0.0 0.0 0.0 30.0 2.0 0.0 0.0 0.0 0.0 -16.0 27.0 11.0 0.0 0.0 0.0 0.0 0.0 -24.0 61.0 0.0 0.0 0.0 3.0 5.0 5.0 7.0 0.0 0.0 0.0 9.0 47.0 12.0 0.0 0.0 0.0 6.0 8.0 13.0 0.0 0.0 0.0 -9.0 21.0 9.0 2.0 0.0 0.0 0.0 0.0 -24.0 102.0 4.0 0.0 2.0 2.0 3.0 1.0 7.0 1.0 0.0 0.0 12.0 49.0 24.0 0.0 0.0 0.0 0.0 0.0 20.0 12.0 4.0 2.0 0.0 4.0 0.0 0.0 0.0 0.0 0.0 0.0 3.0 83.0 4.0 8.0 4.0 1.0 0.0 0.0 0.0 -1.0 0.0 0.0 8.0 22.0 10.0 0.0 0.0 0.0 0.0 0.0 0.0 7.0 9.0 11.0 29.0 1.0 0.0 0.0 0.0 0.0 0.0 1.0 15.0 15.0 
25_3_034_41
0.0 0.0 6.0 9.0 0.0 1.0 0.0 0.0 0.0 2.0 11.0 9.0 3.0 0.0 0.0 0.0 10.0 20.0 7.0 0.0 0.0 0.0 -4.0 12.0 8.0 2.0 0.0 0.0 0.0 0.0 -12.0 55.0 0.0 0.0 0.0 4.0 3.0 11.0 10.0 0.0 0.0 0.0 28.0 58.0 5.0 0.0 0.0 0.0 1.0 9.0 9.0 0.0 0.0 0.0 -12.0 38.0 4.0 7.0 0.0 0.0 0.0 0.0 -24.0 102.0 5.0 11.0 21.0 5.0 0.0 0.0 -2.0 9.0 0.0 2.0 44.0 40.0 9.0 0.0 0.0 0.0 0.0 9.0 26.0 1.0 1.0 2.0 9.0 8.0 0.0 0.0 0.0 0.0 0.0 0.0 41.0 76.0 0.0 1.0 4.0 11.0 0.0 0.0 0.0 0.0 0.0 0.0 6.0 28.0 12.0 11.0 2.0 0.0 0.0 0.0 3.0 0.0 0.0 25.0 46.0 6.0 6.0 0.0 0.0 0.0 0.0 0.0 7.0 27.0 
25_3_034_42
0.0 0.0 0.0 14.0 16.0 3.0 0.0 0.0 0.0 0.0 0.0 5.0 29.0 14.0 9.0 2.0 12.0 0.0 7.0 58.0 50.0 0.0 0.0 -4.0 11.0 2.0 12.0 18.0 0.0 0.0 -14.0 36.0 0.0 0.0 0.0 8.0 20.0 0.0 2.0 1.0 0.0 0.0 0.0 1.0 12.0 8.0 28.0 20.0 0.0 0.0 2.0 83.0 102.0 5.0 0.0 0.0 0.0 0.0 8.0 59.0 17.0 4.0 10.0 5.0 39.0 3.0 1.0 0.0 1.0 0.0 -1.0 -13.0 20.0 19.0 23.0 1.0 1.0 0.0 -2.0 -1.0 0.0 3.0 30.0 46.0 26.0 0.0 0.0 0.0 1.0 0.0 0.0 0.0 58.0 20.0 21.0 1.0 26.0 6.0 0.0 0.0 0.0 9.0 2.0 -10.0 1.0 15.0 3.0 0.0 0.0 18.0 6.0 0.0 0.0 0.0 8.0 6.0 10.0 6.0 0.0 0.0 0.0 0.0 3.0 12.0 23.0 17.0 3.0 0.0 
25_3_034_43
0.0 0.0 0.0 0.0 1.0 2.0 1.0 0.0 0.0 0.0 3.0 22.0 2.0 3.0 4.0 0.0 0.0 0.0 3.0 29.0 17.0 8.0 0.0 0.0 7.0 1.0 13.0 13.0 0.0 0.0 -9.0 21.0 8.0 0.0 0.0 2.0 0.0 0.0 -4.0 10.0 0.0 0.0 0.0 6.0 3.0 6.0 23.0 9.0 0.0 0.0 5.0 102.0 18.0 1.0 0.0 0.0 0.0 1.0 18.0 31.0 16.0 1.0 -2.0 16.0 20.0 9.0 0.0 0.0 0.0 0.0 -3.0 2.0 17.0 29.0 5.0 2.0 0.0 0.0 0.0 -2.0 0.0 3.0 67.0 40.0 5.0 0.0 0.0 0.0 0.0 0.0 38.0 24.0 8.0 9.0 10.0 0.0 0.0 7.0 0.0 0.0 8.0 11.0 0.0 1.0 2.0 5.0 5.0 5.0 8.0 1.0 0.0 0.0 0.0 0.0 7.0 23.0 9.0 0.0 0.0 0.0 3.0 1.0 0.0 0.0 8.0 21.0 16.0 9.0 
25_3_034_44
3.0 2.0 1.0 42.0 28.0 0.0 0.0 0.0 13.0 5.0 4.0 10.0 12.0 0.0 0.0 2.0 7.0 8.0 8.0 3.0 0.0 0.0 0.0 0.0 0.0 28.0 36.0 10.0 0.0 0.0 0.0 0.0 0.0 0.0 0.0 39.0 82.0 0.0 0.0 0.0 3.0 3.0 1.0 7.0 32.0 13.0 3.0 0.0 0.0 7.0 21.0 21.0 8.0 0.0 0.0 0.0 0.0 0.0 11.0 24.0 17.0 21.0 0.0 4.0 0.0 0.0 2.0 16.0 14.0 0.0 0.0 0.0 1.0 5.0 2.0 62.0 58.0 0.0 0.0 0.0 0.0 4.0 22.0 73.0 1.0 0.0 0.0 0.0 3.0 0.0 0.0 0.0 0.0 0.0 -18.0 79.0 0.0 0.0 0.0 0.0 0.0 0.0 0.0 0.0 0.0 0.0 0.0 19.0 70.0 7.0 0.0 0.0 0.0 0.0 0.0 10.0 102.0 51.0 0.0 0.0 28.0 0.0 1.0 1.0 38.0 6.0 -1.0 12.0 
25_3_034_45
0.0 1.0 1.0 0.0 0.0 0.0 0.0 0.0 0.0 0.0 26.0 16.0 0.0 0.0 0.0 0.0 0.0 0.0 28.0 56.0 3.0 0.0 0.0 0.0 0.0 0.0 0.0 0.0 0.0 0.0 2.0 17.0 0.0 1.0 1.0 1.0 0.0 0.0 0.0 0.0 0.0 0.0 23.0 68.0 0.0 0.0 0.0 0.0 0.0 1.0 13.0 32.0 5.0 0.0 0.0 0.0 3.0 0.0 0.0 0.0 0.0 0.0 2.0 16.0 0.0 3.0 1.0 0.0 0.0 0.0 0.0 0.0 0.0 0.0 2.0 102.0 6.0 0.0 0.0 0.0 16.0 0.0 7.0 19.0 3.0 0.0 0.0 6.0 3.0 1.0 0.0 8.0 2.0 0.0 0.0 5.0 0.0 1.0 0.0 0.0 0.0 0.0 0.0 0.0 0.0 0.0 0.0 51.0 12.0 0.0 0.0 0.0 3.0 2.0 1.0 23.0 18.0 4.0 0.0 2.0 1.0 4.0 6.0 3.0 1.0 0.0 0.0 0.0 
25_3_034_46
0.0 1.0 1.0 0.0 0.0 0.0 0.0 0.0 0.0 0.0 34.0 35.0 0.0 0.0 0.0 0.0 0.0 3.0 15.0 23.0 0.0 0.0 0.0 0.0 0.0 0.0 0.0 0.0 0.0 0.0 5.0 8.0 0.0 2.0 1.0 1.0 0.0 0.0 0.0 0.0 0.0 0.0 25.0 82.0 0.0 0.0 0.0 0.0 8.0 1.0 1.0 16.0 3.0 0.0 1.0 5.0 4.0 0.0 0.0 0.0 0.0 0.0 0.0 10.0 0.0 1.0 1.0 1.0 0.0 0.0 0.0 0.0 0.0 0.0 5.0 102.0 4.0 0.0 0.0 0.0 6.0 4.0 6.0 2.0 7.0 3.0 0.0 2.0 5.0 6.0 3.0 0.0 0.0 0.0 0.0 0.0 0.0 1.0 2.0 1.0 0.0 0.0 0.0 0.0 0.0 1.0 17.0 53.0 0.0 0.0 0.0 0.0 0.0 3.0 26.0 9.0 2.0 1.0 0.0 0.0 1.0 8.0 11.0 3.0 1.0 0.0 0.0 0.0 
25_3_034_47
1.0 0.0 36.0 15.0 1.0 2.0 57.0 4.0 0.0 0.0 0.0 3.0 15.0 12.0 78.0 19.0 7.0 10.0 0.0 0.0 1.0 0.0 -10.0 63.0 9.0 57.0 23.0 0.0 0.0 0.0 0.0 1.0 0.0 0.0 3.0 0.0 0.0 0.0 102.0 78.0 0.0 0.0 5.0 20.0 15.0 1.0 9.0 0.0 0.0 11.0 25.0 61.0 17.0 0.0 0.0 0.0 4.0 16.0 10.0 0.0 0.0 5.0 13.0 11.0 5.0 12.0 0.0 0.0 0.0 1.0 31.0 23.0 0.0 21.0 27.0 3.0 2.0 1.0 0.0 0.0 0.0 0.0 15.0 18.0 6.0 27.0 48.0 7.0 0.0 0.0 0.0 9.0 37.0 51.0 6.0 0.0 0.0 0.0 0.0 3.0 1.0 20.0 33.0 0.0 0.0 0.0 2.0 19.0 34.0 7.0 0.0 0.0 0.0 8.0 1.0 0.0 0.0 6.0 3.0 48.0 0.0 3.0 10.0 10.0 5.0 2.0 1.0 2.0 
25_3_034_48
3.0 3.0 13.0 1.0 0.0 0.0 0.0 2.0 0.0 0.0 19.0 14.0 0.0 0.0 0.0 0.0 11.0 7.0 6.0 1.0 0.0 0.0 0.0 3.0 0.0 2.0 2.0 3.0 1.0 0.0 0.0 0.0 3.0 3.0 4.0 0.0 0.0 5.0 6.0 0.0 0.0 0.0 29.0 43.0 5.0 3.0 0.0 0.0 9.0 7.0 2.0 0.0 0.0 0.0 4.0 32.0 0.0 0.0 0.0 0.0 0.0 0.0 3.0 3.0 3.0 0.0 0.0 0.0 0.0 0.0 4.0 5.0 0.0 0.0 12.0 102.0 2.0 0.0 0.0 0.0 1.0 0.0 0.0 0.0 0.0 0.0 12.0 59.0 1.0 0.0 3.0 1.0 0.0 0.0 3.0 13.0 11.0 5.0 2.0 0.0 1.0 0.0 0.0 0.0 1.0 0.0 34.0 41.0 0.0 0.0 1.0 6.0 0.0 0.0 3.0 1.0 0.0 0.0 9.0 36.0 5.0 0.0 2.0 0.0 0.0 0.0 0.0 17.0 
25_3_034_49
0.0 0.0 0.0 0.0 0.0 2.0 9.0 2.0 0.0 0.0 2.0 74.0 27.0 0.0 0.0 0.0 15.0 0.0 0.0 0.0 0.0 0.0 0.0 50.0 5.0 1.0 2.0 2.0 0.0 0.0 0.0 13.0 15.0 9.0 0.0 0.0 0.0 0.0 0.0 3.0 0.0 1.0 22.0 102.0 2.0 0.0 0.0 0.0 12.0 0.0 0.0 0.0 0.0 0.0 0.0 63.0 12.0 0.0 3.0 5.0 0.0 0.0 0.0 8.0 4.0 4.0 0.0 2.0 14.0 9.0 0.0 0.0 0.0 4.0 6.0 62.0 17.0 0.0 0.0 0.0 10.0 3.0 0.0 0.0 2.0 2.0 6.0 32.0 2.0 3.0 4.0 0.0 0.0 0.0 0.0 3.0 0.0 0.0 0.0 10.0 18.0 2.0 0.0 0.0 0.0 0.0 0.0 18.0 31.0 0.0 0.0 0.0 0.0 0.0 0.0 0.0 11.0 11.0 13.0 3.0 0.0 0.0 1.0 0.0 1.0 6.0 2.0 0.0 
25_3_034_50
5.0 2.0 1.0 0.0 0.0 0.0 0.0 -1.0 12.0 6.0 11.0 1.0 0.0 0.0 0.0 -3.0 0.0 0.0 0.0 0.0 0.0 0.0 -24.0 65.0 1.0 0.0 0.0 0.0 0.0 0.0 -13.0 38.0 0.0 0.0 0.0 2.0 3.0 2.0 3.0 0.0 2.0 2.0 4.0 28.0 8.0 2.0 0.0 0.0 0.0 0.0 0.0 0.0 0.0 3.0 -5.0 77.0 7.0 5.0 0.0 0.0 2.0 1.0 -6.0 15.0 0.0 0.0 0.0 8.0 8.0 0.0 3.0 4.0 0.0 0.0 0.0 52.0 6.0 1.0 0.0 0.0 0.0 0.0 0.0 0.0 0.0 1.0 22.0 77.0 0.0 0.0 0.0 2.0 14.0 6.0 0.0 0.0 0.0 0.0 0.0 10.0 3.0 0.0 2.0 2.0 0.0 0.0 1.0 44.0 10.0 0.0 0.0 0.0 0.0 0.0 0.0 0.0 0.0 0.0 -17.0 102.0 0.0 1.0 8.0 2.0 0.0 0.0 0.0 0.0 
25_3_034_51
1.0 0.0 0.0 1.0 0.0 0.0 1.0 2.0 1.0 0.0 4.0 2.0 0.0 0.0 0.0 3.0 0.0 13.0 72.0 10.0 0.0 0.0 0.0 0.0 0.0 10.0 25.0 12.0 0.0 0.0 0.0 0.0 11.0 5.0 3.0 0.0 0.0 0.0 0.0 1.0 2.0 9.0 19.0 9.0 0.0 0.0 0.0 0.0 5.0 3.0 50.0 89.0 0.0 0.0 0.0 11.0 2.0 0.0 0.0 8.0 7.0 0.0 8.0 24.0 6.0 11.0 3.0 0.0 0.0 0.0 0.0 0.0 0.0 17.0 16.0 10.0 0.0 0.0 0.0 0.0 1.0 0.0 10.0 102.0 5.0 0.0 0.0 17.0 11.0 5.0 10.0 14.0 0.0 0.0 0.0 25.0 1.0 8.0 2.0 0.0 0.0 0.0 0.0 0.0 0.0 6.0 14.0 6.0 0.0 0.0 0.0 0.0 1.0 0.0 3.0 67.0 4.0 0.0 0.0 0.0 17.0 1.0 1.0 1.0 1.0 0.0 1.0 10.0 
25_3_034_52
0.0 0.0 0.0 0.0 0.0 0.0 0.0 0.0 0.0 0.0 24.0 22.0 0.0 0.0 0.0 0.0 1.0 4.0 19.0 7.0 0.0 0.0 0.0 4.0 1.0 10.0 20.0 0.0 0.0 0.0 0.0 0.0 1.0 1.0 0.0 0.0 0.0 0.0 0.0 0.0 0.0 0.0 0.0 28.0 28.0 0.0 0.0 0.0 0.0 4.0 27.0 41.0 10.0 0.0 0.0 0.0 1.0 3.0 4.0 0.0 0.0 0.0 16.0 7.0 0.0 0.0 0.0 0.0 0.0 0.0 1.0 2.0 0.0 0.0 2.0 19.0 1.0 0.0 0.0 0.0 0.0 0.0 12.0 102.0 0.0 0.0 5.0 7.0 0.0 0.0 0.0 0.0 0.0 1.0 20.0 19.0 1.0 0.0 0.0 0.0 0.0 0.0 0.0 2.0 0.0 0.0 4.0 27.0 0.0 0.0 0.0 0.0 2.0 0.0 13.0 68.0 0.0 0.0 0.0 19.0 0.0 0.0 0.0 0.0 0.0 0.0 3.0 21.0 
25_3_034_53
0.0 0.0 0.0 0.0 0.0 0.0 0.0 0.0 0.0 0.0 15.0 56.0 0.0 0.0 0.0 0.0 0.0 0.0 8.0 31.0 0.0 0.0 0.0 0.0 0.0 0.0 1.0 0.0 0.0 0.0 0.0 0.0 0.0 1.0 3.0 0.0 0.0 0.0 0.0 0.0 0.0 0.0 21.0 94.0 0.0 0.0 0.0 0.0 0.0 0.0 5.0 21.0 1.0 0.0 0.0 0.0 0.0 0.0 0.0 0.0 0.0 0.0 0.0 0.0 0.0 3.0 3.0 0.0 0.0 0.0 0.0 0.0 0.0 0.0 7.0 102.0 0.0 0.0 0.0 0.0 0.0 0.0 2.0 17.0 1.0 0.0 0.0 0.0 0.0 0.0 0.0 0.0 0.0 0.0 0.0 0.0 0.0 1.0 4.0 0.0 0.0 0.0 0.0 0.0 0.0 0.0 6.0 76.0 0.0 0.0 0.0 0.0 0.0 0.0 2.0 12.0 0.0 0.0 0.0 0.0 0.0 0.0 0.0 0.0 0.0 0.0 0.0 0.0 
25_3_034_54
3.0 0.0 0.0 0.0 0.0 0.0 0.0 2.0 3.0 1.0 28.0 31.0 0.0 0.0 0.0 0.0 -1.0 2.0 52.0 77.0 4.0 2.0 4.0 1.0 -2.0 5.0 11.0 9.0 2.0 1.0 16.0 10.0 2.0 2.0 0.0 0.0 0.0 0.0 0.0 -1.0 1.0 2.0 33.0 102.0 0.0 0.0 0.0 0.0 0.0 0.0 10.0 51.0 10.0 0.0 1.0 0.0 0.0 3.0 30.0 13.0 0.0 0.0 0.0 0.0 3.0 0.0 0.0 0.0 0.0 1.0 -1.0 4.0 1.0 0.0 0.0 92.0 38.0 0.0 0.0 0.0 0.0 0.0 31.0 60.0 11.0 0.0 0.0 0.0 0.0 1.0 5.0 11.0 0.0 0.0 0.0 0.0 13.0 0.0 0.0 0.0 0.0 0.0 0.0 -4.0 0.0 6.0 13.0 45.0 3.0 0.0 0.0 0.0 0.0 1.0 18.0 95.0 2.0 1.0 0.0 0.0 0.0 0.0 0.0 0.0 1.0 4.0 3.0 0.0 
25_3_034_55
2.0 0.0 0.0 0.0 0.0 0.0 0.0 1.0 2.0 4.0 6.0 1.0 0.0 0.0 0.0 1.0 0.0 0.0 96.0 39.0 0.0 0.0 0.0 0.0 -1.0 6.0 11.0 2.0 1.0 4.0 15.0 1.0 0.0 0.0 0.0 0.0 0.0 0.0 0.0 0.0 2.0 0.0 42.0 43.0 0.0 0.0 0.0 0.0 0.0 0.0 31.0 39.0 6.0 0.0 0.0 0.0 0.0 6.0 26.0 1.0 0.0 0.0 5.0 1.0 4.0 0.0 0.0 0.0 0.0 0.0 -1.0 3.0 0.0 0.0 4.0 102.0 5.0 0.0 0.0 0.0 0.0 0.0 35.0 23.0 0.0 0.0 0.0 0.0 0.0 0.0 12.0 5.0 0.0 0.0 0.0 0.0 6.0 2.0 0.0 0.0 0.0 0.0 -1.0 0.0 1.0 2.0 48.0 60.0 0.0 0.0 0.0 0.0 -1.0 3.0 13.0 12.0 0.0 2.0 0.0 0.0 0.0 0.0 0.0 0.0 1.0 1.0 5.0 2.0 
25_3_034_56
0.0 41.0 39.0 2.0 0.0 17.0 0.0 0.0 2.0 39.0 19.0 1.0 0.0 37.0 67.0 2.0 0.0 2.0 0.0 0.0 1.0 23.0 54.0 10.0 0.0 0.0 0.0 0.0 0.0 18.0 30.0 7.0 0.0 0.0 0.0 0.0 0.0 102.0 84.0 0.0 0.0 0.0 9.0 26.0 7.0 79.0 24.0 0.0 0.0 0.0 2.0 5.0 5.0 7.0 42.0 9.0 0.0 0.0 0.0 0.0 0.0 4.0 57.0 6.0 2.0 10.0 12.0 0.0 0.0 1.0 3.0 0.0 0.0 2.0 12.0 46.0 4.0 0.0 0.0 0.0 26.0 21.0 3.0 0.0 0.0 1.0 9.0 33.0 32.0 41.0 0.0 0.0 0.0 0.0 5.0 8.0 8.0 22.0 5.0 0.0 0.0 0.0 0.0 0.0 0.0 7.0 56.0 15.0 9.0 4.0 0.0 0.0 14.0 30.0 19.0 3.0 5.0 8.0 9.0 9.0 23.0 21.0 2.0 2.0 1.0 1.0 2.0 19.0 
25_3_034_57
0.0 0.0 1.0 11.0 0.0 0.0 0.0 0.0 0.0 0.0 0.0 11.0 2.0 0.0 0.0 0.0 0.0 0.0 8.0 51.0 0.0 0.0 0.0 0.0 0.0 0.0 0.0 12.0 1.0 0.0 36.0 44.0 0.0 0.0 5.0 14.0 0.0 0.0 0.0 0.0 0.0 0.0 6.0 8.0 1.0 0.0 0.0 0.0 0.0 0.0 11.0 58.0 3.0 0.0 5.0 0.0 0.0 0.0 0.0 0.0 0.0 1.0 102.0 60.0 0.0 0.0 6.0 11.0 0.0 0.0 0.0 0.0 0.0 0.0 1.0 13.0 1.0 1.0 0.0 0.0 0.0 0.0 2.0 22.0 5.0 11.0 68.0 6.0 0.0 0.0 0.0 0.0 0.0 0.0 71.0 38.0 0.0 0.0 2.0 4.0 0.0 0.0 0.0 0.0 0.0 0.0 0.0 0.0 1.0 4.0 39.0 1.0 0.0 0.0 0.0 0.0 0.0 19.0 88.0 0.0 0.0 0.0 1.0 0.0 0.0 0.0 11.0 0.0 
25_3_034_58
0.0 0.0 0.0 67.0 8.0 0.0 0.0 0.0 -1.0 3.0 8.0 37.0 8.0 1.0 0.0 0.0 0.0 1.0 3.0 7.0 11.0 2.0 4.0 1.0 0.0 0.0 0.0 0.0 2.0 0.0 7.0 12.0 0.0 0.0 20.0 81.0 0.0 0.0 0.0 0.0 0.0 -2.0 21.0 31.0 2.0 4.0 7.0 7.0 0.0 0.0 2.0 10.0 8.0 15.0 1.0 0.0 0.0 0.0 0.0 0.0 0.0 0.0 0.0 20.0 0.0 0.0 6.0 102.0 2.0 0.0 0.0 0.0 2.0 0.0 0.0 19.0 6.0 4.0 3.0 24.0 0.0 0.0 12.0 32.0 0.0 0.0 0.0 0.0 0.0 0.0 0.0 0.0 0.0 0.0 -4.0 28.0 0.0 2.0 0.0 56.0 9.0 0.0 0.0 0.0 0.0 0.0 0.0 17.0 13.0 0.0 0.0 0.0 0.0 -1.0 7.0 19.0 1.0 0.0 0.0 0.0 0.0 0.0 0.0 0.0 0.0 0.0 -2.0 22.0 
25_3_034_59
0.0 0.0 0.0 12.0 3.0 0.0 0.0 0.0 2.0 0.0 0.0 0.0 0.0 0.0 3.0 22.0 18.0 2.0 0.0 0.0 0.0 0.0 0.0 20.0 13.0 0.0 0.0 0.0 0.0 0.0 1.0 50.0 0.0 0.0 0.0 16.0 6.0 0.0 0.0 0.0 0.0 0.0 0.0 0.0 0.0 0.0 7.0 36.0 12.0 1.0 4.0 22.0 2.0 0.0 0.0 28.0 6.0 0.0 0.0 0.0 0.0 0.0 1.0 102.0 0.0 0.0 0.0 14.0 5.0 0.0 0.0 0.0 8.0 11.0 4.0 0.0 0.0 0.0 0.0 12.0 1.0 4.0 8.0 8.0 0.0 0.0 9.0 38.0 0.0 0.0 0.0 0.0 0.0 0.0 10.0 99.0 2.0 1.0 4.0 10.0 0.0 0.0 0.0 0.0 10.0 4.0 4.0 6.0 0.0 0.0 0.0 5.0 11.0 0.0 1.0 0.0 0.0 0.0 8.0 18.0 25.0 0.0 0.0 0.0 0.0 0.0 0.0 73.0 
25_3_034_60
21.0 0.0 0.0 0.0 0.0 0.0 -14.0 32.0 7.0 2.0 6.0 0.0 0.0 0.0 0.0 0.0 -9.0 53.0 0.0 0.0 0.0 0.0 -1.0 0.0 -21.0 96.0 2.0 0.0 0.0 0.0 0.0 0.0 29.0 0.0 0.0 0.0 0.0 0.0 -8.0 55.0 -7.0 52.0 9.0 6.0 1.0 1.0 0.0 0.0 -41.0 102.0 22.0 2.0 0.0 0.0 0.0 0.0 -14.0 37.0 10.0 9.0 13.0 0.0 0.0 0.0 0.0 0.0 0.0 0.0 0.0 0.0 3.0 71.0 6.0 -2.0 15.0 63.0 2.0 0.0 0.0 -1.0 -1.0 8.0 22.0 7.0 0.0 0.0 0.0 -1.0 -12.0 34.0 0.0 4.0 10.0 3.0 0.0 0.0 0.0 0.0 0.0 0.0 0.0 0.0 0.0 27.0 0.0 -1.0 5.0 26.0 6.0 0.0 -1.0 5.0 0.0 0.0 0.0 0.0 16.0 16.0 1.0 0.0 0.0 0.0 0.0 0.0 4.0 31.0 11.0 0.0 
25_3_034_61
7.0 4.0 2.0 22.0 23.0 0.0 0.0 0.0 38.0 20.0 6.0 16.0 12.0 0.0 0.0 0.0 0.0 0.0 2.0 73.0 24.0 0.0 0.0 0.0 0.0 1.0 1.0 2.0 0.0 0.0 0.0 0.0 0.0 0.0 0.0 34.0 49.0 2.0 0.0 0.0 7.0 4.0 0.0 14.0 21.0 4.0 1.0 0.0 0.0 0.0 10.0 102.0 2.0 0.0 0.0 0.0 0.0 0.0 1.0 2.0 0.0 0.0 0.0 0.0 0.0 0.0 28.0 38.0 0.0 0.0 0.0 0.0 0.0 0.0 9.0 40.0 0.0 0.0 0.0 0.0 0.0 0.0 20.0 84.0 0.0 0.0 0.0 0.0 0.0 3.0 3.0 0.0 0.0 0.0 0.0 0.0 0.0 0.0 13.0 29.0 0.0 0.0 0.0 0.0 0.0 0.0 0.0 17.0 16.0 2.0 0.0 0.0 0.0 0.0 1.0 80.0 3.0 0.0 0.0 0.0 0.0 0.0 0.0 1.0 1.0 0.0 0.0 0.0 
25_3_034_62
0.0 0.0 0.0 0.0 0.0 0.0 1.0 0.0 0.0 0.0 0.0 1.0 0.0 0.0 1.0 0.0 0.0 0.0 56.0 46.0 0.0 0.0 0.0 0.0 0.0 0.0 14.0 8.0 0.0 0.0 17.0 18.0 0.0 0.0 0.0 0.0 0.0 0.0 1.0 0.0 0.0 0.0 3.0 11.0 0.0 0.0 0.0 0.0 0.0 0.0 38.0 102.0 0.0 0.0 3.0 2.0 0.0 0.0 0.0 0.0 0.0 0.0 37.0 29.0 0.0 0.0 0.0 0.0 0.0 0.0 0.0 0.0 0.0 0.0 5.0 27.0 0.0 0.0 0.0 0.0 0.0 0.0 14.0 100.0 0.0 0.0 2.0 15.0 0.0 0.0 0.0 0.0 0.0 0.0 7.0 45.0 0.0 0.0 0.0 0.0 0.0 0.0 0.0 0.0 0.0 0.0 0.0 28.0 3.0 0.0 0.0 0.0 0.0 0.0 0.0 64.0 14.0 0.0 4.0 11.0 0.0 0.0 0.0 0.0 0.0 0.0 4.0 27.0 
25_3_034_63
1.0 5.0 19.0 3.0 1.0 0.0 0.0 0.0 14.0 30.0 19.0 5.0 0.0 0.0 0.0 0.0 14.0 25.0 14.0 3.0 0.0 0.0 3.0 4.0 0.0 0.0 0.0 3.0 10.0 2.0 27.0 3.0 2.0 1.0 0.0 0.0 0.0 10.0 26.0 18.0 0.0 0.0 4.0 62.0 71.0 11.0 0.0 0.0 14.0 0.0 0.0 0.0 0.0 1.0 15.0 54.0 10.0 0.0 1.0 0.0 0.0 0.0 4.0 12.0 38.0 30.0 1.0 0.0 0.0 0.0 0.0 11.0 0.0 18.0 95.0 76.0 0.0 0.0 0.0 0.0 102.0 26.0 5.0 0.0 0.0 0.0 0.0 13.0 17.0 40.0 1.0 0.0 0.0 0.0 0.0 2.0 2.0 21.0 6.0 3.0 1.0 0.0 0.0 0.0 0.0 12.0 25.0 23.0 12.0 0.0 0.0 0.0 8.0 0.0 2.0 1.0 4.0 12.0 33.0 53.0 0.0 0.0 0.0 0.0 18.0 24.0 17.0 2.0 
25_3_034_64
0.0 0.0 0.0 0.0 1.0 34.0 12.0 0.0 0.0 0.0 1.0 12.0 57.0 8.0 0.0 0.0 0.0 0.0 2.0 6.0 5.0 10.0 16.0 1.0 0.0 0.0 23.0 49.0 8.0 8.0 0.0 0.0 0.0 0.0 0.0 0.0 0.0 1.0 17.0 2.0 0.0 0.0 8.0 95.0 9.0 1.0 0.0 0.0 0.0 0.0 2.0 16.0 0.0 1.0 18.0 18.0 0.0 0.0 43.0 99.0 6.0 0.0 5.0 0.0 2.0 10.0 7.0 0.0 0.0 0.0 -1.0 11.0 0.0 0.0 34.0 49.0 6.0 0.0 0.0 0.0 0.0 0.0 7.0 34.0 2.0 3.0 27.0 10.0 0.0 1.0 29.0 102.0 0.0 0.0 2.0 64.0 0.0 6.0 17.0 1.0 0.0 0.0 0.0 0.0 0.0 0.0 13.0 8.0 0.0 0.0 0.0 0.0 6.0 5.0 22.0 32.0 1.0 0.0 0.0 -1.0 0.0 0.0 5.0 63.0 11.0 3.0 46.0 51.0 
25_3_034_65
19.0 3.0 0.0 0.0 0.0 0.0 0.0 18.0 9.0 1.0 3.0 0.0 0.0 0.0 0.0 12.0 0.0 0.0 42.0 100.0 0.0 0.0 0.0 0.0 1.0 0.0 0.0 0.0 0.0 0.0 11.0 58.0 1.0 1.0 0.0 2.0 18.0 10.0 10.0 4.0 25.0 7.0 18.0 4.0 1.0 0.0 0.0 2.0 6.0 0.0 52.0 102.0 4.0 0.0 7.0 8.0 1.0 0.0 1.0 0.0 0.0 0.0 20.0 66.0 0.0 0.0 0.0 24.0 25.0 2.0 0.0 0.0 0.0 2.0 13.0 30.0 11.0 0.0 0.0 0.0 0.0 0.0 6.0 59.0 13.0 4.0 11.0 12.0 7.0 8.0 2.0 0.0 0.0 0.0 2.0 22.0 0.0 2.0 11.0 13.0 3.0 0.0 0.0 0.0 0.0 0.0 8.0 29.0 17.0 0.0 0.0 0.0 0.0 0.0 0.0 12.0 20.0 12.0 7.0 0.0 0.0 0.0 0.0 0.0 0.0 11.0 10.0 1.0 
25_3_034_66
0.0 0.0 1.0 10.0 4.0 0.0 0.0 0.0 0.0 0.0 1.0 14.0 2.0 0.0 0.0 0.0 1.0 0.0 23.0 48.0 0.0 0.0 0.0 0.0 0.0 0.0 2.0 6.0 0.0 0.0 0.0 0.0 0.0 0.0 0.0 5.0 3.0 2.0 1.0 0.0 0.0 0.0 1.0 32.0 6.0 0.0 0.0 0.0 0.0 0.0 18.0 69.0 0.0 0.0 0.0 0.0 0.0 0.0 5.0 4.0 0.0 0.0 0.0 0.0 0.0 0.0 5.0 5.0 0.0 0.0 0.0 0.0 0.0 0.0 0.0 27.0 9.0 2.0 0.0 0.0 0.0 0.0 6.0 49.0 33.0 35.0 0.0 0.0 0.0 0.0 0.0 0.0 14.0 27.0 0.0 0.0 0.0 0.0 1.0 2.0 0.0 0.0 0.0 0.0 0.0 0.0 0.0 1.0 0.0 6.0 42.0 16.0 0.0 0.0 0.0 0.0 7.0 102.0 17.0 0.0 0.0 0.0 0.0 0.0 61.0 75.0 0.0 0.0 
25_3_034_67
0.0 0.0 0.0 0.0 0.0 19.0 27.0 0.0 0.0 0.0 0.0 0.0 2.0 36.0 25.0 0.0 0.0 0.0 0.0 11.0 23.0 11.0 1.0 0.0 0.0 0.0 7.0 6.0 15.0 24.0 1.0 0.0 0.0 0.0 0.0 0.0 0.0 28.0 50.0 1.0 0.0 0.0 8.0 51.0 12.0 28.0 6.0 0.0 0.0 0.0 6.0 11.0 1.0 8.0 9.0 4.0 0.0 0.0 34.0 73.0 1.0 1.0 0.0 0.0 2.0 8.0 9.0 1.0 5.0 9.0 4.0 7.0 0.0 6.0 37.0 72.0 0.0 0.0 0.0 1.0 3.0 0.0 2.0 6.0 4.0 1.0 5.0 27.0 0.0 0.0 10.0 102.0 35.0 0.0 0.0 0.0 37.0 76.0 17.0 0.0 0.0 0.0 0.0 -10.0 23.0 37.0 40.0 0.0 0.0 0.0 0.0 -9.0 29.0 3.0 11.0 0.0 0.0 0.0 -25.0 47.0 0.0 5.0 51.0 23.0 1.0 0.0 0.0 0.0 
25_3_034_68
0.0 0.0 0.0 0.0 0.0 0.0 1.0 0.0 0.0 0.0 0.0 1.0 0.0 0.0 0.0 0.0 0.0 0.0 46.0 60.0 0.0 0.0 0.0 0.0 0.0 0.0 8.0 10.0 0.0 0.0 27.0 10.0 0.0 0.0 0.0 0.0 0.0 0.0 1.0 0.0 0.0 0.0 2.0 10.0 1.0 0.0 0.0 0.0 0.0 0.0 37.0 102.0 0.0 0.0 1.0 0.0 0.0 0.0 0.0 0.0 0.0 0.0 24.0 40.0 0.0 0.0 0.0 0.0 0.0 2.0 0.0 0.0 0.0 0.0 2.0 23.0 4.0 0.0 0.0 0.0 0.0 0.0 5.0 96.0 12.0 0.0 8.0 2.0 0.0 0.0 0.0 0.0 0.0 0.0 17.0 29.0 0.0 0.0 0.0 0.0 1.0 0.0 0.0 0.0 0.0 0.0 0.0 16.0 3.0 0.0 0.0 0.0 0.0 0.0 1.0 54.0 16.0 1.0 5.0 0.0 0.0 0.0 0.0 0.0 0.0 0.0 4.0 15.0 
25_3_034_69
6.0 15.0 2.0 0.0 0.0 0.0 0.0 17.0 0.0 0.0 5.0 3.0 0.0 4.0 9.0 3.0 0.0 12.0 29.0 2.0 2.0 0.0 0.0 0.0 0.0 30.0 31.0 3.0 4.0 0.0 0.0 0.0 8.0 8.0 0.0 0.0 0.0 0.0 -5.0 36.0 4.0 29.0 29.0 3.0 0.0 0.0 0.0 0.0 0.0 32.0 73.0 46.0 2.0 1.0 3.0 0.0 2.0 16.0 24.0 10.0 1.0 2.0 9.0 3.0 4.0 50.0 17.0 2.0 0.0 0.0 0.0 0.0 17.0 59.0 7.0 0.0 0.0 0.0 3.0 5.0 2.0 2.0 26.0 23.0 3.0 29.0 32.0 1.0 0.0 0.0 47.0 30.0 3.0 10.0 8.0 0.0 0.0 0.0 0.0 9.0 38.0 18.0 4.0 0.0 0.0 2.0 1.0 1.0 8.0 21.0 19.0 7.0 1.0 16.0 55.0 12.0 2.0 8.0 7.0 0.0 0.0 1.0 10.0 0.0 0.0 23.0 102.0 2.0 
25_3_034_70
0.0 9.0 4.0 0.0 8.0 11.0 0.0 0.0 5.0 2.0 0.0 0.0 0.0 6.0 2.0 1.0 2.0 0.0 0.0 1.0 5.0 12.0 6.0 1.0 0.0 0.0 0.0 0.0 24.0 15.0 0.0 0.0 0.0 0.0 0.0 0.0 8.0 58.0 8.0 0.0 0.0 0.0 4.0 26.0 27.0 45.0 0.0 0.0 12.0 19.0 11.0 2.0 0.0 1.0 5.0 1.0 0.0 21.0 15.0 6.0 3.0 1.0 0.0 0.0 6.0 2.0 3.0 1.0 1.0 6.0 14.0 6.0 0.0 0.0 7.0 102.0 9.0 0.0 0.0 0.0 0.0 0.0 9.0 39.0 22.0 0.0 0.0 0.0 38.0 10.0 1.0 3.0 0.0 0.0 0.0 3.0 14.0 12.0 5.0 0.0 0.0 0.0 0.0 5.0 0.0 0.0 8.0 57.0 2.0 0.0 0.0 0.0 0.0 0.0 0.0 25.0 33.0 5.0 6.0 0.0 39.0 8.0 8.0 52.0 14.0 0.0 0.0 7.0 
25_3_034_71
0.0 0.0 0.0 0.0 0.0 1.0 6.0 1.0 2.0 4.0 4.0 0.0 0.0 0.0 4.0 4.0 0.0 0.0 50.0 92.0 1.0 0.0 0.0 0.0 0.0 0.0 10.0 22.0 11.0 20.0 2.0 0.0 1.0 0.0 0.0 0.0 0.0 3.0 5.0 0.0 0.0 3.0 7.0 17.0 4.0 0.0 0.0 0.0 0.0 0.0 25.0 102.0 5.0 0.0 0.0 0.0 0.0 0.0 5.0 31.0 15.0 1.0 0.0 0.0 13.0 50.0 8.0 0.0 0.0 0.0 0.0 0.0 5.0 49.0 31.0 0.0 0.0 0.0 0.0 1.0 0.0 0.0 7.0 43.0 50.0 11.0 2.0 0.0 0.0 0.0 4.0 7.0 48.0 7.0 2.0 0.0 30.0 45.0 6.0 0.0 0.0 0.0 0.0 1.0 58.0 43.0 13.0 0.0 0.0 0.0 0.0 7.0 41.0 21.0 2.0 3.0 0.0 0.0 0.0 4.0 2.0 4.0 0.0 3.0 31.0 9.0 0.0 0.0 
25_3_034_72
0.0 0.0 0.0 7.0 52.0 31.0 5.0 1.0 54.0 5.0 0.0 3.0 0.0 0.0 0.0 25.0 9.0 26.0 11.0 1.0 0.0 0.0 0.0 0.0 4.0 44.0 13.0 10.0 3.0 0.0 0.0 0.0 17.0 8.0 10.0 43.0 27.0 0.0 1.0 5.0 16.0 31.0 37.0 102.0 16.0 0.0 0.0 0.0 80.0 59.0 4.0 0.0 0.0 0.0 1.0 24.0 0.0 6.0 6.0 0.0 4.0 41.0 12.0 1.0 5.0 64.0 50.0 0.0 0.0 0.0 0.0 0.0 0.0 1.0 39.0 59.0 29.0 7.0 0.0 0.0 26.0 2.0 4.0 0.0 0.0 10.0 18.0 90.0 11.0 0.0 0.0 0.0 3.0 21.0 22.0 65.0 1.0 18.0 4.0 3.0 5.0 0.0 0.0 0.0 1.0 4.0 1.0 6.0 17.0 6.0 1.0 0.0 0.0 0.0 1.0 2.0 4.0 30.0 69.0 22.0 0.0 0.0 1.0 0.0 0.0 2.0 44.0 58.0 
25_3_034_73
0.0 0.0 0.0 9.0 20.0 2.0 -1.0 22.0 20.0 26.0 7.0 0.0 0.0 0.0 -28.0 88.0 2.0 102.0 90.0 0.0 0.0 0.0 0.0 0.0 71.0 63.0 1.0 0.0 0.0 0.0 0.0 -3.0 0.0 0.0 2.0 17.0 54.0 1.0 1.0 0.0 1.0 35.0 69.0 59.0 5.0 0.0 -2.0 6.0 6.0 20.0 24.0 5.0 6.0 5.0 -16.0 52.0 13.0 6.0 0.0 0.0 0.0 3.0 -2.0 46.0 1.0 5.0 25.0 21.0 6.0 2.0 1.0 0.0 0.0 0.0 11.0 93.0 28.0 36.0 23.0 0.0 0.0 0.0 0.0 0.0 29.0 100.0 61.0 8.0 0.0 0.0 0.0 0.0 11.0 8.0 8.0 5.0 0.0 8.0 30.0 11.0 1.0 0.0 -2.0 7.0 0.0 0.0 0.0 1.0 0.0 7.0 102.0 39.0 0.0 0.0 10.0 40.0 32.0 17.0 12.0 0.0 0.0 0.0 0.0 6.0 39.0 14.0 0.0 0.0 
25_3_034_74
0.0 0.0 0.0 0.0 0.0 1.0 0.0 0.0 0.0 0.0 0.0 2.0 0.0 0.0 0.0 0.0 0.0 0.0 48.0 72.0 0.0 0.0 0.0 0.0 0.0 0.0 4.0 5.0 0.0 0.0 25.0 16.0 0.0 0.0 0.0 0.0 1.0 1.0 0.0 0.0 0.0 0.0 1.0 19.0 3.0 0.0 0.0 0.0 0.0 0.0 16.0 102.0 6.0 0.0 3.0 0.0 0.0 0.0 0.0 0.0 0.0 0.0 32.0 20.0 0.0 0.0 0.0 0.0 1.0 0.0 0.0 0.0 0.0 0.0 5.0 30.0 2.0 0.0 0.0 0.0 0.0 0.0 9.0 66.0 15.0 1.0 8.0 0.0 0.0 0.0 0.0 0.0 0.0 0.0 10.0 16.0 0.0 0.0 0.0 0.0 1.0 1.0 0.0 0.0 0.0 0.0 0.0 12.0 9.0 0.0 0.0 0.0 0.0 0.0 0.0 28.0 31.0 1.0 0.0 0.0 0.0 0.0 0.0 0.0 0.0 0.0 2.0 6.0 
25_3_034_75
0.0 0.0 2.0 1.0 0.0 0.0 0.0 0.0 0.0 1.0 2.0 7.0 0.0 0.0 0.0 0.0 0.0 0.0 10.0 89.0 0.0 0.0 0.0 0.0 0.0 0.0 1.0 0.0 0.0 0.0 2.0 1.0 0.0 0.0 2.0 1.0 0.0 0.0 0.0 0.0 0.0 1.0 3.0 14.0 0.0 0.0 0.0 0.0 0.0 0.0 9.0 102.0 0.0 0.0 0.0 0.0 0.0 0.0 0.0 0.0 0.0 0.0 12.0 6.0 0.0 0.0 1.0 0.0 0.0 0.0 0.0 0.0 0.0 0.0 41.0 7.0 0.0 0.0 0.0 0.0 0.0 0.0 26.0 56.0 0.0 0.0 0.0 0.0 0.0 0.0 0.0 0.0 0.0 0.0 6.0 12.0 0.0 0.0 10.0 7.0 0.0 0.0 0.0 0.0 0.0 0.0 38.0 16.0 0.0 0.0 0.0 0.0 0.0 0.0 1.0 30.0 2.0 0.0 0.0 0.0 0.0 0.0 0.0 0.0 0.0 0.0 3.0 9.0 
25_3_034_76
0.0 0.0 0.0 1.0 0.0 0.0 0.0 0.0 0.0 0.0 11.0 4.0 0.0 0.0 0.0 0.0 0.0 1.0 29.0 25.0 0.0 0.0 0.0 6.0 1.0 0.0 7.0 2.0 4.0 1.0 2.0 1.0 0.0 0.0 0.0 0.0 0.0 0.0 0.0 0.0 0.0 0.0 25.0 47.0 0.0 0.0 0.0 0.0 2.0 4.0 17.0 9.0 0.0 0.0 1.0 3.0 1.0 11.0 35.0 0.0 0.0 0.0 0.0 0.0 1.0 1.0 1.0 0.0 0.0 0.0 0.0 0.0 0.0 0.0 0.0 19.0 33.0 1.0 0.0 0.0 0.0 1.0 17.0 40.0 32.0 2.0 0.0 0.0 1.0 3.0 9.0 2.0 0.0 0.0 9.0 6.0 0.0 0.0 0.0 0.0 0.0 0.0 1.0 1.0 0.0 0.0 0.0 1.0 1.0 0.0 0.0 0.0 0.0 0.0 6.0 102.0 4.0 0.0 0.0 0.0 0.0 0.0 0.0 0.0 0.0 0.0 12.0 23.0 
