25_3_009_0
0.0 0.0 0.0 0.0 0.0 0.0 1.0 7.0 0.0 0.0 10.0 80.0 12.0 0.0 0.0 0.0 3.0 0.0 0.0 0.0 0.0 1.0 11.0 34.0 8.0 0.0 0.0 0.0 0.0 0.0 7.0 12.0 2.0 0.0 0.0 0.0 0.0 0.0 0.0 13.0 0.0 0.0 7.0 102.0 5.0 0.0 0.0 0.0 10.0 17.0 6.0 2.0 1.0 3.0 0.0 1.0 38.0 26.0 0.0 0.0 0.0 3.0 5.0 2.0 6.0 0.0 0.0 0.0 0.0 0.0 0.0 10.0 1.0 0.0 0.0 55.0 38.0 0.0 0.0 1.0 3.0 0.0 0.0 9.0 23.0 8.0 10.0 7.0 2.0 0.0 0.0 0.0 9.0 17.0 6.0 4.0 7.0 0.0 0.0 0.0 0.0 0.0 0.0 4.0 6.0 2.0 0.0 6.0 5.0 0.0 0.0 0.0 1.0 0.0 6.0 26.0 47.0 0.0 0.0 0.0 15.0 10.0 2.0 1.0 0.0 0.0 0.0 1.0 
25_3_009_1
0.0 0.0 0.0 7.0 20.0 14.0 2.0 0.0 4.0 7.0 8.0 11.0 2.0 4.0 7.0 1.0 0.0 1.0 13.0 28.0 18.0 0.0 0.0 0.0 0.0 0.0 3.0 79.0 32.0 0.0 0.0 0.0 0.0 4.0 9.0 16.0 3.0 2.0 0.0 0.0 4.0 8.0 5.0 17.0 10.0 13.0 4.0 9.0 0.0 0.0 0.0 32.0 28.0 19.0 0.0 0.0 0.0 0.0 3.0 60.0 46.0 95.0 12.0 0.0 7.0 2.0 26.0 14.0 1.0 0.0 6.0 8.0 12.0 3.0 2.0 5.0 0.0 0.0 2.0 45.0 0.0 0.0 15.0 63.0 1.0 0.0 0.0 0.0 5.0 0.0 0.0 0.0 0.0 13.0 33.0 102.0 0.0 0.0 4.0 49.0 44.0 8.0 0.0 0.0 46.0 27.0 1.0 3.0 10.0 0.0 0.0 0.0 10.0 19.0 14.0 6.0 0.0 0.0 1.0 6.0 0.0 0.0 0.0 0.0 0.0 0.0 34.0 83.0 
25_3_009_2
0.0 0.0 0.0 0.0 0.0 24.0 2.0 0.0 0.0 0.0 0.0 0.0 0.0 2.0 10.0 57.0 0.0 2.0 0.0 0.0 0.0 0.0 4.0 8.0 0.0 0.0 2.0 2.0 4.0 0.0 0.0 1.0 0.0 0.0 0.0 0.0 8.0 102.0 0.0 0.0 0.0 0.0 0.0 12.0 33.0 62.0 10.0 2.0 0.0 0.0 0.0 0.0 5.0 10.0 8.0 3.0 0.0 0.0 1.0 3.0 3.0 3.0 4.0 1.0 0.0 0.0 6.0 1.0 0.0 0.0 0.0 0.0 0.0 0.0 16.0 45.0 0.0 0.0 0.0 0.0 1.0 0.0 1.0 1.0 0.0 0.0 0.0 11.0 0.0 3.0 3.0 2.0 3.0 0.0 0.0 0.0 0.0 0.0 4.0 1.0 0.0 0.0 0.0 0.0 0.0 0.0 2.0 40.0 2.0 0.0 0.0 0.0 1.0 9.0 14.0 2.0 0.0 0.0 0.0 0.0 2.0 8.0 9.0 0.0 0.0 0.0 4.0 9.0 
25_3_009_3
0.0 7.0 10.0 0.0 0.0 0.0 0.0 0.0 0.0 3.0 14.0 0.0 0.0 0.0 0.0 0.0 0.0 0.0 54.0 66.0 0.0 0.0 0.0 0.0 0.0 0.0 0.0 2.0 2.0 2.0 6.0 11.0 0.0 6.0 10.0 0.0 0.0 0.0 0.0 0.0 0.0 5.0 16.0 11.0 0.0 0.0 0.0 0.0 0.0 0.0 38.0 89.0 0.0 0.0 0.0 0.0 6.0 23.0 11.0 0.0 0.0 0.0 1.0 7.0 0.0 9.0 5.0 0.0 0.0 0.0 0.0 0.0 0.0 4.0 7.0 17.0 1.0 0.0 0.0 0.0 0.0 0.0 27.0 102.0 22.0 0.0 0.0 0.0 0.0 18.0 17.0 6.0 11.0 23.0 7.0 1.0 0.0 8.0 0.0 0.0 0.0 0.0 0.0 0.0 2.0 5.0 0.0 0.0 0.0 0.0 0.0 0.0 0.0 0.0 0.0 83.0 45.0 0.0 0.0 0.0 19.0 0.0 1.0 0.0 0.0 3.0 7.0 23.0 
25_3_009_4
3.0 0.0 0.0 0.0 0.0 0.0 0.0 0.0 0.0 0.0 1.0 99.0 4.0 0.0 0.0 0.0 0.0 0.0 0.0 11.0 1.0 0.0 0.0 0.0 0.0 0.0 0.0 0.0 0.0 0.0 0.0 1.0 4.0 4.0 0.0 0.0 0.0 0.0 0.0 0.0 0.0 0.0 10.0 102.0 2.0 0.0 0.0 0.0 0.0 0.0 0.0 16.0 3.0 12.0 1.0 0.0 0.0 0.0 0.0 0.0 3.0 8.0 0.0 0.0 5.0 29.0 0.0 0.0 0.0 1.0 0.0 0.0 0.0 9.0 17.0 21.0 13.0 5.0 0.0 0.0 0.0 0.0 0.0 0.0 6.0 49.0 7.0 0.0 0.0 0.0 0.0 2.0 28.0 22.0 0.0 0.0 0.0 0.0 0.0 0.0 0.0 4.0 1.0 0.0 0.0 0.0 4.0 8.0 3.0 3.0 0.0 0.0 2.0 0.0 2.0 0.0 0.0 1.0 1.0 2.0 1.0 0.0 0.0 9.0 10.0 1.0 0.0 0.0 
25_3_009_5
0.0 0.0 0.0 53.0 9.0 0.0 1.0 2.0 0.0 0.0 1.0 56.0 20.0 0.0 11.0 27.0 6.0 0.0 0.0 0.0 0.0 0.0 4.0 35.0 8.0 0.0 0.0 0.0 0.0 0.0 2.0 17.0 0.0 0.0 0.0 33.0 3.0 0.0 0.0 5.0 4.0 1.0 4.0 102.0 14.0 0.0 2.0 15.0 15.0 27.0 9.0 0.0 0.0 0.0 0.0 6.0 28.0 64.0 1.0 0.0 0.0 0.0 0.0 2.0 1.0 0.0 7.0 38.0 2.0 0.0 0.0 3.0 7.0 2.0 6.0 98.0 15.0 0.0 2.0 4.0 0.0 3.0 9.0 6.0 3.0 20.0 12.0 3.0 0.0 0.0 0.0 0.0 0.0 34.0 17.0 4.0 3.0 0.0 0.0 7.0 6.0 0.0 0.0 2.0 0.0 0.0 0.0 41.0 73.0 2.0 0.0 0.0 8.0 0.0 0.0 1.0 2.0 0.0 6.0 12.0 7.0 0.0 0.0 0.0 5.0 4.0 5.0 6.0 
25_3_009_6
0.0 0.0 5.0 26.0 10.0 52.0 86.0 6.0 5.0 2.0 1.0 19.0 20.0 26.0 5.0 0.0 0.0 0.0 0.0 0.0 2.0 55.0 41.0 49.0 0.0 0.0 0.0 0.0 40.0 97.0 0.0 0.0 2.0 10.0 46.0 26.0 0.0 1.0 0.0 16.0 21.0 13.0 0.0 0.0 52.0 74.0 4.0 42.0 13.0 41.0 15.0 14.0 9.0 26.0 34.0 59.0 35.0 102.0 7.0 0.0 12.0 21.0 0.0 0.0 3.0 0.0 4.0 8.0 15.0 31.0 9.0 39.0 1.0 2.0 0.0 1.0 11.0 54.0 62.0 53.0 0.0 0.0 12.0 36.0 39.0 47.0 27.0 3.0 6.0 10.0 9.0 10.0 86.0 14.0 2.0 2.0 0.0 0.0 0.0 0.0 55.0 43.0 -10.0 97.0 18.0 6.0 4.0 7.0 17.0 2.0 -14.0 62.0 0.0 5.0 27.0 32.0 10.0 11.0 2.0 0.0 26.0 36.0 23.0 2.0 18.0 18.0 -17.0 45.0 
25_3_009_7
7.0 44.0 1.0 0.0 0.0 0.0 0.0 0.0 5.0 53.0 19.0 3.0 0.0 0.0 0.0 0.0 0.0 1.0 20.0 102.0 23.0 27.0 2.0 0.0 0.0 0.0 0.0 0.0 0.0 66.0 19.0 0.0 0.0 12.0 3.0 0.0 0.0 8.0 3.0 1.0 0.0 15.0 4.0 0.0 0.0 18.0 8.0 0.0 0.0 0.0 7.0 7.0 12.0 16.0 0.0 0.0 3.0 2.0 0.0 0.0 4.0 11.0 1.0 2.0 18.0 7.0 1.0 0.0 0.0 1.0 2.0 5.0 4.0 7.0 7.0 0.0 0.0 0.0 2.0 1.0 0.0 2.0 8.0 24.0 12.0 1.0 0.0 0.0 3.0 0.0 0.0 5.0 2.0 5.0 8.0 2.0 14.0 0.0 0.0 0.0 0.0 6.0 8.0 11.0 1.0 4.0 8.0 4.0 2.0 0.0 0.0 3.0 9.0 6.0 6.0 1.0 1.0 0.0 0.0 2.0 0.0 5.0 11.0 10.0 5.0 1.0 0.0 0.0 
25_3_009_8
0.0 0.0 0.0 0.0 26.0 15.0 0.0 0.0 0.0 0.0 2.0 32.0 102.0 1.0 0.0 0.0 1.0 0.0 0.0 6.0 23.0 0.0 0.0 0.0 2.0 0.0 0.0 0.0 0.0 0.0 0.0 0.0 3.0 0.0 1.0 31.0 8.0 1.0 1.0 10.0 0.0 1.0 8.0 39.0 32.0 9.0 10.0 13.0 0.0 0.0 0.0 82.0 73.0 0.0 0.0 0.0 1.0 0.0 0.0 0.0 0.0 0.0 0.0 0.0 12.0 9.0 23.0 7.0 0.0 0.0 0.0 2.0 17.0 17.0 41.0 27.0 0.0 0.0 0.0 5.0 0.0 0.0 89.0 81.0 0.0 0.0 0.0 0.0 0.0 0.0 0.0 0.0 0.0 0.0 0.0 1.0 0.0 2.0 32.0 5.0 0.0 0.0 0.0 0.0 0.0 0.0 84.0 23.0 0.0 0.0 0.0 0.0 0.0 0.0 23.0 3.0 0.0 0.0 0.0 0.0 0.0 0.0 0.0 0.0 0.0 0.0 3.0 1.0 
25_3_009_9
0.0 0.0 0.0 0.0 6.0 2.0 3.0 4.0 0.0 0.0 6.0 38.0 21.0 0.0 0.0 0.0 0.0 0.0 0.0 48.0 29.0 0.0 0.0 0.0 0.0 0.0 0.0 0.0 0.0 0.0 0.0 2.0 5.0 3.0 9.0 5.0 0.0 0.0 0.0 11.0 0.0 3.0 22.0 36.0 0.0 3.0 14.0 6.0 0.0 0.0 2.0 102.0 31.0 0.0 0.0 0.0 1.0 0.0 0.0 0.0 0.0 0.0 0.0 0.0 2.0 16.0 35.0 0.0 0.0 0.0 0.0 0.0 13.0 32.0 47.0 2.0 0.0 0.0 0.0 9.0 0.0 2.0 76.0 31.0 0.0 0.0 0.0 0.0 0.0 0.0 0.0 0.0 0.0 0.0 0.0 0.0 0.0 25.0 43.0 1.0 0.0 0.0 0.0 0.0 0.0 14.0 44.0 0.0 0.0 0.0 0.0 0.0 0.0 0.0 3.0 0.0 0.0 0.0 1.0 0.0 0.0 0.0 0.0 0.0 0.0 0.0 2.0 0.0 
25_3_009_10
35.0 13.0 0.0 0.0 0.0 0.0 1.0 4.0 16.0 6.0 1.0 0.0 0.0 0.0 0.0 9.0 1.0 2.0 14.0 12.0 3.0 0.0 0.0 0.0 5.0 4.0 1.0 3.0 2.0 4.0 3.0 7.0 0.0 0.0 0.0 0.0 15.0 74.0 10.0 0.0 0.0 0.0 27.0 14.0 6.0 15.0 15.0 5.0 1.0 12.0 19.0 0.0 0.0 0.0 5.0 8.0 1.0 0.0 4.0 2.0 0.0 0.0 16.0 19.0 2.0 2.0 0.0 1.0 3.0 2.0 0.0 0.0 0.0 0.0 5.0 102.0 18.0 0.0 0.0 0.0 39.0 8.0 2.0 1.0 0.0 0.0 0.0 12.0 16.0 8.0 11.0 1.0 0.0 0.0 0.0 3.0 0.0 7.0 7.0 3.0 0.0 0.0 0.0 0.0 0.0 1.0 18.0 28.0 19.0 0.0 0.0 0.0 5.0 1.0 0.0 15.0 30.0 7.0 1.0 2.0 16.0 8.0 3.0 0.0 0.0 2.0 1.0 2.0 
25_3_009_11
0.0 0.0 0.0 3.0 2.0 2.0 0.0 0.0 0.0 0.0 0.0 0.0 3.0 4.0 0.0 0.0 0.0 0.0 26.0 90.0 4.0 0.0 0.0 0.0 0.0 0.0 0.0 2.0 0.0 5.0 33.0 0.0 0.0 0.0 1.0 15.0 2.0 3.0 0.0 0.0 0.0 0.0 0.0 8.0 3.0 5.0 0.0 0.0 0.0 0.0 24.0 100.0 0.0 0.0 0.0 1.0 0.0 0.0 0.0 0.0 0.0 0.0 19.0 13.0 0.0 0.0 2.0 34.0 2.0 0.0 0.0 0.0 0.0 0.0 1.0 22.0 2.0 0.0 0.0 0.0 3.0 0.0 13.0 102.0 5.0 0.0 0.0 7.0 10.0 0.0 0.0 0.0 0.0 0.0 0.0 22.0 0.0 3.0 1.0 12.0 2.0 0.0 0.0 0.0 0.0 4.0 1.0 7.0 0.0 0.0 0.0 0.0 1.0 0.0 0.0 75.0 41.0 0.0 0.0 0.0 28.0 0.0 0.0 0.0 0.0 0.0 0.0 3.0 
25_3_009_12
0.0 0.0 0.0 0.0 16.0 100.0 0.0 0.0 0.0 0.0 0.0 0.0 49.0 102.0 0.0 0.0 0.0 0.0 0.0 0.0 14.0 30.0 20.0 29.0 0.0 0.0 0.0 2.0 3.0 1.0 3.0 2.0 0.0 0.0 2.0 1.0 1.0 0.0 0.0 0.0 0.0 0.0 2.0 7.0 8.0 3.0 0.0 0.0 0.0 0.0 2.0 56.0 15.0 0.0 1.0 0.0 0.0 0.0 0.0 0.0 2.0 4.0 7.0 12.0 0.0 1.0 3.0 0.0 0.0 0.0 0.0 0.0 0.0 0.0 25.0 12.0 0.0 0.0 0.0 0.0 0.0 0.0 18.0 31.0 0.0 0.0 0.0 4.0 2.0 1.0 0.0 0.0 0.0 0.0 1.0 11.0 0.0 1.0 2.0 0.0 0.0 0.0 0.0 0.0 0.0 0.0 11.0 34.0 0.0 0.0 0.0 0.0 0.0 0.0 3.0 6.0 1.0 0.0 0.0 2.0 2.0 0.0 0.0 0.0 0.0 0.0 1.0 5.0 
25_3_009_13
4.0 15.0 9.0 3.0 0.0 0.0 0.0 0.0 10.0 23.0 1.0 0.0 0.0 0.0 4.0 5.0 5.0 3.0 9.0 8.0 1.0 0.0 0.0 6.0 14.0 0.0 0.0 0.0 0.0 0.0 9.0 63.0 0.0 0.0 0.0 6.0 25.0 45.0 0.0 0.0 0.0 0.0 0.0 2.0 6.0 21.0 17.0 0.0 0.0 0.0 0.0 27.0 9.0 0.0 16.0 24.0 0.0 0.0 0.0 0.0 0.0 0.0 62.0 49.0 0.0 0.0 2.0 28.0 2.0 0.0 0.0 0.0 0.0 0.0 8.0 17.0 0.0 0.0 0.0 0.0 0.0 3.0 10.0 15.0 0.0 0.0 25.0 82.0 0.0 0.0 1.0 3.0 0.0 0.0 15.0 26.0 0.0 0.0 20.0 8.0 0.0 0.0 0.0 0.0 0.0 0.0 32.0 17.0 0.0 0.0 0.0 0.0 3.0 0.0 10.0 3.0 0.0 0.0 31.0 102.0 0.0 0.0 2.0 2.0 0.0 0.0 1.0 7.0 
25_3_009_14
0.0 0.0 0.0 0.0 0.0 0.0 1.0 5.0 0.0 0.0 1.0 1.0 0.0 0.0 1.0 4.0 -14.0 15.0 97.0 4.0 0.0 0.0 0.0 0.0 0.0 -12.0 48.0 0.0 0.0 0.0 0.0 13.0 0.0 0.0 0.0 0.0 0.0 0.0 2.0 4.0 0.0 0.0 2.0 11.0 0.0 0.0 0.0 4.0 0.0 -3.0 19.0 102.0 6.0 0.0 0.0 0.0 0.0 0.0 0.0 3.0 5.0 3.0 10.0 6.0 0.0 0.0 0.0 0.0 0.0 0.0 -1.0 8.0 0.0 0.0 10.0 21.0 0.0 0.0 -1.0 4.0 0.0 0.0 14.0 74.0 4.0 0.0 0.0 0.0 0.0 0.0 0.0 1.0 1.0 2.0 7.0 6.0 0.0 0.0 0.0 0.0 0.0 0.0 -2.0 7.0 1.0 0.0 1.0 24.0 1.0 0.0 0.0 0.0 0.0 0.0 1.0 55.0 10.0 0.0 0.0 0.0 0.0 0.0 1.0 0.0 0.0 0.0 -1.0 15.0 
25_3_009_15
0.0 1.0 4.0 1.0 0.0 0.0 0.0 0.0 0.0 0.0 25.0 7.0 0.0 0.0 0.0 0.0 0.0 0.0 24.0 70.0 1.0 0.0 0.0 1.0 2.0 0.0 0.0 0.0 0.0 0.0 0.0 24.0 0.0 2.0 2.0 0.0 0.0 0.0 0.0 0.0 0.0 0.0 34.0 58.0 0.0 0.0 0.0 0.0 0.0 0.0 14.0 36.0 6.0 0.0 0.0 0.0 1.0 0.0 0.0 0.0 0.0 0.0 7.0 24.0 0.0 2.0 4.0 0.0 0.0 0.0 0.0 0.0 0.0 0.0 3.0 102.0 8.0 0.0 0.0 0.0 7.0 3.0 10.0 17.0 6.0 0.0 0.0 2.0 13.0 4.0 0.0 0.0 0.0 0.0 0.0 13.0 0.0 2.0 2.0 0.0 0.0 0.0 0.0 0.0 0.0 0.0 1.0 63.0 6.0 0.0 0.0 0.0 0.0 0.0 6.0 24.0 12.0 2.0 0.0 0.0 0.0 9.0 17.0 1.0 1.0 0.0 0.0 0.0 
25_3_009_16
0.0 0.0 0.0 0.0 0.0 0.0 0.0 3.0 0.0 0.0 0.0 72.0 24.0 0.0 0.0 0.0 0.0 0.0 0.0 0.0 0.0 0.0 4.0 22.0 2.0 0.0 0.0 0.0 0.0 0.0 0.0 5.0 0.0 0.0 0.0 0.0 0.0 0.0 0.0 4.0 0.0 0.0 7.0 102.0 2.0 0.0 0.0 0.0 8.0 0.0 1.0 2.0 0.0 0.0 0.0 19.0 3.0 2.0 5.0 2.0 0.0 0.0 0.0 0.0 1.0 0.0 0.0 0.0 0.0 0.0 0.0 3.0 0.0 0.0 22.0 84.0 2.0 0.0 0.0 0.0 13.0 0.0 0.0 12.0 4.0 0.0 0.0 10.0 1.0 1.0 8.0 6.0 2.0 1.0 0.0 0.0 1.0 0.0 0.0 0.0 0.0 0.0 0.0 1.0 0.0 0.0 0.0 45.0 30.0 0.0 0.0 0.0 0.0 0.0 0.0 2.0 16.0 3.0 2.0 4.0 0.0 0.0 0.0 0.0 0.0 3.0 3.0 6.0 
25_3_009_17
3.0 13.0 10.0 7.0 4.0 0.0 0.0 0.0 17.0 7.0 1.0 0.0 0.0 0.0 1.0 6.0 1.0 5.0 24.0 25.0 1.0 0.0 0.0 0.0 1.0 1.0 4.0 5.0 4.0 1.0 3.0 3.0 21.0 53.0 5.0 0.0 0.0 0.0 0.0 8.0 31.0 4.0 0.0 0.0 0.0 0.0 9.0 65.0 0.0 0.0 40.0 75.0 9.0 0.0 0.0 0.0 30.0 13.0 4.0 0.0 0.0 0.0 8.0 11.0 6.0 0.0 0.0 0.0 0.0 27.0 65.0 18.0 0.0 0.0 0.0 0.0 4.0 30.0 102.0 20.0 0.0 0.0 7.0 79.0 97.0 5.0 0.0 0.0 18.0 8.0 2.0 4.0 12.0 5.0 3.0 3.0 3.0 3.0 0.0 0.0 0.0 52.0 30.0 3.0 1.0 8.0 1.0 0.0 0.0 14.0 8.0 0.0 0.0 3.0 0.0 24.0 63.0 5.0 0.0 0.0 1.0 10.0 3.0 12.0 84.0 37.0 0.0 0.0 
25_3_009_18
84.0 0.0 0.0 0.0 0.0 0.0 -8.0 -5.0 11.0 0.0 0.0 0.0 0.0 3.0 -10.0 20.0 -20.0 46.0 0.0 0.0 0.0 2.0 1.0 0.0 -35.0 102.0 2.0 0.0 0.0 0.0 0.0 0.0 10.0 3.0 0.0 0.0 2.0 3.0 -6.0 24.0 56.0 0.0 0.0 0.0 0.0 0.0 -20.0 53.0 -19.0 31.0 57.0 10.0 0.0 0.0 0.0 0.0 -4.0 0.0 25.0 6.0 7.0 0.0 0.0 0.0 0.0 -2.0 5.0 2.0 22.0 9.0 0.0 0.0 0.0 0.0 0.0 0.0 0.0 0.0 6.0 60.0 0.0 0.0 5.0 21.0 20.0 2.0 0.0 1.0 0.0 0.0 0.0 0.0 4.0 28.0 7.0 2.0 0.0 -1.0 6.0 4.0 2.0 0.0 2.0 0.0 0.0 0.0 0.0 0.0 0.0 0.0 7.0 21.0 0.0 0.0 1.0 1.0 5.0 3.0 0.0 3.0 0.0 0.0 0.0 0.0 2.0 10.0 0.0 6.0 
25_3_009_19
0.0 0.0 0.0 0.0 3.0 18.0 0.0 0.0 0.0 0.0 5.0 17.0 10.0 4.0 0.0 0.0 2.0 33.0 45.0 7.0 0.0 0.0 0.0 0.0 13.0 3.0 0.0 0.0 0.0 0.0 4.0 23.0 0.0 0.0 0.0 4.0 14.0 11.0 3.0 0.0 0.0 0.0 19.0 102.0 12.0 7.0 0.0 0.0 0.0 0.0 17.0 26.0 9.0 3.0 21.0 3.0 11.0 0.0 0.0 0.0 0.0 0.0 23.0 71.0 0.0 0.0 1.0 8.0 1.0 0.0 6.0 6.0 0.0 0.0 0.0 92.0 60.0 3.0 0.0 0.0 0.0 0.0 0.0 5.0 34.0 21.0 8.0 0.0 7.0 0.0 0.0 0.0 0.0 0.0 18.0 44.0 0.0 0.0 1.0 0.0 0.0 0.0 2.0 7.0 0.0 0.0 6.0 23.0 14.0 0.0 0.0 0.0 0.0 1.0 1.0 10.0 41.0 26.0 0.0 0.0 0.0 0.0 0.0 0.0 2.0 16.0 15.0 2.0 
25_3_009_20
0.0 0.0 0.0 4.0 10.0 8.0 7.0 0.0 3.0 1.0 9.0 3.0 1.0 3.0 1.0 3.0 2.0 23.0 11.0 0.0 0.0 4.0 0.0 3.0 22.0 16.0 0.0 0.0 3.0 14.0 -5.0 12.0 1.0 2.0 2.0 1.0 2.0 1.0 0.0 0.0 0.0 0.0 15.0 15.0 3.0 11.0 3.0 0.0 0.0 0.0 30.0 43.0 8.0 0.0 0.0 0.0 6.0 5.0 0.0 0.0 0.0 0.0 -44.0 102.0 7.0 3.0 0.0 0.0 0.0 0.0 -8.0 23.0 4.0 2.0 4.0 13.0 7.0 9.0 3.0 7.0 0.0 5.0 28.0 94.0 8.0 0.0 0.0 0.0 4.0 9.0 15.0 0.0 0.0 0.0 -3.0 52.0 11.0 2.0 0.0 0.0 5.0 6.0 -4.0 8.0 1.0 15.0 20.0 6.0 0.0 0.0 0.0 0.0 0.0 0.0 23.0 36.0 15.0 12.0 1.0 0.0 0.0 0.0 3.0 0.0 1.0 18.0 42.0 22.0 
25_3_009_21
0.0 0.0 0.0 12.0 6.0 1.0 3.0 1.0 0.0 6.0 9.0 49.0 9.0 0.0 0.0 0.0 12.0 1.0 0.0 4.0 27.0 1.0 14.0 21.0 0.0 0.0 0.0 33.0 48.0 0.0 0.0 0.0 5.0 0.0 2.0 16.0 0.0 0.0 0.0 7.0 0.0 0.0 5.0 72.0 14.0 0.0 0.0 0.0 18.0 0.0 6.0 2.0 9.0 0.0 22.0 66.0 0.0 0.0 13.0 102.0 23.0 0.0 0.0 0.0 9.0 8.0 12.0 1.0 0.0 0.0 0.0 1.0 0.0 0.0 18.0 68.0 0.0 0.0 0.0 0.0 38.0 9.0 23.0 0.0 0.0 0.0 1.0 23.0 0.0 0.0 70.0 41.0 0.0 0.0 0.0 0.0 0.0 4.0 21.0 0.0 0.0 0.0 0.0 0.0 0.0 0.0 29.0 6.0 0.0 2.0 3.0 0.0 0.0 0.0 55.0 16.0 0.0 0.0 2.0 0.0 0.0 0.0 20.0 4.0 0.0 0.0 0.0 0.0 
25_3_009_22
0.0 0.0 0.0 11.0 36.0 0.0 0.0 0.0 7.0 0.0 0.0 18.0 67.0 0.0 2.0 9.0 89.0 20.0 7.0 3.0 0.0 0.0 0.0 9.0 0.0 1.0 18.0 102.0 11.0 0.0 0.0 0.0 15.0 5.0 4.0 6.0 6.0 0.0 0.0 1.0 0.0 0.0 2.0 52.0 42.0 0.0 0.0 0.0 23.0 5.0 0.0 27.0 32.0 0.0 3.0 10.0 0.0 5.0 21.0 75.0 0.0 0.0 0.0 2.0 19.0 11.0 3.0 1.0 0.0 0.0 0.0 1.0 0.0 0.0 26.0 20.0 0.0 0.0 0.0 0.0 0.0 0.0 10.0 57.0 0.0 0.0 7.0 15.0 0.0 0.0 5.0 94.0 0.0 0.0 3.0 6.0 2.0 1.0 1.0 1.0 0.0 0.0 1.0 2.0 0.0 0.0 23.0 16.0 0.0 0.0 0.0 0.0 0.0 0.0 2.0 13.0 3.0 2.0 21.0 8.0 0.0 0.0 14.0 82.0 1.0 0.0 0.0 0.0 
25_3_009_23
0.0 0.0 1.0 32.0 6.0 0.0 1.0 0.0 0.0 0.0 0.0 5.0 23.0 10.0 16.0 4.0 2.0 9.0 9.0 64.0 31.0 0.0 0.0 0.0 12.0 5.0 15.0 22.0 0.0 0.0 -12.0 27.0 1.0 0.0 1.0 5.0 14.0 6.0 1.0 1.0 0.0 0.0 0.0 6.0 21.0 8.0 25.0 13.0 0.0 0.0 5.0 86.0 102.0 7.0 0.0 0.0 0.0 0.0 13.0 38.0 11.0 10.0 12.0 6.0 49.0 2.0 1.0 0.0 0.0 0.0 -3.0 -7.0 52.0 5.0 18.0 4.0 0.0 0.0 0.0 -19.0 0.0 3.0 31.0 53.0 26.0 0.0 0.0 0.0 4.0 0.0 0.0 2.0 38.0 16.0 37.0 4.0 37.0 0.0 0.0 0.0 0.0 16.0 3.0 -15.0 17.0 11.0 2.0 0.0 2.0 29.0 4.0 -8.0 0.0 1.0 8.0 7.0 9.0 6.0 1.0 0.0 4.0 0.0 2.0 16.0 30.0 7.0 0.0 -1.0 
25_3_009_24
2.0 4.0 1.0 0.0 0.0 0.0 0.0 0.0 0.0 0.0 19.0 13.0 8.0 2.0 3.0 0.0 0.0 0.0 6.0 17.0 10.0 13.0 8.0 0.0 0.0 3.0 25.0 19.0 0.0 0.0 0.0 2.0 4.0 2.0 0.0 0.0 0.0 0.0 -12.0 42.0 4.0 3.0 1.0 5.0 5.0 9.0 11.0 11.0 0.0 0.0 27.0 102.0 7.0 1.0 2.0 0.0 6.0 7.0 29.0 20.0 11.0 1.0 1.0 20.0 23.0 1.0 0.0 0.0 4.0 4.0 -7.0 14.0 15.0 24.0 11.0 2.0 0.0 0.0 -6.0 13.0 0.0 6.0 95.0 41.0 3.0 0.0 0.0 0.0 0.0 6.0 33.0 18.0 8.0 5.0 4.0 1.0 8.0 12.0 4.0 4.0 19.0 5.0 0.0 0.0 1.0 5.0 5.0 7.0 3.0 1.0 0.0 0.0 0.0 0.0 8.0 27.0 9.0 3.0 0.0 5.0 0.0 0.0 0.0 0.0 7.0 56.0 15.0 4.0 
25_3_009_25
0.0 0.0 23.0 79.0 42.0 27.0 17.0 0.0 0.0 0.0 0.0 7.0 20.0 32.0 102.0 8.0 17.0 10.0 2.0 0.0 2.0 0.0 -7.0 90.0 13.0 90.0 22.0 0.0 1.0 0.0 0.0 3.0 1.0 27.0 41.0 0.0 0.0 0.0 74.0 58.0 0.0 0.0 13.0 38.0 21.0 5.0 19.0 1.0 1.0 31.0 50.0 90.0 18.0 2.0 0.0 0.0 18.0 24.0 14.0 0.0 0.0 0.0 17.0 22.0 6.0 19.0 0.0 0.0 0.0 6.0 33.0 30.0 0.0 29.0 53.0 11.0 2.0 3.0 0.0 0.0 0.0 0.0 19.0 33.0 5.0 60.0 91.0 8.0 0.0 0.0 0.0 20.0 53.0 60.0 11.0 0.0 0.0 0.0 3.0 10.0 6.0 42.0 25.0 0.0 0.0 0.0 11.0 31.0 35.0 19.0 2.0 0.0 5.0 11.0 3.0 0.0 0.0 11.0 23.0 65.0 0.0 1.0 11.0 23.0 13.0 8.0 3.0 0.0 
25_3_009_26
0.0 0.0 6.0 38.0 23.0 46.0 22.0 0.0 1.0 3.0 41.0 55.0 1.0 0.0 21.0 4.0 1.0 2.0 0.0 0.0 0.0 5.0 75.0 29.0 0.0 0.0 0.0 2.0 39.0 34.0 0.0 0.0 5.0 35.0 46.0 20.0 1.0 36.0 39.0 3.0 0.0 0.0 0.0 27.0 31.0 102.0 42.0 0.0 0.0 0.0 0.0 0.0 0.0 9.0 81.0 39.0 0.0 0.0 0.0 2.0 42.0 28.0 27.0 2.0 11.0 12.0 5.0 0.0 0.0 8.0 23.0 0.0 0.0 5.0 45.0 62.0 1.0 0.0 0.0 0.0 38.0 85.0 0.0 0.0 0.0 0.0 11.0 40.0 76.0 35.0 0.0 5.0 5.0 0.0 0.0 6.0 5.0 25.0 12.0 15.0 0.0 0.0 4.0 0.0 0.0 7.0 63.0 20.0 20.0 47.0 7.0 0.0 13.0 17.0 4.0 1.0 20.0 22.0 16.0 8.0 50.0 3.0 0.0 0.0 0.0 0.0 4.0 28.0 
25_3_009_27
10.0 20.0 3.0 6.0 24.0 3.0 0.0 1.0 9.0 4.0 1.0 1.0 0.0 1.0 2.0 6.0 1.0 2.0 11.0 1.0 0.0 0.0 0.0 1.0 0.0 0.0 28.0 27.0 1.0 0.0 0.0 0.0 0.0 0.0 0.0 4.0 43.0 22.0 0.0 0.0 0.0 0.0 0.0 1.0 5.0 18.0 15.0 8.0 0.0 0.0 15.0 44.0 10.0 1.0 0.0 0.0 0.0 0.0 8.0 6.0 2.0 3.0 7.0 2.0 0.0 0.0 30.0 34.0 3.0 0.0 0.0 0.0 6.0 16.0 8.0 3.0 0.0 0.0 0.0 0.0 0.0 0.0 18.0 38.0 4.0 0.0 0.0 0.0 2.0 18.0 48.0 3.0 1.0 0.0 1.0 1.0 0.0 0.0 23.0 6.0 0.0 0.0 0.0 0.0 0.0 1.0 11.0 1.0 1.0 1.0 0.0 0.0 0.0 0.0 38.0 38.0 0.0 0.0 0.0 0.0 0.0 4.0 102.0 30.0 0.0 0.0 0.0 0.0 
25_3_009_28
0.0 0.0 0.0 0.0 0.0 34.0 97.0 60.0 0.0 0.0 0.0 4.0 38.0 61.0 53.0 3.0 3.0 0.0 0.0 7.0 26.0 11.0 1.0 7.0 35.0 1.0 1.0 6.0 25.0 4.0 5.0 15.0 7.0 19.0 2.0 0.0 0.0 3.0 102.0 27.0 9.0 24.0 12.0 26.0 10.0 6.0 3.0 12.0 0.0 0.0 0.0 48.0 39.0 7.0 0.0 0.0 49.0 0.0 0.0 13.0 3.0 0.0 0.0 21.0 8.0 23.0 0.0 0.0 0.0 25.0 40.0 3.0 6.0 3.0 1.0 0.0 1.0 9.0 14.0 24.0 0.0 0.0 11.0 40.0 25.0 0.0 0.0 0.0 8.0 0.0 0.0 27.0 25.0 0.0 0.0 5.0 8.0 25.0 0.0 0.0 0.0 1.0 11.0 4.0 14.0 8.0 0.0 0.0 3.0 3.0 3.0 4.0 0.0 0.0 0.0 4.0 32.0 17.0 0.0 0.0 0.0 0.0 0.0 44.0 18.0 0.0 0.0 0.0 
25_3_009_29
0.0 0.0 10.0 8.0 0.0 0.0 0.0 0.0 0.0 1.0 14.0 15.0 3.0 0.0 0.0 0.0 11.0 5.0 7.0 0.0 0.0 0.0 -14.0 33.0 10.0 0.0 0.0 0.0 0.0 0.0 -37.0 91.0 0.0 0.0 1.0 6.0 3.0 8.0 15.0 0.0 0.0 0.0 26.0 61.0 6.0 0.0 0.0 0.0 4.0 3.0 16.0 4.0 0.0 0.0 -12.0 38.0 10.0 4.0 12.0 0.0 0.0 0.0 -19.0 102.0 8.0 5.0 6.0 9.0 3.0 3.0 -1.0 10.0 0.0 0.0 28.0 57.0 24.0 0.0 0.0 0.0 0.0 2.0 38.0 6.0 7.0 0.0 2.0 6.0 0.0 0.0 0.0 0.0 0.0 0.0 34.0 84.0 1.0 7.0 10.0 3.0 0.0 0.0 0.0 0.0 0.0 0.0 4.0 31.0 15.0 2.0 0.0 0.0 0.0 0.0 1.0 5.0 3.0 40.0 29.0 0.0 0.0 0.0 0.0 0.0 0.0 1.0 17.0 33.0 
25_3_009_30
0.0 1.0 10.0 9.0 4.0 7.0 0.0 0.0 0.0 2.0 5.0 13.0 6.0 15.0 0.0 0.0 2.0 16.0 32.0 5.0 0.0 0.0 0.0 0.0 47.0 10.0 0.0 0.0 0.0 0.0 -5.0 28.0 0.0 0.0 11.0 11.0 1.0 11.0 0.0 22.0 0.0 4.0 95.0 40.0 1.0 0.0 0.0 0.0 3.0 21.0 26.0 4.0 0.0 0.0 -2.0 27.0 0.0 5.0 0.0 0.0 0.0 0.0 -9.0 88.0 6.0 27.0 42.0 8.0 0.0 0.0 0.0 0.0 0.0 24.0 63.0 46.0 2.0 0.0 0.0 0.0 1.0 40.0 21.0 0.0 0.0 3.0 22.0 13.0 4.0 12.0 3.0 0.0 0.0 0.0 80.0 73.0 0.0 1.0 15.0 14.0 2.0 1.0 2.0 0.0 0.0 0.0 7.0 13.0 35.0 49.0 1.0 0.0 0.0 0.0 0.0 0.0 0.0 30.0 102.0 6.0 4.0 2.0 0.0 0.0 0.0 0.0 59.0 20.0 
25_3_009_31
14.0 4.0 0.0 15.0 21.0 0.0 0.0 4.0 5.0 5.0 6.0 11.0 14.0 0.0 0.0 0.0 2.0 9.0 12.0 4.0 0.0 0.0 0.0 0.0 0.0 5.0 26.0 26.0 3.0 0.0 0.0 0.0 0.0 0.0 0.0 17.0 102.0 0.0 0.0 0.0 0.0 1.0 0.0 4.0 18.0 21.0 2.0 4.0 0.0 1.0 21.0 29.0 15.0 0.0 0.0 0.0 3.0 1.0 2.0 1.0 9.0 14.0 3.0 14.0 0.0 0.0 0.0 11.0 22.0 0.0 0.0 0.0 5.0 5.0 2.0 41.0 74.0 0.0 0.0 0.0 0.0 0.0 17.0 64.0 16.0 0.0 0.0 0.0 17.0 1.0 0.0 3.0 1.0 0.0 -31.0 82.0 0.0 0.0 1.0 1.0 0.0 0.0 0.0 0.0 0.0 0.0 0.0 10.0 61.0 5.0 0.0 0.0 0.0 0.0 0.0 0.0 47.0 82.0 5.0 0.0 5.0 0.0 0.0 1.0 97.0 29.0 -3.0 8.0 
25_3_009_32
0.0 0.0 0.0 1.0 5.0 6.0 0.0 0.0 0.0 0.0 1.0 30.0 11.0 1.0 0.0 0.0 18.0 1.0 3.0 7.0 4.0 0.0 -7.0 15.0 0.0 0.0 0.0 0.0 0.0 0.0 -5.0 48.0 0.0 0.0 0.0 3.0 3.0 3.0 5.0 0.0 0.0 0.0 8.0 62.0 4.0 0.0 0.0 0.0 2.0 0.0 0.0 3.0 24.0 7.0 0.0 12.0 0.0 0.0 0.0 2.0 1.0 0.0 -22.0 102.0 1.0 0.0 2.0 7.0 0.0 0.0 -4.0 11.0 0.0 0.0 2.0 29.0 33.0 2.0 0.0 0.0 0.0 0.0 2.0 14.0 8.0 5.0 4.0 15.0 0.0 0.0 0.0 11.0 8.0 3.0 -2.0 77.0 15.0 2.0 3.0 2.0 0.0 0.0 0.0 -4.0 4.0 3.0 16.0 18.0 0.0 0.0 0.0 -2.0 2.0 0.0 5.0 5.0 0.0 0.0 1.0 16.0 0.0 0.0 0.0 0.0 2.0 3.0 46.0 15.0 
25_3_009_33
0.0 0.0 0.0 0.0 0.0 2.0 42.0 8.0 0.0 2.0 0.0 0.0 0.0 2.0 39.0 14.0 3.0 0.0 18.0 32.0 15.0 0.0 -2.0 3.0 39.0 1.0 4.0 9.0 6.0 0.0 0.0 -13.0 0.0 0.0 0.0 0.0 0.0 5.0 40.0 30.0 0.0 1.0 65.0 29.0 1.0 7.0 9.0 0.0 13.0 22.0 58.0 9.0 0.0 0.0 0.0 -7.0 13.0 20.0 1.0 3.0 7.0 9.0 0.0 -8.0 102.0 0.0 0.0 0.0 0.0 0.0 -5.0 -18.0 25.0 22.0 24.0 72.0 0.0 0.0 0.0 -13.0 25.0 10.0 7.0 17.0 0.0 0.0 -3.0 22.0 0.0 0.0 0.0 0.0 1.0 23.0 26.0 5.0 2.0 0.0 0.0 0.0 0.0 3.0 -11.0 65.0 5.0 3.0 0.0 5.0 13.0 37.0 2.0 -1.0 0.0 0.0 0.0 5.0 46.0 16.0 17.0 30.0 0.0 3.0 2.0 2.0 8.0 9.0 1.0 50.0 
25_3_009_34
0.0 0.0 0.0 0.0 0.0 2.0 6.0 36.0 3.0 0.0 0.0 17.0 27.0 5.0 0.0 0.0 -7.0 35.0 4.0 12.0 3.0 1.0 0.0 -2.0 -3.0 7.0 6.0 6.0 3.0 11.0 8.0 0.0 0.0 0.0 0.0 0.0 0.0 0.0 17.0 46.0 0.0 0.0 21.0 61.0 1.0 1.0 2.0 2.0 0.0 17.0 12.0 8.0 2.0 1.0 -1.0 0.0 0.0 0.0 0.0 0.0 0.0 4.0 15.0 12.0 14.0 0.0 0.0 0.0 0.0 0.0 -1.0 43.0 -1.0 13.0 10.0 45.0 21.0 0.0 0.0 0.0 4.0 8.0 4.0 29.0 29.0 8.0 0.0 -2.0 6.0 0.0 0.0 0.0 0.0 4.0 -14.0 102.0 12.0 33.0 0.0 0.0 0.0 0.0 -5.0 5.0 -1.0 45.0 0.0 0.0 0.0 0.0 4.0 0.0 0.0 0.0 1.0 2.0 2.0 25.0 18.0 0.0 4.0 0.0 0.0 0.0 14.0 20.0 0.0 2.0 
25_3_009_35
15.0 16.0 13.0 3.0 0.0 0.0 3.0 5.0 0.0 0.0 0.0 27.0 22.0 9.0 19.0 0.0 0.0 0.0 1.0 48.0 17.0 23.0 65.0 30.0 0.0 0.0 2.0 16.0 33.0 6.0 7.0 2.0 21.0 0.0 1.0 8.0 1.0 0.0 6.0 35.0 12.0 3.0 0.0 11.0 8.0 0.0 5.0 10.0 43.0 15.0 7.0 60.0 21.0 3.0 1.0 48.0 12.0 20.0 28.0 57.0 12.0 0.0 0.0 0.0 56.0 10.0 17.0 9.0 3.0 3.0 8.0 23.0 23.0 48.0 1.0 0.0 2.0 3.0 5.0 2.0 8.0 18.0 29.0 102.0 27.0 0.0 0.0 0.0 46.0 39.0 2.0 0.0 1.0 2.0 0.0 8.0 0.0 0.0 0.0 0.0 6.0 8.0 43.0 33.0 0.0 0.0 0.0 0.0 49.0 23.0 21.0 7.0 0.0 0.0 1.0 10.0 66.0 10.0 0.0 0.0 1.0 0.0 0.0 1.0 38.0 7.0 8.0 7.0 
25_3_009_36
0.0 0.0 0.0 0.0 0.0 0.0 0.0 4.0 0.0 0.0 0.0 75.0 17.0 0.0 0.0 0.0 0.0 0.0 1.0 18.0 12.0 1.0 0.0 0.0 0.0 0.0 0.0 0.0 0.0 3.0 10.0 7.0 1.0 0.0 0.0 0.0 0.0 0.0 -1.0 5.0 0.0 0.0 19.0 94.0 0.0 0.0 0.0 0.0 0.0 0.0 5.0 13.0 9.0 7.0 2.0 2.0 0.0 0.0 2.0 0.0 1.0 1.0 0.0 12.0 0.0 0.0 0.0 0.0 0.0 0.0 -1.0 3.0 0.0 0.0 5.0 102.0 8.0 0.0 0.0 0.0 0.0 -4.0 13.0 14.0 4.0 0.0 0.0 6.0 0.0 -1.0 5.0 2.0 0.0 0.0 -3.0 17.0 4.0 0.0 0.0 0.0 0.0 0.0 0.0 0.0 0.0 0.0 1.0 51.0 19.0 0.0 0.0 0.0 0.0 0.0 0.0 27.0 11.0 0.0 0.0 0.0 0.0 0.0 0.0 2.0 0.0 0.0 0.0 10.0 
25_3_009_37
2.0 13.0 13.0 8.0 1.0 19.0 9.0 13.0 3.0 2.0 3.0 0.0 5.0 81.0 20.0 3.0 51.0 0.0 0.0 0.0 1.0 2.0 9.0 48.0 34.0 8.0 1.0 0.0 0.0 0.0 1.0 10.0 0.0 0.0 0.0 0.0 0.0 33.0 102.0 35.0 0.0 0.0 3.0 42.0 25.0 32.0 8.0 0.0 3.0 1.0 1.0 8.0 9.0 1.0 9.0 30.0 47.0 19.0 0.0 0.0 0.0 0.0 2.0 26.0 5.0 6.0 7.0 0.0 0.0 6.0 19.0 0.0 0.0 0.0 8.0 15.0 21.0 53.0 20.0 0.0 0.0 0.0 3.0 18.0 66.0 17.0 0.0 0.0 0.0 16.0 14.0 12.0 8.0 29.0 1.0 0.0 21.0 13.0 0.0 0.0 0.0 0.0 17.0 8.0 21.0 18.0 0.0 0.0 6.0 3.0 11.0 6.0 9.0 0.0 0.0 0.0 59.0 40.0 1.0 1.0 0.0 0.0 1.0 13.0 17.0 67.0 4.0 0.0 
25_3_009_38
0.0 0.0 0.0 0.0 6.0 17.0 8.0 17.0 3.0 0.0 0.0 8.0 102.0 11.0 -2.0 7.0 0.0 0.0 0.0 22.0 82.0 81.0 9.0 0.0 38.0 0.0 2.0 26.0 10.0 1.0 -12.0 21.0 0.0 0.0 0.0 2.0 49.0 17.0 19.0 17.0 51.0 10.0 15.0 36.0 33.0 0.0 0.0 -21.0 -32.0 102.0 16.0 45.0 20.0 0.0 0.0 0.0 0.0 0.0 0.0 31.0 41.0 38.0 45.0 7.0 1.0 2.0 12.0 37.0 2.0 0.0 17.0 25.0 -9.0 29.0 64.0 84.0 2.0 0.0 0.0 0.0 9.0 0.0 3.0 5.0 7.0 23.0 5.0 6.0 0.0 0.0 0.0 0.0 0.0 13.0 70.0 20.0 16.0 5.0 8.0 56.0 5.0 0.0 4.0 -4.0 0.0 19.0 12.0 80.0 35.0 0.0 0.0 -2.0 23.0 1.0 0.0 0.0 0.0 0.0 15.0 95.0 0.0 0.0 0.0 0.0 10.0 37.0 34.0 4.0 
25_3_009_39
0.0 0.0 0.0 0.0 0.0 0.0 11.0 12.0 0.0 0.0 0.0 4.0 0.0 0.0 39.0 37.0 0.0 3.0 9.0 22.0 7.0 8.0 12.0 0.0 1.0 0.0 0.0 0.0 0.0 4.0 44.0 0.0 0.0 0.0 0.0 0.0 0.0 0.0 34.0 54.0 0.0 0.0 0.0 18.0 2.0 1.0 23.0 21.0 0.0 0.0 0.0 1.0 1.0 11.0 35.0 8.0 0.0 0.0 0.0 0.0 0.0 7.0 23.0 1.0 0.0 0.0 0.0 0.0 0.0 0.0 14.0 95.0 0.0 0.0 5.0 22.0 0.0 0.0 1.0 11.0 2.0 0.0 0.0 0.0 0.0 0.0 1.0 40.0 3.0 6.0 2.0 0.0 0.0 0.0 0.0 0.0 0.0 0.0 0.0 0.0 0.0 0.0 -23.0 102.0 0.0 0.0 0.0 7.0 1.0 0.0 -7.0 23.0 0.0 0.0 0.0 0.0 0.0 0.0 0.0 22.0 0.0 1.0 6.0 0.0 0.0 0.0 0.0 0.0 
25_3_009_40
1.0 0.0 0.0 1.0 1.0 0.0 2.0 1.0 2.0 1.0 2.0 14.0 5.0 0.0 0.0 0.0 2.0 0.0 0.0 25.0 39.0 0.0 0.0 7.0 0.0 0.0 0.0 35.0 24.0 0.0 0.0 0.0 0.0 0.0 0.0 0.0 1.0 6.0 5.0 0.0 0.0 0.0 0.0 36.0 14.0 0.0 0.0 0.0 4.0 0.0 0.0 26.0 4.0 0.0 0.0 25.0 0.0 0.0 2.0 102.0 7.0 0.0 0.0 0.0 0.0 0.0 9.0 3.0 2.0 4.0 1.0 0.0 0.0 3.0 37.0 27.0 0.0 0.0 0.0 0.0 11.0 2.0 9.0 23.0 0.0 0.0 0.0 17.0 0.0 0.0 14.0 90.0 0.0 0.0 0.0 0.0 0.0 1.0 35.0 6.0 0.0 0.0 0.0 0.0 6.0 7.0 45.0 8.0 0.0 0.0 2.0 3.0 8.0 0.0 8.0 32.0 0.0 0.0 2.0 24.0 0.0 0.0 10.0 53.0 0.0 0.0 0.0 0.0 
25_3_009_41
0.0 0.0 0.0 0.0 0.0 0.0 47.0 99.0 0.0 0.0 4.0 4.0 1.0 4.0 11.0 20.0 0.0 0.0 0.0 0.0 0.0 1.0 41.0 9.0 6.0 0.0 0.0 0.0 0.0 0.0 3.0 7.0 0.0 0.0 0.0 0.0 0.0 8.0 89.0 102.0 0.0 0.0 0.0 0.0 0.0 15.0 37.0 4.0 1.0 6.0 2.0 8.0 4.0 6.0 4.0 1.0 4.0 16.0 4.0 0.0 0.0 0.0 0.0 1.0 0.0 0.0 2.0 13.0 16.0 30.0 35.0 5.0 0.0 0.0 0.0 0.0 2.0 0.0 11.0 13.0 0.0 1.0 8.0 39.0 11.0 0.0 0.0 0.0 12.0 20.0 5.0 1.0 4.0 0.0 0.0 2.0 0.0 0.0 4.0 3.0 0.0 0.0 9.0 1.0 0.0 0.0 0.0 0.0 9.0 5.0 34.0 10.0 0.0 0.0 0.0 4.0 42.0 6.0 0.0 0.0 1.0 0.0 0.0 0.0 27.0 28.0 1.0 3.0 
25_3_009_42
0.0 0.0 0.0 0.0 0.0 0.0 0.0 3.0 0.0 0.0 0.0 0.0 0.0 0.0 0.0 2.0 -12.0 23.0 55.0 40.0 0.0 0.0 0.0 0.0 -11.0 30.0 14.0 11.0 0.0 0.0 0.0 0.0 0.0 0.0 0.0 0.0 0.0 0.0 2.0 3.0 0.0 0.0 1.0 9.0 0.0 0.0 0.0 2.0 0.0 0.0 13.0 102.0 4.0 0.0 0.0 0.0 0.0 0.0 1.0 17.0 7.0 2.0 2.0 0.0 0.0 0.0 0.0 0.0 0.0 0.0 -1.0 4.0 0.0 0.0 17.0 19.0 0.0 0.0 0.0 2.0 -1.0 2.0 31.0 58.0 1.0 0.0 0.0 0.0 0.0 0.0 2.0 2.0 6.0 5.0 4.0 0.0 0.0 0.0 0.0 0.0 0.0 0.0 0.0 3.0 0.0 0.0 18.0 42.0 0.0 0.0 0.0 0.0 0.0 0.0 8.0 19.0 1.0 1.0 2.0 3.0 0.0 0.0 5.0 9.0 0.0 0.0 0.0 3.0 
25_3_009_43
0.0 0.0 4.0 7.0 0.0 0.0 0.0 0.0 1.0 0.0 17.0 25.0 3.0 0.0 0.0 0.0 2.0 14.0 18.0 0.0 0.0 0.0 0.0 0.0 3.0 7.0 2.0 0.0 0.0 0.0 0.0 0.0 0.0 0.0 0.0 2.0 2.0 0.0 0.0 0.0 0.0 0.0 8.0 63.0 25.0 0.0 0.0 0.0 0.0 2.0 13.0 3.0 0.0 0.0 9.0 10.0 0.0 0.0 0.0 0.0 4.0 3.0 13.0 1.0 0.0 0.0 0.0 0.0 0.0 0.0 0.0 0.0 0.0 0.0 7.0 102.0 0.0 0.0 0.0 0.0 1.0 0.0 0.0 1.0 1.0 0.0 14.0 30.0 0.0 0.0 0.0 1.0 4.0 1.0 3.0 1.0 0.0 0.0 0.0 0.0 0.0 0.0 0.0 0.0 0.0 0.0 11.0 83.0 0.0 0.0 0.0 0.0 5.0 0.0 0.0 0.0 0.0 0.0 0.0 41.0 0.0 0.0 0.0 0.0 0.0 0.0 0.0 2.0 
25_3_009_44
0.0 0.0 0.0 0.0 0.0 9.0 24.0 2.0 0.0 0.0 3.0 2.0 2.0 30.0 32.0 13.0 0.0 0.0 34.0 73.0 9.0 9.0 0.0 0.0 0.0 4.0 32.0 35.0 2.0 0.0 0.0 0.0 2.0 3.0 5.0 0.0 0.0 0.0 6.0 5.0 35.0 41.0 19.0 0.0 0.0 0.0 0.0 7.0 0.0 0.0 29.0 102.0 1.0 1.0 1.0 0.0 0.0 0.0 10.0 84.0 31.0 5.0 4.0 0.0 7.0 1.0 18.0 28.0 0.0 0.0 0.0 1.0 24.0 52.0 20.0 13.0 0.0 0.0 0.0 5.0 8.0 13.0 23.0 8.0 0.0 2.0 17.0 12.0 0.0 0.0 0.0 22.0 84.0 3.0 17.0 8.0 4.0 3.0 5.0 4.0 0.0 3.0 11.0 8.0 2.0 0.0 0.0 30.0 78.0 16.0 1.0 5.0 46.0 4.0 1.0 2.0 0.0 0.0 2.0 40.0 14.0 17.0 1.0 3.0 5.0 0.0 0.0 3.0 
25_3_009_45
0.0 3.0 25.0 6.0 0.0 12.0 11.0 0.0 3.0 3.0 1.0 6.0 9.0 11.0 0.0 4.0 5.0 28.0 18.0 10.0 0.0 0.0 2.0 21.0 2.0 2.0 0.0 0.0 0.0 13.0 20.0 18.0 0.0 0.0 0.0 2.0 3.0 14.0 56.0 1.0 0.0 0.0 23.0 99.0 49.0 40.0 9.0 0.0 0.0 7.0 15.0 3.0 0.0 3.0 70.0 54.0 0.0 0.0 0.0 0.0 0.0 3.0 8.0 76.0 0.0 16.0 46.0 0.0 0.0 6.0 92.0 49.0 0.0 8.0 74.0 85.0 34.0 24.0 29.0 0.0 0.0 0.0 0.0 23.0 23.0 44.0 102.0 2.0 0.0 0.0 0.0 0.0 2.0 1.0 16.0 63.0 16.0 78.0 16.0 0.0 0.0 15.0 61.0 12.0 0.0 0.0 8.0 0.0 0.0 1.0 89.0 19.0 0.0 1.0 11.0 39.0 16.0 3.0 0.0 0.0 6.0 26.0 16.0 12.0 5.0 0.0 -5.0 17.0 
25_3_009_46
0.0 0.0 0.0 0.0 0.0 0.0 0.0 0.0 0.0 0.0 1.0 2.0 0.0 0.0 0.0 0.0 0.0 0.0 41.0 45.0 0.0 0.0 0.0 0.0 0.0 0.0 5.0 3.0 0.0 0.0 2.0 5.0 0.0 0.0 0.0 0.0 0.0 0.0 0.0 0.0 0.0 0.0 2.0 16.0 1.0 0.0 0.0 0.0 0.0 0.0 28.0 84.0 0.0 0.0 0.0 0.0 0.0 0.0 0.0 0.0 0.0 0.0 2.0 18.0 0.0 2.0 0.0 0.0 0.0 0.0 0.0 0.0 0.0 1.0 1.0 19.0 0.0 0.0 0.0 0.0 0.0 0.0 7.0 102.0 1.0 0.0 0.0 0.0 6.0 0.0 0.0 0.0 0.0 0.0 0.0 16.0 1.0 1.0 0.0 0.0 0.0 0.0 0.0 0.0 0.0 0.0 1.0 11.0 0.0 0.0 0.0 0.0 0.0 0.0 0.0 74.0 14.0 0.0 0.0 0.0 7.0 0.0 0.0 0.0 0.0 0.0 0.0 5.0 
25_3_009_47
0.0 0.0 0.0 6.0 4.0 2.0 1.0 0.0 0.0 0.0 3.0 19.0 3.0 0.0 0.0 0.0 0.0 2.0 19.0 3.0 0.0 0.0 4.0 3.0 4.0 1.0 0.0 0.0 0.0 4.0 20.0 2.0 3.0 0.0 0.0 8.0 9.0 1.0 2.0 13.0 0.0 0.0 28.0 53.0 8.0 0.0 0.0 0.0 31.0 17.0 6.0 1.0 0.0 0.0 1.0 10.0 22.0 15.0 0.0 0.0 0.0 0.0 0.0 5.0 7.0 1.0 4.0 2.0 5.0 2.0 3.0 43.0 0.0 0.0 13.0 102.0 15.0 6.0 0.0 0.0 10.0 5.0 0.0 0.0 18.0 20.0 3.0 1.0 25.0 7.0 9.0 0.0 2.0 11.0 2.0 2.0 0.0 0.0 0.0 1.0 8.0 10.0 20.0 0.0 0.0 0.0 0.0 3.0 50.0 40.0 0.0 0.0 0.0 3.0 3.0 32.0 40.0 3.0 0.0 0.0 4.0 39.0 7.0 0.0 0.0 8.0 2.0 0.0 
25_3_009_48
0.0 0.0 0.0 1.0 11.0 18.0 10.0 0.0 0.0 0.0 0.0 3.0 8.0 5.0 4.0 5.0 35.0 2.0 3.0 0.0 0.0 0.0 9.0 11.0 0.0 0.0 0.0 11.0 1.0 1.0 45.0 47.0 0.0 -4.0 12.0 12.0 5.0 7.0 1.0 0.0 0.0 -5.0 14.0 6.0 1.0 4.0 29.0 16.0 0.0 3.0 6.0 25.0 18.0 7.0 -9.0 47.0 0.0 0.0 0.0 0.0 0.0 0.0 40.0 102.0 -1.0 -17.0 59.0 2.0 1.0 0.0 0.0 0.0 -1.0 6.0 6.0 0.0 0.0 0.0 15.0 69.0 0.0 -6.0 27.0 49.0 5.0 1.0 38.0 29.0 0.0 0.0 0.0 0.0 0.0 0.0 44.0 77.0 0.0 -6.0 34.0 0.0 0.0 0.0 0.0 1.0 0.0 0.0 4.0 0.0 3.0 4.0 15.0 38.0 0.0 0.0 3.0 0.0 0.0 17.0 58.0 30.0 0.0 0.0 0.0 0.0 0.0 0.0 27.0 22.0 
25_3_009_49
0.0 0.0 2.0 1.0 0.0 0.0 6.0 31.0 11.0 4.0 15.0 2.0 0.0 0.0 0.0 13.0 6.0 5.0 33.0 11.0 0.0 0.0 4.0 5.0 8.0 17.0 16.0 2.0 0.0 0.0 8.0 15.0 0.0 0.0 0.0 1.0 1.0 8.0 31.0 3.0 0.0 5.0 9.0 0.0 1.0 21.0 21.0 6.0 8.0 13.0 14.0 38.0 61.0 4.0 3.0 0.0 11.0 7.0 0.0 0.0 0.0 1.0 19.0 23.0 0.0 22.0 19.0 6.0 2.0 0.0 0.0 0.0 56.0 15.0 0.0 0.0 0.0 0.0 0.0 27.0 0.0 5.0 59.0 102.0 0.0 0.0 0.0 0.0 34.0 3.0 0.0 0.0 0.0 0.0 3.0 49.0 8.0 27.0 8.0 0.0 0.0 0.0 0.0 0.0 16.0 45.0 4.0 3.0 0.0 0.0 0.0 0.0 0.0 30.0 75.0 18.0 9.0 8.0 0.0 0.0 45.0 4.0 0.0 0.0 0.0 2.0 16.0 30.0 
25_3_009_50
0.0 0.0 0.0 11.0 1.0 0.0 0.0 0.0 0.0 0.0 0.0 9.0 3.0 0.0 0.0 0.0 0.0 0.0 0.0 66.0 7.0 0.0 0.0 0.0 0.0 0.0 0.0 0.0 0.0 0.0 40.0 96.0 0.0 0.0 0.0 16.0 1.0 0.0 0.0 0.0 0.0 0.0 0.0 13.0 1.0 0.0 0.0 0.0 0.0 0.0 7.0 66.0 2.0 1.0 9.0 1.0 0.0 0.0 0.0 0.0 0.0 0.0 71.0 102.0 0.0 0.0 1.0 16.0 1.0 0.0 0.0 0.0 0.0 0.0 1.0 20.0 1.0 0.0 0.0 0.0 0.0 0.0 4.0 33.0 4.0 2.0 49.0 30.0 0.0 0.0 0.0 0.0 0.0 0.0 45.0 59.0 0.0 0.0 6.0 6.0 0.0 0.0 0.0 0.0 0.0 0.0 0.0 5.0 2.0 5.0 11.0 0.0 0.0 0.0 0.0 0.0 3.0 13.0 102.0 8.0 0.0 0.0 0.0 0.0 0.0 0.0 13.0 4.0 
25_3_009_51
8.0 1.0 1.0 0.0 0.0 3.0 12.0 31.0 0.0 1.0 11.0 14.0 4.0 6.0 3.0 0.0 0.0 6.0 36.0 6.0 1.0 4.0 1.0 0.0 0.0 0.0 16.0 42.0 6.0 0.0 0.0 0.0 0.0 0.0 0.0 0.0 0.0 3.0 26.0 13.0 0.0 0.0 11.0 74.0 9.0 0.0 0.0 0.0 0.0 0.0 2.0 5.0 11.0 15.0 25.0 14.0 0.0 0.0 11.0 55.0 55.0 1.0 0.0 0.0 1.0 2.0 3.0 2.0 1.0 0.0 0.0 0.0 0.0 0.0 6.0 30.0 33.0 4.0 0.0 0.0 0.0 0.0 0.0 7.0 12.0 0.0 48.0 39.0 0.0 0.0 3.0 102.0 69.0 2.0 0.0 0.0 10.0 5.0 4.0 0.0 0.0 0.0 -2.0 5.0 3.0 1.0 3.0 4.0 14.0 3.0 0.0 16.0 32.0 2.0 3.0 1.0 2.0 11.0 9.0 16.0 0.0 5.0 28.0 47.0 39.0 2.0 0.0 0.0 
25_3_009_52
1.0 0.0 0.0 0.0 11.0 28.0 17.0 5.0 7.0 12.0 2.0 4.0 1.0 2.0 5.0 6.0 0.0 2.0 2.0 5.0 5.0 1.0 3.0 1.0 1.0 1.0 0.0 0.0 0.0 0.0 6.0 5.0 51.0 25.0 6.0 5.0 0.0 0.0 0.0 5.0 5.0 13.0 11.0 51.0 8.0 0.0 0.0 0.0 36.0 1.0 0.0 0.0 0.0 1.0 1.0 24.0 1.0 0.0 9.0 14.0 2.0 0.0 0.0 0.0 102.0 9.0 0.0 0.0 0.0 0.0 2.0 48.0 10.0 25.0 19.0 36.0 1.0 0.0 0.0 0.0 40.0 0.0 0.0 0.0 0.0 0.0 2.0 38.0 4.0 5.0 14.0 15.0 0.0 0.0 0.0 0.0 30.0 6.0 0.0 0.0 2.0 0.0 4.0 23.0 27.0 10.0 0.0 0.0 0.0 0.0 0.0 24.0 1.0 0.0 1.0 0.0 0.0 0.0 19.0 27.0 2.0 1.0 2.0 1.0 0.0 0.0 6.0 9.0 
25_3_009_53
1.0 11.0 7.0 2.0 19.0 16.0 12.0 7.0 5.0 15.0 3.0 1.0 22.0 37.0 0.0 0.0 35.0 1.0 0.0 0.0 0.0 6.0 13.0 102.0 38.0 6.0 1.0 2.0 1.0 0.0 0.0 5.0 0.0 0.0 0.0 0.0 10.0 46.0 21.0 2.0 0.0 0.0 1.0 30.0 43.0 33.0 0.0 0.0 3.0 0.0 0.0 0.0 0.0 9.0 22.0 52.0 38.0 0.0 0.0 0.0 0.0 0.0 0.0 21.0 0.0 6.0 30.0 5.0 3.0 2.0 0.0 0.0 0.0 0.0 38.0 22.0 8.0 8.0 5.0 0.0 2.0 8.0 0.0 0.0 0.0 0.0 23.0 15.0 6.0 0.0 0.0 0.0 0.0 0.0 21.0 37.0 0.0 0.0 0.0 7.0 18.0 44.0 2.0 0.0 0.0 0.0 5.0 24.0 26.0 9.0 0.0 0.0 5.0 4.0 16.0 3.0 0.0 0.0 0.0 0.0 49.0 26.0 3.0 0.0 0.0 0.0 0.0 23.0 
25_3_009_54
0.0 5.0 5.0 0.0 0.0 2.0 -2.0 28.0 21.0 15.0 3.0 0.0 0.0 0.0 -10.0 35.0 4.0 35.0 17.0 0.0 0.0 0.0 4.0 20.0 0.0 1.0 10.0 1.0 0.0 1.0 12.0 8.0 0.0 0.0 0.0 4.0 25.0 16.0 14.0 0.0 0.0 3.0 10.0 26.0 4.0 1.0 4.0 2.0 10.0 8.0 0.0 0.0 0.0 0.0 -15.0 97.0 0.0 17.0 46.0 11.0 0.0 0.0 0.0 0.0 0.0 0.0 1.0 30.0 31.0 4.0 0.0 0.0 0.0 0.0 0.0 37.0 33.0 3.0 0.0 0.0 9.0 51.0 27.0 12.0 0.0 0.0 -9.0 20.0 3.0 70.0 31.0 0.0 0.0 0.0 2.0 2.0 0.0 0.0 0.0 0.0 12.0 13.0 5.0 2.0 0.0 0.0 0.0 3.0 56.0 25.0 0.0 0.0 0.0 2.0 5.0 35.0 102.0 14.0 3.0 0.0 0.0 0.0 0.0 0.0 2.0 30.0 35.0 4.0 
25_3_009_55
0.0 0.0 2.0 68.0 8.0 0.0 0.0 0.0 12.0 12.0 54.0 19.0 0.0 0.0 0.0 7.0 51.0 16.0 47.0 21.0 0.0 0.0 1.0 97.0 14.0 34.0 68.0 8.0 0.0 0.0 3.0 18.0 0.0 3.0 11.0 63.0 18.0 0.0 0.0 0.0 0.0 0.0 24.0 102.0 8.0 0.0 0.0 0.0 11.0 0.0 0.0 11.0 5.0 1.0 33.0 53.0 16.0 26.0 6.0 0.0 0.0 0.0 0.0 8.0 3.0 56.0 21.0 1.0 0.0 0.0 0.0 0.0 0.0 2.0 14.0 46.0 18.0 17.0 0.0 0.0 0.0 0.0 0.0 0.0 0.0 29.0 29.0 5.0 0.0 5.0 3.0 2.0 9.0 5.0 7.0 3.0 16.0 2.0 0.0 0.0 2.0 1.0 1.0 9.0 12.0 14.0 7.0 5.0 8.0 13.0 6.0 4.0 1.0 15.0 22.0 10.0 0.0 0.0 0.0 0.0 7.0 12.0 0.0 0.0 0.0 0.0 0.0 1.0 
25_3_009_56
0.0 0.0 6.0 7.0 8.0 19.0 0.0 0.0 0.0 0.0 8.0 3.0 26.0 49.0 0.0 0.0 0.0 0.0 0.0 2.0 16.0 63.0 14.0 0.0 0.0 0.0 0.0 0.0 0.0 64.0 12.0 1.0 0.0 0.0 1.0 8.0 7.0 12.0 1.0 0.0 0.0 4.0 31.0 30.0 3.0 0.0 0.0 0.0 20.0 2.0 1.0 1.0 0.0 2.0 -5.0 55.0 9.0 0.0 0.0 0.0 0.0 16.0 3.0 5.0 0.0 0.0 1.0 6.0 20.0 21.0 2.0 0.0 0.0 0.0 23.0 91.0 9.0 0.0 0.0 0.0 98.0 7.0 18.0 3.0 0.0 0.0 -17.0 16.0 23.0 0.0 0.0 0.0 0.0 0.0 -20.0 65.0 0.0 0.0 26.0 27.0 2.0 4.0 4.0 0.0 0.0 0.0 42.0 61.0 4.0 3.0 2.0 0.0 3.0 0.0 3.0 26.0 28.0 2.0 -4.0 34.0 0.0 0.0 0.0 0.0 0.0 0.0 13.0 102.0 
25_3_009_57
6.0 0.0 0.0 10.0 10.0 0.0 0.0 0.0 0.0 4.0 51.0 48.0 1.0 0.0 0.0 0.0 0.0 4.0 71.0 27.0 0.0 2.0 10.0 10.0 7.0 7.0 23.0 1.0 3.0 0.0 28.0 43.0 43.0 12.0 3.0 2.0 0.0 0.0 0.0 1.0 0.0 2.0 15.0 102.0 16.0 0.0 0.0 0.0 0.0 0.0 0.0 4.0 19.0 57.0 63.0 0.0 2.0 0.0 0.0 0.0 0.0 71.0 85.0 5.0 91.0 24.0 0.0 0.0 3.0 0.0 0.0 17.0 7.0 3.0 6.0 8.0 13.0 26.0 4.0 13.0 0.0 0.0 0.0 0.0 0.0 13.0 80.0 7.0 29.0 3.0 0.0 0.0 0.0 4.0 18.0 29.0 9.0 0.0 0.0 0.0 45.0 39.0 3.0 9.0 58.0 0.0 0.0 0.0 1.0 4.0 5.0 30.0 20.0 1.0 0.0 0.0 0.0 0.0 8.0 10.0 9.0 0.0 0.0 0.0 0.0 1.0 10.0 8.0 
25_3_009_58
30.0 2.0 0.0 0.0 0.0 0.0 1.0 26.0 5.0 0.0 3.0 7.0 0.0 0.0 2.0 18.0 7.0 0.0 14.0 69.0 5.0 1.0 17.0 34.0 2.0 1.0 8.0 70.0 5.0 2.0 11.0 41.0 19.0 7.0 0.0 1.0 9.0 8.0 18.0 14.0 61.0 17.0 27.0 0.0 0.0 0.0 0.0 0.0 73.0 19.0 47.0 102.0 0.0 0.0 0.0 17.0 66.0 37.0 44.0 15.0 0.0 0.0 0.0 12.0 0.0 0.0 0.0 15.0 46.0 13.0 20.0 0.0 5.0 5.0 9.0 21.0 31.0 0.0 0.0 0.0 1.0 0.0 6.0 86.0 34.0 3.0 5.0 4.0 31.0 3.0 0.0 0.0 0.0 0.0 2.0 36.0 0.0 2.0 10.0 16.0 12.0 2.0 0.0 0.0 0.0 0.0 10.0 18.0 52.0 3.0 0.0 0.0 0.0 0.0 1.0 36.0 51.0 0.0 0.0 0.0 0.0 0.0 0.0 0.0 0.0 6.0 27.0 10.0 
25_3_009_59
3.0 7.0 11.0 0.0 0.0 3.0 0.0 2.0 5.0 13.0 20.0 16.0 11.0 0.0 0.0 2.0 19.0 23.0 6.0 0.0 0.0 0.0 3.0 10.0 0.0 0.0 6.0 2.0 0.0 7.0 22.0 0.0 15.0 0.0 0.0 0.0 0.0 5.0 20.0 22.0 0.0 0.0 15.0 78.0 43.0 9.0 0.0 0.0 12.0 0.0 0.0 0.0 0.0 0.0 18.0 54.0 2.0 0.0 0.0 0.0 0.0 0.0 8.0 13.0 41.0 35.0 0.0 0.0 0.0 0.0 0.0 4.0 0.0 31.0 102.0 42.0 0.0 0.0 0.0 0.0 98.0 9.0 0.0 0.0 0.0 0.0 0.0 31.0 27.0 23.0 0.0 0.0 0.0 0.0 0.0 6.0 4.0 5.0 4.0 4.0 1.0 0.0 0.0 0.0 0.0 2.0 8.0 21.0 15.0 6.0 0.0 0.0 0.0 0.0 0.0 0.0 0.0 6.0 55.0 43.0 4.0 3.0 0.0 0.0 21.0 11.0 0.0 0.0 
25_3_009_60
0.0 2.0 0.0 0.0 0.0 0.0 0.0 0.0 0.0 0.0 1.0 12.0 1.0 0.0 0.0 0.0 0.0 0.0 3.0 83.0 17.0 0.0 0.0 0.0 5.0 6.0 2.0 1.0 6.0 5.0 1.0 3.0 0.0 0.0 0.0 0.0 0.0 0.0 0.0 0.0 0.0 1.0 3.0 16.0 0.0 0.0 0.0 0.0 4.0 1.0 17.0 98.0 0.0 0.0 0.0 8.0 2.0 0.0 11.0 16.0 5.0 7.0 1.0 3.0 0.0 1.0 1.0 0.0 0.0 0.0 0.0 0.0 0.0 0.0 4.0 20.0 0.0 0.0 0.0 0.0 4.0 0.0 15.0 102.0 8.0 0.0 0.0 6.0 2.0 4.0 54.0 11.0 0.0 0.0 0.0 0.0 0.0 2.0 0.0 0.0 0.0 0.0 0.0 0.0 0.0 1.0 1.0 4.0 1.0 0.0 0.0 0.0 0.0 0.0 0.0 13.0 62.0 27.0 0.0 0.0 0.0 0.0 8.0 54.0 38.0 2.0 0.0 0.0 
25_3_009_61
2.0 0.0 0.0 0.0 0.0 0.0 0.0 1.0 2.0 0.0 2.0 0.0 0.0 0.0 0.0 0.0 0.0 0.0 25.0 42.0 0.0 0.0 0.0 0.0 0.0 0.0 1.0 3.0 0.0 0.0 0.0 0.0 0.0 0.0 0.0 0.0 0.0 0.0 0.0 1.0 1.0 0.0 4.0 8.0 0.0 0.0 0.0 0.0 0.0 4.0 39.0 63.0 0.0 0.0 0.0 0.0 11.0 1.0 0.0 0.0 0.0 0.0 0.0 4.0 0.0 0.0 0.0 0.0 0.0 0.0 0.0 1.0 0.0 0.0 0.0 11.0 2.0 0.0 0.0 0.0 0.0 0.0 3.0 102.0 17.0 0.0 0.0 0.0 21.0 0.0 0.0 0.0 0.0 0.0 0.0 16.0 1.0 0.0 0.0 0.0 0.0 0.0 0.0 0.0 1.0 0.0 0.0 1.0 0.0 0.0 0.0 0.0 0.0 0.0 0.0 91.0 23.0 0.0 0.0 0.0 19.0 0.0 0.0 2.0 0.0 0.0 0.0 13.0 
25_3_009_62
0.0 0.0 4.0 4.0 0.0 0.0 0.0 1.0 -35.0 102.0 36.0 11.0 0.0 0.0 0.0 0.0 -10.0 42.0 30.0 28.0 0.0 0.0 0.0 -2.0 0.0 0.0 0.0 0.0 0.0 0.0 7.0 15.0 0.0 0.0 21.0 38.0 0.0 0.0 0.0 0.0 -2.0 5.0 24.0 50.0 2.0 2.0 9.0 1.0 0.0 -2.0 19.0 31.0 2.0 0.0 2.0 0.0 0.0 0.0 0.0 0.0 0.0 0.0 15.0 25.0 0.0 0.0 18.0 68.0 0.0 0.0 0.0 0.0 -2.0 5.0 8.0 26.0 2.0 2.0 1.0 0.0 0.0 0.0 2.0 23.0 5.0 2.0 14.0 2.0 0.0 0.0 0.0 3.0 3.0 1.0 13.0 3.0 -3.0 6.0 42.0 32.0 0.0 0.0 0.0 0.0 1.0 0.0 3.0 7.0 6.0 6.0 2.0 0.0 0.0 0.0 0.0 1.0 4.0 2.0 7.0 3.0 0.0 0.0 0.0 0.0 2.0 2.0 3.0 1.0 
25_3_009_63
0.0 0.0 0.0 0.0 2.0 31.0 12.0 0.0 0.0 9.0 8.0 0.0 0.0 13.0 9.0 0.0 1.0 6.0 29.0 7.0 7.0 3.0 0.0 0.0 8.0 0.0 0.0 0.0 0.0 13.0 2.0 3.0 0.0 0.0 28.0 48.0 7.0 7.0 0.0 0.0 0.0 12.0 44.0 23.0 8.0 1.0 0.0 0.0 21.0 15.0 8.0 0.0 0.0 0.0 0.0 7.0 20.0 5.0 0.0 0.0 0.0 0.0 0.0 11.0 0.0 2.0 16.0 49.0 0.0 0.0 1.0 0.0 0.0 0.0 14.0 102.0 9.0 0.0 2.0 0.0 43.0 9.0 5.0 0.0 0.0 2.0 14.0 23.0 6.0 0.0 0.0 0.0 5.0 7.0 12.0 15.0 0.0 0.0 9.0 31.0 2.0 0.0 7.0 2.0 0.0 0.0 0.0 64.0 62.0 4.0 12.0 5.0 12.0 0.0 0.0 3.0 22.0 24.0 53.0 101.0 4.0 1.0 0.0 12.0 72.0 11.0 0.0 2.0 
25_3_009_64
0.0 0.0 0.0 0.0 0.0 0.0 0.0 2.0 -7.0 18.0 0.0 0.0 0.0 0.0 0.0 2.0 -14.0 14.0 78.0 11.0 0.0 0.0 0.0 0.0 0.0 -6.0 31.0 9.0 3.0 0.0 1.0 5.0 0.0 0.0 0.0 0.0 0.0 0.0 0.0 2.0 -8.0 4.0 62.0 37.0 0.0 0.0 0.0 0.0 -29.0 77.0 6.0 4.0 1.0 0.0 0.0 1.0 0.0 -5.0 18.0 12.0 0.0 0.0 0.0 12.0 0.0 0.0 0.0 0.0 0.0 0.0 0.0 2.0 0.0 0.0 5.0 102.0 2.0 0.0 0.0 0.0 0.0 0.0 0.0 11.0 6.0 4.0 6.0 1.0 0.0 0.0 0.0 11.0 5.0 1.0 8.0 8.0 0.0 0.0 0.0 0.0 0.0 0.0 0.0 2.0 0.0 0.0 3.0 59.0 8.0 0.0 0.0 0.0 -1.0 1.0 7.0 9.0 2.0 1.0 0.0 0.0 0.0 0.0 0.0 2.0 2.0 2.0 5.0 4.0 
25_3_009_65
0.0 0.0 1.0 80.0 20.0 0.0 0.0 0.0 0.0 -3.0 12.0 6.0 10.0 10.0 1.0 0.0 0.0 0.0 0.0 0.0 0.0 2.0 10.0 17.0 0.0 0.0 0.0 0.0 1.0 6.0 3.0 2.0 5.0 -10.0 35.0 102.0 0.0 0.0 0.0 0.0 0.0 0.0 1.0 23.0 9.0 9.0 8.0 18.0 3.0 -3.0 9.0 3.0 1.0 0.0 -5.0 20.0 0.0 0.0 0.0 0.0 0.0 1.0 -1.0 25.0 0.0 0.0 0.0 97.0 22.0 2.0 1.0 0.0 2.0 -4.0 14.0 34.0 0.0 0.0 -1.0 25.0 0.0 0.0 0.0 10.0 0.0 0.0 -4.0 19.0 0.0 0.0 0.0 0.0 0.0 0.0 -10.0 41.0 0.0 0.0 0.0 60.0 27.0 0.0 0.0 0.0 0.0 0.0 1.0 29.0 7.0 2.0 0.0 0.0 0.0 0.0 1.0 8.0 0.0 0.0 -3.0 11.0 0.0 0.0 0.0 0.0 0.0 0.0 -4.0 27.0 
25_3_009_66
0.0 0.0 2.0 4.0 0.0 0.0 0.0 0.0 0.0 2.0 1.0 0.0 0.0 0.0 0.0 0.0 0.0 0.0 51.0 17.0 0.0 0.0 0.0 0.0 0.0 0.0 15.0 57.0 12.0 0.0 0.0 0.0 0.0 0.0 1.0 3.0 0.0 0.0 0.0 0.0 1.0 1.0 3.0 7.0 0.0 0.0 0.0 0.0 0.0 0.0 41.0 73.0 6.0 0.0 0.0 0.0 0.0 0.0 0.0 31.0 16.0 0.0 0.0 0.0 0.0 1.0 2.0 2.0 0.0 0.0 0.0 0.0 0.0 0.0 2.0 11.0 2.0 0.0 0.0 0.0 0.0 2.0 24.0 102.0 3.0 0.0 0.0 0.0 3.0 10.0 15.0 8.0 3.0 1.0 4.0 4.0 0.0 2.0 1.0 0.0 0.0 0.0 0.0 0.0 0.0 0.0 4.0 3.0 0.0 0.0 0.0 0.0 0.0 0.0 0.0 84.0 28.0 0.0 0.0 0.0 13.0 1.0 4.0 10.0 1.0 0.0 1.0 26.0 
25_3_009_67
0.0 0.0 0.0 0.0 0.0 0.0 13.0 26.0 0.0 0.0 0.0 2.0 9.0 6.0 8.0 7.0 0.0 0.0 8.0 67.0 10.0 0.0 0.0 0.0 0.0 0.0 0.0 0.0 0.0 1.0 11.0 22.0 0.0 0.0 0.0 0.0 0.0 2.0 20.0 28.0 1.0 0.0 3.0 10.0 1.0 1.0 1.0 10.0 0.0 0.0 11.0 102.0 0.0 0.0 8.0 1.0 0.0 0.0 2.0 6.0 1.0 0.0 18.0 28.0 1.0 5.0 1.0 0.0 0.0 0.0 9.0 40.0 0.0 10.0 24.0 5.0 3.0 0.0 0.0 0.0 0.0 0.0 9.0 47.0 11.0 3.0 13.0 15.0 0.0 1.0 5.0 18.0 0.0 0.0 4.0 16.0 4.0 2.0 3.0 0.0 0.0 0.0 -4.0 15.0 6.0 6.0 3.0 1.0 0.0 0.0 0.0 0.0 0.0 2.0 6.0 21.0 12.0 0.0 -1.0 2.0 6.0 6.0 3.0 7.0 0.0 0.0 0.0 -1.0 
25_3_009_68
0.0 0.0 50.0 93.0 1.0 4.0 17.0 0.0 0.0 0.0 12.0 66.0 1.0 0.0 89.0 45.0 81.0 8.0 18.0 14.0 6.0 8.0 9.0 21.0 38.0 0.0 0.0 0.0 0.0 0.0 4.0 80.0 0.0 0.0 0.0 45.0 37.0 18.0 55.0 6.0 0.0 0.0 10.0 81.0 11.0 0.0 27.0 19.0 15.0 0.0 0.0 0.0 2.0 51.0 67.0 27.0 11.0 0.0 0.0 0.0 0.0 0.0 43.0 79.0 0.0 0.0 0.0 17.0 102.0 28.0 8.0 0.0 0.0 0.0 4.0 46.0 37.0 9.0 0.0 0.0 8.0 0.0 0.0 0.0 0.0 5.0 50.0 27.0 32.0 1.0 0.0 0.0 0.0 4.0 19.0 26.0 0.0 0.0 0.0 58.0 62.0 0.0 0.0 0.0 0.0 0.0 8.0 20.0 41.0 44.0 0.0 0.0 5.0 0.0 2.0 0.0 3.0 45.0 28.0 30.0 4.0 8.0 1.0 0.0 0.0 16.0 17.0 1.0 
25_3_009_69
0.0 0.0 0.0 0.0 1.0 5.0 1.0 0.0 0.0 0.0 0.0 0.0 8.0 12.0 1.0 0.0 0.0 0.0 13.0 56.0 4.0 0.0 0.0 0.0 0.0 0.0 27.0 13.0 0.0 0.0 7.0 1.0 0.0 0.0 0.0 0.0 0.0 3.0 12.0 0.0 0.0 0.0 0.0 13.0 6.0 2.0 0.0 0.0 0.0 0.0 46.0 102.0 0.0 0.0 0.0 0.0 0.0 0.0 4.0 4.0 0.0 0.0 35.0 20.0 0.0 0.0 0.0 0.0 0.0 0.0 10.0 5.0 0.0 0.0 0.0 31.0 17.0 4.0 2.0 0.0 0.0 0.0 9.0 96.0 20.0 4.0 6.0 0.0 0.0 0.0 0.0 12.0 0.0 1.0 33.0 16.0 2.0 0.0 0.0 0.0 0.0 0.0 1.0 10.0 1.0 0.0 0.0 26.0 6.0 0.0 0.0 1.0 0.0 0.0 0.0 29.0 52.0 6.0 0.0 0.0 0.0 0.0 1.0 7.0 2.0 4.0 5.0 1.0 
25_3_009_70
2.0 0.0 0.0 1.0 8.0 4.0 1.0 7.0 0.0 0.0 3.0 41.0 18.0 0.0 0.0 0.0 13.0 9.0 29.0 32.0 0.0 0.0 1.0 0.0 31.0 18.0 0.0 0.0 0.0 0.0 0.0 0.0 19.0 1.0 1.0 0.0 3.0 3.0 1.0 46.0 0.0 0.0 17.0 102.0 15.0 0.0 0.0 0.0 0.0 0.0 0.0 27.0 18.0 28.0 3.0 0.0 7.0 1.0 0.0 2.0 11.0 18.0 5.0 3.0 3.0 1.0 2.0 0.0 8.0 11.0 35.0 10.0 0.0 0.0 6.0 14.0 40.0 42.0 0.0 0.0 0.0 0.0 0.0 15.0 61.0 55.0 1.0 0.0 0.0 11.0 8.0 16.0 6.0 4.0 3.0 0.0 0.0 0.0 0.0 0.0 1.0 3.0 10.0 1.0 0.0 0.0 0.0 0.0 4.0 16.0 8.0 0.0 0.0 0.0 0.0 16.0 66.0 4.0 0.0 0.0 0.0 0.0 2.0 11.0 82.0 26.0 0.0 0.0 
25_3_009_71
0.0 0.0 0.0 0.0 0.0 29.0 39.0 0.0 0.0 0.0 2.0 24.0 9.0 12.0 13.0 0.0 0.0 0.0 3.0 15.0 0.0 3.0 28.0 6.0 0.0 0.0 20.0 23.0 0.0 2.0 5.0 0.0 0.0 0.0 0.0 0.0 0.0 8.0 26.0 12.0 0.0 0.0 8.0 97.0 13.0 4.0 0.0 0.0 5.0 1.0 2.0 0.0 0.0 2.0 -1.0 45.0 0.0 0.0 4.0 67.0 9.0 0.0 0.0 0.0 12.0 28.0 27.0 2.0 1.0 1.0 0.0 -4.0 17.0 17.0 51.0 67.0 0.0 0.0 0.0 -8.0 0.0 2.0 5.0 0.0 0.0 0.0 -38.0 102.0 0.0 1.0 12.0 38.0 5.0 0.0 0.0 0.0 28.0 35.0 17.0 0.0 0.0 0.0 -6.0 3.0 14.0 10.0 27.0 15.0 0.0 0.0 0.0 -6.0 20.0 3.0 6.0 4.0 1.0 0.0 -42.0 88.0 30.0 6.0 19.0 11.0 0.0 0.0 0.0 -13.0 
25_3_009_72
7.0 0.0 0.0 0.0 8.0 40.0 47.0 16.0 8.0 2.0 0.0 0.0 17.0 27.0 18.0 15.0 0.0 0.0 0.0 0.0 17.0 34.0 18.0 2.0 0.0 0.0 0.0 1.0 39.0 9.0 5.0 0.0 73.0 23.0 0.0 2.0 6.0 7.0 27.0 72.0 0.0 11.0 37.0 47.0 42.0 9.0 2.0 1.0 48.0 14.0 12.0 0.0 1.0 0.0 1.0 13.0 0.0 0.0 11.0 12.0 9.0 5.0 2.0 0.0 100.0 0.0 0.0 0.0 0.0 0.0 0.0 76.0 7.0 2.0 26.0 91.0 2.0 0.0 0.0 12.0 63.0 17.0 14.0 3.0 0.0 0.0 0.0 32.0 2.0 0.0 0.0 0.0 1.0 2.0 8.0 7.0 49.0 2.0 0.0 0.0 0.0 0.0 9.0 97.0 17.0 27.0 51.0 38.0 0.0 0.0 0.0 0.0 9.0 0.0 5.0 13.0 2.0 1.0 9.0 102.0 4.0 1.0 1.0 3.0 3.0 1.0 2.0 10.0 
25_3_009_73
5.0 5.0 1.0 0.0 0.0 0.0 0.0 0.0 2.0 6.0 11.0 1.0 0.0 0.0 -1.0 4.0 0.0 5.0 90.0 10.0 0.0 0.0 4.0 0.0 1.0 3.0 6.0 1.0 2.0 10.0 6.0 4.0 0.0 0.0 0.0 0.0 0.0 8.0 10.0 18.0 0.0 0.0 4.0 45.0 12.0 8.0 0.0 0.0 0.0 0.0 2.0 17.0 6.0 35.0 64.0 0.0 0.0 0.0 8.0 27.0 19.0 28.0 13.0 0.0 6.0 6.0 0.0 0.0 0.0 0.0 -18.0 63.0 0.0 7.0 15.0 18.0 6.0 5.0 10.0 14.0 0.0 0.0 2.0 17.0 13.0 22.0 42.0 4.0 0.0 0.0 75.0 65.0 0.0 0.0 0.0 0.0 4.0 4.0 1.0 0.0 0.0 0.0 -17.0 36.0 0.0 7.0 9.0 5.0 2.0 0.0 -36.0 102.0 9.0 33.0 44.0 29.0 9.0 2.0 -15.0 48.0 0.0 24.0 24.0 52.0 12.0 0.0 0.0 0.0 
25_3_009_74
0.0 0.0 0.0 0.0 0.0 0.0 0.0 3.0 0.0 0.0 23.0 32.0 0.0 0.0 0.0 0.0 0.0 2.0 32.0 59.0 2.0 0.0 4.0 5.0 0.0 0.0 5.0 6.0 1.0 2.0 13.0 13.0 1.0 0.0 0.0 0.0 0.0 0.0 0.0 0.0 0.0 0.0 24.0 89.0 0.0 0.0 0.0 0.0 0.0 0.0 3.0 30.0 12.0 0.0 3.0 6.0 -1.0 1.0 19.0 16.0 0.0 0.0 -2.0 14.0 6.0 0.0 0.0 0.0 0.0 0.0 0.0 -1.0 0.0 0.0 14.0 102.0 1.0 0.0 0.0 0.0 0.0 0.0 1.0 12.0 7.0 1.0 0.0 0.0 0.0 0.0 16.0 18.0 0.0 0.0 0.0 0.0 1.0 3.0 0.0 0.0 0.0 0.0 0.0 0.0 0.0 0.0 0.0 38.0 38.0 0.0 0.0 0.0 0.0 0.0 8.0 25.0 19.0 0.0 0.0 0.0 0.0 0.0 6.0 10.0 1.0 0.0 0.0 0.0 
25_3_009_75
0.0 0.0 0.0 1.0 2.0 7.0 9.0 0.0 0.0 0.0 0.0 16.0 10.0 0.0 0.0 0.0 0.0 0.0 1.0 35.0 34.0 0.0 0.0 0.0 47.0 8.0 14.0 7.0 0.0 0.0 0.0 -19.0 0.0 0.0 0.0 7.0 14.0 6.0 0.0 0.0 0.0 0.0 0.0 1.0 6.0 45.0 16.0 0.0 0.0 0.0 17.0 87.0 31.0 3.0 0.0 0.0 0.0 1.0 8.0 34.0 29.0 1.0 0.0 0.0 0.0 0.0 0.0 20.0 6.0 1.0 17.0 3.0 0.0 0.0 11.0 21.0 1.0 1.0 29.0 3.0 0.0 0.0 20.0 102.0 43.0 0.0 0.0 0.0 11.0 0.0 6.0 12.0 20.0 8.0 0.0 33.0 0.0 0.0 0.0 12.0 1.0 0.0 3.0 17.0 0.0 0.0 1.0 23.0 12.0 1.0 1.0 0.0 0.0 0.0 26.0 97.0 25.0 0.0 0.0 0.0 11.0 0.0 11.0 6.0 11.0 12.0 -15.0 84.0 
25_3_009_76
6.0 1.0 1.0 11.0 45.0 27.0 3.0 5.0 100.0 12.0 0.0 4.0 0.0 0.0 0.0 7.0 2.0 44.0 17.0 1.0 0.0 0.0 0.0 0.0 1.0 46.0 31.0 0.0 0.0 0.0 0.0 0.0 3.0 2.0 6.0 40.0 95.0 0.0 0.0 0.0 23.0 27.0 45.0 90.0 43.0 0.0 0.0 0.0 102.0 71.0 2.0 0.0 0.0 0.0 0.0 26.0 0.0 0.0 2.0 0.0 3.0 35.0 20.0 17.0 16.0 60.0 67.0 5.0 0.0 0.0 0.0 0.0 0.0 0.0 30.0 84.0 55.0 16.0 0.0 0.0 7.0 2.0 2.0 0.0 0.0 41.0 45.0 48.0 54.0 0.0 0.0 0.0 0.0 3.0 8.0 92.0 0.0 1.0 5.0 4.0 10.0 0.0 0.0 0.0 0.0 0.0 7.0 5.0 9.0 8.0 2.0 0.0 0.0 5.0 5.0 0.0 10.0 36.0 4.0 0.0 9.0 0.0 0.0 0.0 0.0 1.0 55.0 79.0 
25_3_009_77
0.0 0.0 11.0 39.0 5.0 3.0 34.0 11.0 0.0 0.0 0.0 12.0 32.0 34.0 40.0 8.0 0.0 0.0 0.0 1.0 3.0 5.0 6.0 19.0 11.0 1.0 2.0 11.0 2.0 0.0 0.0 9.0 0.0 0.0 0.0 14.0 4.0 2.0 31.0 48.0 0.0 0.0 2.0 102.0 16.0 0.0 8.0 27.0 5.0 1.0 9.0 9.0 0.0 0.0 0.0 13.0 2.0 1.0 17.0 18.0 0.0 0.0 0.0 37.0 49.0 6.0 11.0 3.0 0.0 0.0 0.0 44.0 13.0 4.0 48.0 63.0 0.0 0.0 0.0 14.0 1.0 0.0 5.0 22.0 0.0 0.0 2.0 4.0 0.0 0.0 1.0 20.0 2.0 0.0 1.0 44.0 35.0 3.0 3.0 26.0 5.0 0.0 0.0 17.0 21.0 20.0 18.0 0.0 0.0 0.0 0.0 9.0 1.0 6.0 14.0 6.0 0.0 0.0 0.0 1.0 2.0 0.0 3.0 6.0 0.0 0.0 3.0 20.0 
25_3_009_78
0.0 0.0 2.0 6.0 3.0 0.0 3.0 0.0 16.0 5.0 0.0 1.0 5.0 9.0 1.0 3.0 19.0 -1.0 2.0 0.0 1.0 1.0 -3.0 29.0 0.0 0.0 0.0 0.0 0.0 0.0 44.0 44.0 0.0 -7.0 19.0 0.0 0.0 0.0 11.0 27.0 0.0 -16.0 41.0 50.0 17.0 9.0 16.0 12.0 -4.0 11.0 0.0 0.0 0.0 0.0 14.0 102.0 0.0 0.0 0.0 0.0 0.0 0.0 15.0 57.0 0.0 -2.0 6.0 0.0 0.0 0.0 11.0 50.0 -1.0 -4.0 41.0 43.0 6.0 4.0 0.0 12.0 0.0 0.0 0.0 0.0 0.0 0.0 66.0 75.0 0.0 0.0 0.0 0.0 0.0 0.0 17.0 29.0 0.0 0.0 0.0 0.0 0.0 0.0 4.0 33.0 -8.0 18.0 6.0 1.0 4.0 22.0 6.0 1.0 0.0 0.0 0.0 0.0 0.0 0.0 59.0 60.0 0.0 0.0 0.0 0.0 0.0 1.0 7.0 2.0 
25_3_009_79
0.0 0.0 0.0 0.0 0.0 0.0 0.0 0.0 0.0 0.0 8.0 70.0 2.0 0.0 0.0 0.0 5.0 3.0 1.0 0.0 0.0 6.0 1.0 10.0 0.0 0.0 3.0 17.0 5.0 3.0 0.0 0.0 1.0 0.0 1.0 0.0 0.0 0.0 0.0 0.0 0.0 0.0 11.0 102.0 2.0 0.0 0.0 0.0 9.0 3.0 4.0 2.0 0.0 0.0 0.0 22.0 0.0 1.0 46.0 11.0 0.0 0.0 0.0 0.0 0.0 0.0 0.0 0.0 0.0 0.0 0.0 0.0 0.0 0.0 1.0 78.0 28.0 0.0 0.0 0.0 3.0 1.0 12.0 4.0 17.0 10.0 0.0 2.0 0.0 0.0 20.0 22.0 4.0 0.0 0.0 0.0 0.0 0.0 1.0 0.0 0.0 0.0 0.0 0.0 0.0 0.0 0.0 2.0 20.0 2.0 0.0 0.0 0.0 0.0 0.0 6.0 33.0 44.0 0.0 0.0 1.0 2.0 7.0 54.0 26.0 0.0 0.0 0.0 
25_3_009_80
2.0 1.0 0.0 7.0 11.0 7.0 1.0 0.0 0.0 0.0 0.0 4.0 8.0 8.0 6.0 4.0 0.0 2.0 6.0 30.0 11.0 0.0 0.0 0.0 1.0 4.0 6.0 3.0 0.0 0.0 -1.0 14.0 2.0 2.0 0.0 27.0 69.0 0.0 0.0 0.0 32.0 4.0 5.0 3.0 3.0 0.0 -3.0 9.0 0.0 0.0 11.0 67.0 5.0 0.0 0.0 0.0 1.0 5.0 3.0 3.0 7.0 0.0 -13.0 39.0 0.0 0.0 0.0 23.0 36.0 0.0 0.0 0.0 3.0 2.0 0.0 20.0 60.0 5.0 -3.0 11.0 0.0 0.0 8.0 17.0 17.0 34.0 8.0 0.0 5.0 4.0 6.0 19.0 38.0 1.0 0.0 0.0 0.0 0.0 0.0 1.0 1.0 0.0 0.0 0.0 0.0 0.0 0.0 1.0 43.0 25.0 0.0 0.0 0.0 0.0 0.0 0.0 3.0 46.0 27.0 0.0 0.0 0.0 0.0 0.0 102.0 23.0 0.0 0.0 
25_3_009_81
0.0 0.0 0.0 0.0 0.0 0.0 0.0 0.0 0.0 0.0 0.0 3.0 0.0 0.0 0.0 0.0 0.0 0.0 17.0 74.0 0.0 0.0 0.0 0.0 1.0 0.0 0.0 0.0 0.0 0.0 0.0 37.0 0.0 0.0 0.0 0.0 0.0 0.0 0.0 0.0 0.0 0.0 2.0 13.0 0.0 0.0 0.0 0.0 0.0 0.0 17.0 102.0 0.0 0.0 0.0 0.0 13.0 0.0 0.0 0.0 0.0 0.0 0.0 41.0 0.0 0.0 0.0 0.0 0.0 0.0 0.0 1.0 0.0 0.0 2.0 19.0 0.0 0.0 0.0 0.0 0.0 0.0 6.0 101.0 1.0 0.0 0.0 0.0 2.0 0.0 0.0 0.0 0.0 0.0 2.0 44.0 0.0 0.0 0.0 0.0 0.0 0.0 0.0 0.0 0.0 0.0 0.0 13.0 1.0 0.0 0.0 0.0 0.0 0.0 0.0 74.0 16.0 0.0 0.0 0.0 1.0 0.0 0.0 0.0 0.0 0.0 0.0 33.0 
25_3_009_82
0.0 0.0 10.0 1.0 0.0 1.0 23.0 3.0 0.0 0.0 1.0 2.0 6.0 20.0 4.0 0.0 0.0 2.0 14.0 9.0 4.0 1.0 0.0 0.0 0.0 2.0 12.0 12.0 0.0 0.0 7.0 12.0 0.0 2.0 4.0 1.0 0.0 3.0 26.0 3.0 0.0 0.0 4.0 6.0 2.0 42.0 48.0 0.0 0.0 1.0 19.0 102.0 31.0 17.0 0.0 0.0 1.0 5.0 1.0 0.0 0.0 0.0 38.0 46.0 0.0 0.0 9.0 6.0 0.0 0.0 62.0 20.0 0.0 1.0 58.0 16.0 5.0 7.0 78.0 5.0 0.0 0.0 31.0 97.0 15.0 25.0 9.0 0.0 0.0 0.0 0.0 2.0 2.0 14.0 82.0 9.0 16.0 31.0 14.0 0.0 0.0 0.0 8.0 58.0 0.0 37.0 92.0 1.0 0.0 0.0 2.0 10.0 0.0 1.0 4.0 0.0 0.0 5.0 72.0 7.0 0.0 0.0 5.0 12.0 10.0 6.0 9.0 0.0 
25_3_009_83
3.0 9.0 1.0 0.0 0.0 6.0 7.0 3.0 10.0 36.0 3.0 0.0 0.0 0.0 0.0 6.0 0.0 43.0 32.0 0.0 0.0 0.0 0.0 0.0 23.0 33.0 0.0 0.0 0.0 0.0 1.0 10.0 0.0 0.0 0.0 0.0 16.0 44.0 31.0 8.0 0.0 19.0 39.0 61.0 30.0 4.0 0.0 0.0 72.0 22.0 2.0 0.0 1.0 9.0 7.0 12.0 22.0 7.0 0.0 0.0 0.0 27.0 38.0 8.0 8.0 15.0 45.0 4.0 0.0 0.0 6.0 22.0 0.0 8.0 102.0 79.0 9.0 2.0 1.0 4.0 13.0 0.0 0.0 0.0 0.0 15.0 51.0 29.0 24.0 33.0 3.0 2.0 0.0 2.0 1.0 1.0 10.0 96.0 62.0 2.0 0.0 0.0 0.0 0.0 5.0 2.0 25.0 4.0 0.0 0.0 60.0 42.0 0.0 0.0 1.0 0.0 1.0 22.0 35.0 5.0 0.0 0.0 0.0 0.0 8.0 27.0 5.0 1.0 
25_3_009_84
36.0 3.0 0.0 0.0 0.0 0.0 -1.0 -8.0 6.0 8.0 0.0 0.0 0.0 0.0 -1.0 1.0 -9.0 41.0 0.0 0.0 0.0 0.0 0.0 -2.0 -37.0 102.0 0.0 0.0 0.0 0.0 0.0 0.0 16.0 0.0 0.0 0.0 0.0 4.0 16.0 18.0 -4.0 39.0 9.0 6.0 2.0 1.0 0.0 2.0 -24.0 86.0 8.0 0.0 0.0 0.0 0.0 -3.0 0.0 -3.0 22.0 5.0 6.0 0.0 0.0 0.0 1.0 0.0 0.0 0.0 0.0 0.0 -5.0 38.0 -1.0 4.0 9.0 62.0 1.0 0.0 0.0 0.0 -2.0 22.0 9.0 1.0 0.0 0.0 0.0 -2.0 6.0 21.0 0.0 0.0 2.0 0.0 0.0 -5.0 1.0 0.0 0.0 0.0 0.0 0.0 -3.0 18.0 2.0 0.0 1.0 39.0 5.0 0.0 0.0 -1.0 0.0 0.0 0.0 1.0 11.0 10.0 2.0 1.0 0.0 0.0 0.0 0.0 7.0 8.0 4.0 0.0 
25_3_009_85
0.0 0.0 3.0 6.0 0.0 0.0 0.0 0.0 0.0 0.0 16.0 36.0 1.0 0.0 1.0 1.0 1.0 9.0 13.0 0.0 0.0 0.0 2.0 5.0 1.0 10.0 19.0 0.0 0.0 0.0 0.0 0.0 0.0 0.0 0.0 5.0 2.0 0.0 0.0 0.0 0.0 0.0 0.0 13.0 48.0 17.0 0.0 0.0 0.0 3.0 19.0 24.0 16.0 1.0 0.0 0.0 2.0 1.0 6.0 4.0 0.0 0.0 7.0 4.0 0.0 0.0 0.0 0.0 0.0 0.0 0.0 0.0 0.0 0.0 0.0 21.0 4.0 0.0 0.0 0.0 0.0 3.0 12.0 102.0 3.0 0.0 1.0 1.0 1.0 0.0 0.0 0.0 0.0 0.0 11.0 25.0 0.0 0.0 0.0 0.0 0.0 0.0 0.0 0.0 0.0 0.0 0.0 13.0 1.0 0.0 0.0 0.0 0.0 0.0 0.0 85.0 9.0 0.0 0.0 1.0 1.0 0.0 0.0 0.0 0.0 0.0 5.0 28.0 
25_3_009_86
0.0 0.0 0.0 0.0 0.0 0.0 0.0 0.0 0.0 0.0 1.0 59.0 3.0 0.0 0.0 0.0 0.0 0.0 0.0 22.0 16.0 2.0 0.0 4.0 6.0 9.0 5.0 2.0 1.0 0.0 1.0 2.0 0.0 1.0 0.0 0.0 0.0 0.0 0.0 0.0 0.0 0.0 23.0 78.0 0.0 0.0 0.0 0.0 5.0 3.0 3.0 1.0 4.0 7.0 3.0 6.0 0.0 0.0 1.0 13.0 10.0 10.0 0.0 0.0 0.0 0.0 0.0 0.0 0.0 0.0 0.0 0.0 0.0 0.0 21.0 102.0 0.0 0.0 0.0 0.0 9.0 2.0 2.0 0.0 0.0 0.0 0.0 27.0 0.0 2.0 38.0 13.0 0.0 0.0 0.0 0.0 0.0 0.0 1.0 1.0 0.0 0.0 0.0 0.0 0.0 0.0 6.0 72.0 13.0 0.0 0.0 0.0 1.0 3.0 18.0 3.0 0.0 0.0 1.0 9.0 0.0 2.0 25.0 10.0 0.0 0.0 0.0 0.0 
25_3_009_87
0.0 0.0 0.0 2.0 0.0 0.0 0.0 0.0 0.0 0.0 20.0 30.0 0.0 0.0 0.0 0.0 0.0 0.0 12.0 19.0 4.0 0.0 0.0 0.0 0.0 0.0 1.0 31.0 3.0 0.0 0.0 0.0 0.0 0.0 2.0 1.0 0.0 0.0 0.0 0.0 0.0 0.0 22.0 72.0 0.0 0.0 0.0 0.0 0.0 17.0 30.0 4.0 0.0 0.0 0.0 0.0 2.0 2.0 1.0 24.0 7.0 0.0 1.0 2.0 0.0 0.0 4.0 1.0 0.0 0.0 0.0 0.0 0.0 0.0 3.0 102.0 2.0 0.0 0.0 0.0 5.0 3.0 4.0 20.0 4.0 0.0 4.0 8.0 1.0 0.0 0.0 27.0 10.0 2.0 8.0 14.0 0.0 0.0 1.0 1.0 0.0 0.0 0.0 0.0 0.0 0.0 0.0 66.0 7.0 0.0 0.0 0.0 5.0 0.0 8.0 48.0 4.0 0.0 0.0 13.0 16.0 0.0 3.0 19.0 3.0 0.0 0.0 22.0 
25_3_009_88
0.0 0.0 0.0 11.0 5.0 0.0 0.0 0.0 0.0 0.0 0.0 33.0 35.0 0.0 0.0 0.0 22.0 9.0 22.0 17.0 2.0 0.0 0.0 -8.0 61.0 1.0 1.0 0.0 0.0 0.0 -39.0 64.0 0.0 0.0 0.0 0.0 3.0 37.0 18.0 0.0 0.0 0.0 17.0 95.0 24.0 9.0 0.0 0.0 0.0 0.0 14.0 45.0 35.0 2.0 -1.0 3.0 0.0 1.0 1.0 1.0 12.0 1.0 -27.0 73.0 0.0 0.0 9.0 13.0 0.0 0.0 21.0 2.0 0.0 0.0 21.0 91.0 43.0 0.0 0.0 0.0 0.0 3.0 13.0 21.0 20.0 4.0 -3.0 62.0 0.0 0.0 0.0 10.0 87.0 12.0 0.0 4.0 0.0 0.0 0.0 16.0 10.0 0.0 0.0 2.0 0.0 0.0 23.0 98.0 24.0 0.0 0.0 0.0 0.0 1.0 22.0 12.0 21.0 14.0 -17.0 102.0 0.0 0.0 0.0 35.0 47.0 2.0 -5.0 51.0 
25_3_009_89
0.0 0.0 0.0 4.0 5.0 1.0 0.0 0.0 0.0 0.0 3.0 14.0 2.0 0.0 0.0 0.0 2.0 3.0 53.0 12.0 0.0 0.0 0.0 0.0 0.0 0.0 24.0 9.0 0.0 0.0 0.0 0.0 0.0 0.0 4.0 7.0 0.0 0.0 0.0 0.0 0.0 0.0 9.0 33.0 0.0 0.0 0.0 0.0 0.0 0.0 37.0 58.0 0.0 0.0 0.0 0.0 0.0 0.0 5.0 4.0 0.0 0.0 0.0 0.0 0.0 0.0 6.0 8.0 0.0 0.0 0.0 0.0 0.0 0.0 2.0 27.0 11.0 3.0 0.0 0.0 0.0 0.0 7.0 47.0 34.0 35.0 0.0 0.0 0.0 0.0 0.0 0.0 13.0 16.0 0.0 0.0 0.0 0.0 0.0 4.0 1.0 0.0 0.0 0.0 0.0 0.0 0.0 0.0 1.0 8.0 57.0 14.0 0.0 0.0 0.0 0.0 24.0 102.0 10.0 0.0 0.0 0.0 0.0 0.0 93.0 51.0 0.0 0.0 
25_3_009_90
0.0 0.0 0.0 0.0 27.0 93.0 31.0 7.0 0.0 0.0 0.0 0.0 0.0 52.0 38.0 19.0 0.0 0.0 0.0 0.0 9.0 9.0 16.0 6.0 1.0 0.0 0.0 5.0 13.0 1.0 3.0 12.0 1.0 0.0 0.0 0.0 0.0 38.0 102.0 43.0 0.0 0.0 7.0 80.0 71.0 73.0 0.0 0.0 0.0 0.0 0.0 5.0 17.0 6.0 18.0 9.0 3.0 0.0 0.0 36.0 24.0 0.0 0.0 5.0 14.0 38.0 6.0 0.0 0.0 2.0 13.0 20.0 1.0 17.0 55.0 55.0 9.0 11.0 0.0 0.0 0.0 0.0 0.0 5.0 13.0 27.0 8.0 2.0 0.0 0.0 0.0 58.0 20.0 0.0 0.0 0.0 7.0 26.0 6.0 0.0 0.0 0.0 17.0 17.0 7.0 2.0 0.0 0.0 1.0 9.0 25.0 15.0 0.0 0.0 11.0 40.0 14.0 1.0 0.0 0.0 0.0 0.0 11.0 35.0 5.0 0.0 0.0 0.0 
25_3_009_91
0.0 0.0 0.0 2.0 7.0 0.0 0.0 0.0 0.0 0.0 0.0 40.0 102.0 0.0 0.0 0.0 0.0 0.0 0.0 12.0 39.0 1.0 -2.0 5.0 10.0 1.0 0.0 0.0 0.0 0.0 -6.0 12.0 0.0 0.0 1.0 2.0 0.0 0.0 0.0 0.0 0.0 0.0 14.0 99.0 2.0 0.0 0.0 0.0 0.0 0.0 3.0 21.0 49.0 3.0 0.0 1.0 0.0 0.0 0.0 2.0 38.0 1.0 -1.0 4.0 0.0 1.0 1.0 0.0 0.0 0.0 0.0 0.0 0.0 0.0 0.0 80.0 31.0 0.0 0.0 0.0 0.0 0.0 2.0 9.0 22.0 7.0 0.0 0.0 2.0 1.0 10.0 4.0 29.0 2.0 0.0 1.0 0.0 0.0 0.0 1.0 2.0 0.0 0.0 0.0 0.0 0.0 0.0 14.0 18.0 0.0 0.0 0.0 0.0 0.0 7.0 43.0 49.0 0.0 0.0 0.0 0.0 1.0 5.0 7.0 4.0 1.0 -5.0 20.0 
25_3_009_92
0.0 1.0 1.0 0.0 10.0 18.0 10.0 4.0 10.0 6.0 1.0 1.0 1.0 11.0 14.0 6.0 17.0 15.0 3.0 0.0 0.0 0.0 0.0 0.0 7.0 13.0 1.0 0.0 0.0 0.0 0.0 1.0 0.0 0.0 0.0 4.0 11.0 7.0 1.0 0.0 0.0 0.0 29.0 57.0 4.0 3.0 9.0 0.0 38.0 30.0 7.0 0.0 0.0 0.0 0.0 4.0 18.0 27.0 8.0 0.0 0.0 0.0 1.0 11.0 0.0 0.0 5.0 12.0 1.0 0.0 0.0 3.0 6.0 13.0 45.0 102.0 2.0 0.0 2.0 0.0 35.0 11.0 6.0 11.0 0.0 0.0 0.0 9.0 17.0 5.0 4.0 2.0 0.0 4.0 11.0 54.0 0.0 0.0 0.0 23.0 7.0 0.0 0.0 0.0 0.0 0.0 10.0 53.0 20.0 0.0 0.0 0.0 16.0 1.0 0.0 26.0 14.0 0.0 0.0 35.0 8.0 8.0 1.0 6.0 27.0 4.0 3.0 22.0 
25_3_009_93
9.0 34.0 5.0 0.0 0.0 0.0 0.0 8.0 13.0 17.0 1.0 0.0 0.0 0.0 2.0 12.0 12.0 9.0 0.0 0.0 0.0 0.0 3.0 3.0 5.0 11.0 0.0 0.0 0.0 0.0 0.0 1.0 0.0 0.0 0.0 0.0 1.0 33.0 32.0 11.0 5.0 3.0 3.0 2.0 11.0 23.0 29.0 2.0 11.0 15.0 11.0 17.0 2.0 1.0 1.0 3.0 14.0 17.0 7.0 0.0 0.0 0.0 0.0 1.0 0.0 0.0 0.0 1.0 2.0 10.0 19.0 0.0 0.0 0.0 0.0 4.0 9.0 6.0 10.0 4.0 15.0 9.0 24.0 99.0 13.0 0.0 0.0 0.0 23.0 30.0 19.0 3.0 0.0 0.0 0.0 0.0 0.0 0.0 0.0 9.0 2.0 1.0 0.0 0.0 3.0 8.0 9.0 14.0 3.0 0.0 0.0 3.0 0.0 4.0 29.0 102.0 7.0 0.0 0.0 0.0 27.0 3.0 0.0 2.0 0.0 2.0 1.0 18.0 
25_3_009_94
0.0 0.0 0.0 0.0 0.0 0.0 0.0 0.0 0.0 0.0 0.0 0.0 0.0 0.0 0.0 0.0 0.0 0.0 9.0 77.0 0.0 0.0 0.0 0.0 0.0 0.0 0.0 2.0 0.0 0.0 0.0 0.0 0.0 0.0 0.0 0.0 0.0 0.0 0.0 0.0 0.0 0.0 1.0 5.0 0.0 0.0 0.0 0.0 0.0 0.0 10.0 97.0 0.0 0.0 0.0 0.0 0.0 0.0 0.0 1.0 0.0 0.0 0.0 0.0 0.0 0.0 0.0 0.0 0.0 0.0 0.0 0.0 0.0 0.0 1.0 14.0 0.0 0.0 0.0 0.0 0.0 0.0 5.0 102.0 0.0 0.0 0.0 0.0 0.0 0.0 0.0 0.0 0.0 0.0 0.0 0.0 0.0 0.0 0.0 0.0 0.0 0.0 0.0 0.0 0.0 0.0 1.0 10.0 0.0 0.0 0.0 0.0 0.0 0.0 1.0 79.0 1.0 0.0 0.0 0.0 0.0 0.0 0.0 0.0 0.0 0.0 0.0 0.0 
25_3_009_95
0.0 0.0 30.0 37.0 0.0 0.0 3.0 0.0 0.0 0.0 2.0 4.0 6.0 6.0 56.0 27.0 22.0 3.0 0.0 0.0 0.0 11.0 69.0 18.0 5.0 1.0 1.0 0.0 0.0 12.0 21.0 11.0 0.0 0.0 14.0 23.0 0.0 0.0 24.0 35.0 0.0 0.0 15.0 102.0 4.0 0.0 38.0 39.0 69.0 45.0 2.0 0.0 0.0 0.0 0.0 7.0 64.0 5.0 0.0 0.0 0.0 0.0 0.0 47.0 0.0 0.0 0.0 4.0 4.0 5.0 50.0 52.0 0.0 0.0 1.0 91.0 28.0 0.0 8.0 24.0 0.0 0.0 0.0 0.0 3.0 48.0 53.0 3.0 2.0 0.0 0.0 0.0 0.0 3.0 49.0 54.0 0.0 0.0 0.0 0.0 1.0 5.0 28.0 20.0 2.0 0.0 5.0 44.0 8.0 0.0 0.0 6.0 25.0 0.0 0.0 0.0 2.0 1.0 8.0 13.0 29.0 0.0 0.0 0.0 0.0 0.0 0.0 14.0 
25_3_009_96
0.0 0.0 0.0 0.0 0.0 0.0 0.0 0.0 0.0 0.0 0.0 0.0 0.0 0.0 0.0 1.0 0.0 0.0 57.0 17.0 0.0 0.0 0.0 0.0 0.0 0.0 55.0 28.0 0.0 0.0 7.0 9.0 1.0 1.0 0.0 0.0 0.0 0.0 0.0 0.0 0.0 1.0 3.0 4.0 0.0 0.0 0.0 0.0 0.0 0.0 75.0 102.0 2.0 0.0 0.0 0.0 3.0 4.0 6.0 0.0 0.0 5.0 21.0 15.0 0.0 1.0 0.0 0.0 0.0 0.0 0.0 0.0 1.0 1.0 1.0 6.0 1.0 0.0 1.0 0.0 0.0 0.0 0.0 64.0 88.0 9.0 0.0 0.0 0.0 15.0 10.0 11.0 35.0 17.0 0.0 0.0 0.0 0.0 0.0 0.0 0.0 0.0 0.0 0.0 0.0 0.0 0.0 0.0 0.0 0.0 0.0 0.0 0.0 0.0 1.0 4.0 13.0 6.0 0.0 0.0 0.0 0.0 48.0 101.0 11.0 3.0 0.0 0.0 
25_3_009_97
0.0 1.0 3.0 1.0 0.0 0.0 0.0 1.0 0.0 8.0 45.0 1.0 0.0 0.0 0.0 0.0 0.0 0.0 83.0 102.0 0.0 0.0 0.0 0.0 1.0 0.0 0.0 0.0 0.0 0.0 1.0 13.0 0.0 12.0 94.0 8.0 0.0 0.0 0.0 0.0 0.0 42.0 80.0 6.0 1.0 0.0 2.0 2.0 0.0 0.0 17.0 82.0 5.0 0.0 0.0 0.0 0.0 0.0 0.0 0.0 0.0 0.0 7.0 17.0 0.0 0.0 38.0 37.0 4.0 0.0 0.0 0.0 0.0 1.0 7.0 15.0 9.0 2.0 0.0 1.0 0.0 0.0 20.0 75.0 0.0 0.0 0.0 0.0 2.0 0.0 0.0 0.0 0.0 0.0 6.0 20.0 1.0 26.0 27.0 4.0 0.0 0.0 0.0 0.0 8.0 21.0 6.0 17.0 0.0 0.0 0.0 6.0 0.0 0.0 3.0 46.0 0.0 0.0 1.0 0.0 0.0 0.0 0.0 0.0 0.0 0.0 14.0 15.0 
25_3_009_98
7.0 5.0 16.0 17.0 2.0 4.0 7.0 -2.0 46.0 0.0 0.0 9.0 8.0 7.0 -42.0 97.0 2.0 0.0 3.0 55.0 41.0 0.0 -5.0 13.0 0.0 0.0 0.0 0.0 0.0 0.0 -25.0 100.0 0.0 0.0 0.0 0.0 30.0 73.0 29.0 1.0 2.0 0.0 2.0 66.0 15.0 66.0 17.0 0.0 -4.0 13.0 6.0 16.0 31.0 3.0 1.0 4.0 0.0 0.0 0.0 0.0 6.0 4.0 19.0 102.0 0.0 0.0 0.0 3.0 23.0 27.0 0.0 1.0 0.0 0.0 20.0 63.0 39.0 5.0 0.0 0.0 0.0 0.0 0.0 0.0 18.0 53.0 22.0 0.0 0.0 0.0 0.0 0.0 23.0 10.0 26.0 52.0 1.0 3.0 6.0 19.0 20.0 11.0 3.0 0.0 0.0 0.0 1.0 37.0 33.0 4.0 0.0 0.0 0.0 0.0 0.0 1.0 14.0 15.0 5.0 0.0 0.0 0.0 1.0 0.0 9.0 12.0 4.0 9.0 
25_3_009_99
6.0 0.0 0.0 7.0 93.0 4.0 0.0 0.0 10.0 0.0 0.0 6.0 32.0 0.0 0.0 6.0 1.0 1.0 0.0 10.0 25.0 0.0 0.0 0.0 9.0 0.0 0.0 5.0 16.0 0.0 0.0 2.0 89.0 24.0 0.0 9.0 7.0 0.0 0.0 7.0 0.0 5.0 12.0 93.0 49.0 0.0 0.0 0.0 20.0 5.0 8.0 8.0 0.0 0.0 0.0 2.0 0.0 0.0 7.0 22.0 3.0 0.0 0.0 0.0 24.0 64.0 20.0 12.0 5.0 0.0 0.0 0.0 42.0 102.0 25.0 17.0 0.0 0.0 0.0 0.0 18.0 7.0 7.0 0.0 0.0 0.0 0.0 10.0 0.0 1.0 4.0 6.0 2.0 0.0 0.0 0.0 0.0 0.0 0.0 7.0 84.0 5.0 0.0 0.0 6.0 6.0 0.0 0.0 33.0 28.0 7.0 7.0 15.0 23.0 2.0 1.0 2.0 0.0 0.0 15.0 12.0 1.0 0.0 0.0 0.0 0.0 1.0 10.0 
25_3_009_100
3.0 0.0 0.0 0.0 0.0 0.0 3.0 8.0 0.0 0.0 0.0 64.0 25.0 0.0 0.0 0.0 7.0 0.0 0.0 0.0 4.0 5.0 30.0 89.0 2.0 0.0 0.0 52.0 28.0 0.0 4.0 10.0 2.0 0.0 0.0 0.0 0.0 0.0 2.0 20.0 0.0 0.0 2.0 95.0 8.0 0.0 0.0 0.0 34.0 0.0 0.0 0.0 0.0 0.0 27.0 65.0 9.0 3.0 7.0 66.0 7.0 0.0 0.0 29.0 23.0 16.0 0.0 0.0 0.0 0.0 0.0 6.0 0.0 6.0 24.0 102.0 0.0 0.0 0.0 0.0 77.0 24.0 15.0 10.0 0.0 0.0 0.0 19.0 46.0 16.0 39.0 28.0 0.0 0.0 0.0 22.0 23.0 5.0 0.0 0.0 0.0 0.0 0.0 0.0 9.0 4.0 5.0 38.0 9.0 0.0 0.0 0.0 8.0 0.0 1.0 55.0 30.0 1.0 0.0 6.0 40.0 9.0 10.0 0.0 0.0 0.0 6.0 15.0 
25_3_009_101
0.0 0.0 36.0 40.0 20.0 0.0 0.0 0.0 1.0 33.0 54.0 1.0 7.0 3.0 0.0 0.0 0.0 20.0 48.0 29.0 25.0 1.0 4.0 12.0 0.0 7.0 79.0 15.0 0.0 0.0 0.0 9.0 0.0 4.0 59.0 19.0 3.0 0.0 0.0 0.0 0.0 0.0 11.0 42.0 45.0 6.0 0.0 0.0 0.0 0.0 7.0 38.0 30.0 12.0 3.0 0.0 0.0 0.0 15.0 18.0 7.0 11.0 50.0 1.0 0.0 0.0 0.0 12.0 19.0 0.0 0.0 0.0 0.0 0.0 7.0 39.0 14.0 0.0 0.0 0.0 0.0 0.0 7.0 36.0 22.0 54.0 33.0 0.0 0.0 0.0 3.0 5.0 7.0 60.0 102.0 6.0 0.0 7.0 4.0 2.0 0.0 0.0 0.0 0.0 1.0 1.0 10.0 21.0 9.0 3.0 0.0 0.0 37.0 6.0 0.0 0.0 0.0 9.0 6.0 15.0 6.0 5.0 2.0 0.0 0.0 1.0 4.0 4.0 
25_3_009_102
1.0 4.0 9.0 7.0 0.0 0.0 0.0 0.0 16.0 63.0 15.0 2.0 0.0 0.0 0.0 0.0 24.0 76.0 20.0 0.0 0.0 0.0 0.0 1.0 9.0 0.0 23.0 74.0 5.0 1.0 0.0 2.0 1.0 4.0 25.0 6.0 0.0 0.0 0.0 0.0 0.0 10.0 24.0 31.0 0.0 0.0 0.0 0.0 17.0 47.0 33.0 58.0 8.0 1.0 0.0 0.0 38.0 49.0 30.0 24.0 3.0 3.0 5.0 7.0 6.0 13.0 29.0 6.0 1.0 0.0 0.0 3.0 0.0 17.0 40.0 22.0 43.0 8.0 0.0 0.0 0.0 25.0 58.0 21.0 20.0 1.0 0.0 0.0 20.0 64.0 13.0 2.0 2.0 1.0 0.0 0.0 4.0 3.0 3.0 7.0 1.0 3.0 10.0 36.0 11.0 0.0 0.0 0.0 36.0 26.0 7.0 9.0 2.0 2.0 6.0 19.0 102.0 96.0 2.0 0.0 0.0 0.0 0.0 2.0 37.0 73.0 0.0 0.0 
25_3_009_103
8.0 4.0 0.0 0.0 3.0 3.0 5.0 2.0 7.0 5.0 8.0 8.0 0.0 0.0 0.0 0.0 0.0 0.0 30.0 70.0 1.0 0.0 0.0 0.0 2.0 2.0 1.0 3.0 2.0 10.0 16.0 15.0 102.0 27.0 2.0 6.0 4.0 0.0 0.0 4.0 2.0 13.0 36.0 32.0 4.0 0.0 0.0 0.0 2.0 7.0 19.0 28.0 28.0 3.0 0.0 4.0 0.0 0.0 0.0 0.0 2.0 14.0 51.0 17.0 22.0 0.0 0.0 0.0 0.0 29.0 26.0 23.0 15.0 4.0 6.0 19.0 12.0 12.0 8.0 8.0 0.0 0.0 0.0 0.0 16.0 27.0 23.0 5.0 0.0 0.0 0.0 0.0 0.0 5.0 68.0 36.0 0.0 0.0 0.0 0.0 0.0 10.0 15.0 13.0 0.0 0.0 0.0 0.0 1.0 8.0 30.0 0.0 0.0 0.0 0.0 5.0 9.0 2.0 3.0 1.0 6.0 4.0 0.0 0.0 0.0 0.0 9.0 41.0 
25_3_009_104
2.0 0.0 1.0 1.0 4.0 22.0 14.0 6.0 4.0 3.0 1.0 14.0 14.0 0.0 0.0 0.0 7.0 3.0 16.0 4.0 0.0 0.0 0.0 0.0 0.0 2.0 18.0 16.0 9.0 0.0 0.0 0.0 0.0 0.0 0.0 1.0 10.0 13.0 6.0 3.0 0.0 0.0 8.0 93.0 21.0 0.0 0.0 0.0 6.0 21.0 33.0 14.0 3.0 0.0 0.0 0.0 8.0 9.0 0.0 0.0 5.0 13.0 -13.0 58.0 29.0 6.0 14.0 4.0 0.0 0.0 -3.0 17.0 0.0 0.0 58.0 98.0 0.0 0.0 0.0 0.0 22.0 27.0 23.0 13.0 2.0 0.0 0.0 2.0 0.0 0.0 0.0 0.0 1.0 2.0 13.0 68.0 10.0 1.0 10.0 5.0 2.0 0.0 -10.0 40.0 0.0 0.0 25.0 59.0 9.0 0.0 0.0 0.0 2.0 1.0 7.0 26.0 23.0 1.0 0.0 15.0 7.0 0.0 0.0 0.0 0.0 0.0 -26.0 102.0 
25_3_009_105
-1.0 3.0 50.0 38.0 0.0 0.0 0.0 1.0 0.0 0.0 24.0 47.0 3.0 8.0 5.0 0.0 0.0 3.0 6.0 3.0 0.0 5.0 8.0 0.0 0.0 0.0 28.0 28.0 1.0 0.0 0.0 0.0 -13.0 29.0 102.0 16.0 0.0 0.0 0.0 0.0 -6.0 15.0 28.0 15.0 0.0 0.0 0.0 0.0 6.0 22.0 7.0 9.0 0.0 0.0 -2.0 3.0 0.0 0.0 6.0 23.0 2.0 7.0 10.0 0.0 -1.0 25.0 21.0 1.0 0.0 0.0 4.0 11.0 0.0 0.0 0.0 9.0 21.0 17.0 5.0 0.0 0.0 0.0 1.0 17.0 9.0 11.0 5.0 1.0 0.0 0.0 0.0 1.0 0.0 4.0 29.0 1.0 0.0 0.0 2.0 1.0 0.0 1.0 44.0 7.0 -9.0 19.0 28.0 7.0 3.0 5.0 1.0 0.0 -1.0 4.0 6.0 5.0 1.0 1.0 1.0 1.0 0.0 0.0 0.0 0.0 0.0 0.0 11.0 3.0 
25_3_009_106
0.0 39.0 38.0 0.0 0.0 0.0 0.0 0.0 0.0 15.0 102.0 5.0 0.0 0.0 0.0 0.0 0.0 0.0 18.0 5.0 5.0 15.0 1.0 0.0 0.0 0.0 2.0 1.0 2.0 15.0 4.0 0.0 6.0 50.0 18.0 0.0 0.0 0.0 0.0 0.0 0.0 14.0 26.0 3.0 0.0 0.0 0.0 0.0 27.0 12.0 2.0 0.0 0.0 0.0 -2.0 -3.0 0.0 5.0 45.0 4.0 0.0 0.0 0.0 0.0 0.0 0.0 0.0 0.0 1.0 23.0 24.0 1.0 0.0 0.0 2.0 16.0 29.0 4.0 0.0 0.0 0.0 0.0 12.0 9.0 4.0 4.0 3.0 4.0 0.0 0.0 7.0 3.0 2.0 21.0 7.0 0.0 0.0 20.0 22.0 0.0 0.0 0.0 0.0 0.0 2.0 9.0 17.0 0.0 0.0 0.0 0.0 0.0 0.0 0.0 0.0 2.0 1.0 9.0 7.0 0.0 0.0 0.0 0.0 0.0 0.0 8.0 6.0 0.0 
25_3_009_107
0.0 0.0 2.0 99.0 15.0 2.0 6.0 0.0 -1.0 2.0 2.0 1.0 0.0 0.0 13.0 8.0 0.0 0.0 0.0 41.0 20.0 0.0 0.0 0.0 0.0 0.0 0.0 0.0 0.0 1.0 16.0 22.0 0.0 0.0 0.0 102.0 27.0 2.0 0.0 0.0 -6.0 9.0 25.0 14.0 0.0 0.0 0.0 0.0 7.0 5.0 5.0 13.0 12.0 0.0 -1.0 0.0 0.0 0.0 0.0 0.0 0.0 4.0 12.0 20.0 0.0 -11.0 57.0 85.0 0.0 0.0 0.0 0.0 -2.0 5.0 4.0 10.0 14.0 7.0 2.0 2.0 0.0 0.0 0.0 5.0 14.0 23.0 11.0 1.0 0.0 0.0 0.0 0.0 2.0 1.0 5.0 9.0 -2.0 0.0 26.0 77.0 0.0 0.0 0.0 0.0 5.0 0.0 0.0 0.0 0.0 0.0 14.0 38.0 0.0 -2.0 16.0 29.0 4.0 3.0 0.0 0.0 1.0 0.0 1.0 0.0 0.0 0.0 -3.0 10.0 
25_3_009_108
0.0 0.0 0.0 0.0 0.0 0.0 0.0 0.0 0.0 0.0 1.0 7.0 0.0 0.0 0.0 0.0 0.0 0.0 19.0 73.0 0.0 0.0 0.0 0.0 2.0 0.0 0.0 0.0 0.0 0.0 4.0 9.0 0.0 0.0 0.0 0.0 0.0 0.0 0.0 0.0 0.0 0.0 0.0 14.0 0.0 0.0 0.0 0.0 0.0 0.0 3.0 102.0 1.0 0.0 0.0 0.0 0.0 0.0 0.0 0.0 0.0 0.0 11.0 20.0 0.0 0.0 0.0 0.0 0.0 0.0 0.0 0.0 0.0 0.0 4.0 19.0 0.0 0.0 0.0 0.0 1.0 0.0 21.0 83.0 0.0 0.0 0.0 0.0 2.0 0.0 0.0 0.0 0.0 0.0 1.0 35.0 0.0 0.0 0.0 0.0 0.0 0.0 0.0 0.0 0.0 0.0 3.0 27.0 0.0 0.0 0.0 0.0 2.0 0.0 9.0 69.0 0.0 0.0 0.0 1.0 3.0 0.0 0.0 0.0 0.0 0.0 0.0 32.0 
25_3_009_109
8.0 0.0 0.0 0.0 0.0 0.0 12.0 64.0 0.0 0.0 0.0 70.0 32.0 0.0 0.0 0.0 9.0 0.0 4.0 0.0 0.0 0.0 0.0 10.0 3.0 0.0 9.0 28.0 0.0 0.0 0.0 4.0 32.0 0.0 0.0 0.0 0.0 0.0 11.0 54.0 1.0 3.0 9.0 102.0 8.0 0.0 0.0 0.0 1.0 0.0 1.0 2.0 1.0 0.0 3.0 9.0 0.0 0.0 0.0 33.0 9.0 0.0 0.0 1.0 80.0 16.0 4.0 0.0 0.0 0.0 0.0 25.0 10.0 19.0 55.0 36.0 0.0 0.0 0.0 0.0 5.0 0.0 7.0 1.0 0.0 0.0 0.0 12.0 0.0 0.0 5.0 23.0 3.0 0.0 0.0 0.0 21.0 0.0 0.0 17.0 14.0 1.0 0.0 8.0 25.0 10.0 6.0 0.0 0.0 0.0 5.0 13.0 2.0 5.0 6.0 0.0 0.0 0.0 0.0 7.0 0.0 1.0 12.0 4.0 0.0 0.0 0.0 0.0 
25_3_009_110
0.0 3.0 16.0 6.0 1.0 2.0 0.0 0.0 0.0 10.0 24.0 4.0 1.0 0.0 0.0 0.0 9.0 10.0 7.0 0.0 0.0 0.0 0.0 3.0 1.0 2.0 1.0 0.0 0.0 0.0 4.0 1.0 0.0 3.0 2.0 0.0 7.0 9.0 0.0 0.0 0.0 0.0 15.0 76.0 7.0 0.0 0.0 0.0 20.0 3.0 0.0 0.0 0.0 0.0 0.0 31.0 0.0 6.0 1.0 0.0 0.0 3.0 1.0 1.0 4.0 6.0 1.0 0.0 1.0 2.0 3.0 4.0 0.0 0.0 9.0 102.0 9.0 0.0 0.0 0.0 40.0 17.0 6.0 3.0 0.0 0.0 5.0 11.0 30.0 5.0 0.0 0.0 0.0 3.0 9.0 5.0 0.0 0.0 0.0 0.0 0.0 1.0 16.0 11.0 0.0 0.0 0.0 90.0 37.0 0.0 0.0 0.0 5.0 0.0 2.0 19.0 5.0 0.0 42.0 88.0 3.0 0.0 0.0 0.0 58.0 39.0 20.0 11.0 
25_3_009_111
0.0 0.0 0.0 0.0 3.0 28.0 12.0 0.0 0.0 0.0 0.0 0.0 15.0 20.0 15.0 1.0 1.0 7.0 19.0 18.0 2.0 4.0 4.0 0.0 18.0 5.0 1.0 0.0 0.0 0.0 0.0 3.0 0.0 0.0 0.0 7.0 2.0 3.0 1.0 0.0 0.0 0.0 3.0 4.0 3.0 4.0 6.0 8.0 12.0 5.0 38.0 102.0 1.0 0.0 0.0 0.0 32.0 21.0 12.0 0.0 0.0 0.0 0.0 1.0 0.0 0.0 2.0 8.0 1.0 0.0 0.0 0.0 3.0 18.0 23.0 28.0 1.0 0.0 0.0 0.0 0.0 4.0 42.0 94.0 1.0 0.0 0.0 0.0 23.0 2.0 0.0 0.0 1.0 1.0 5.0 21.0 0.0 0.0 0.0 0.0 4.0 4.0 0.0 0.0 0.0 0.0 0.0 38.0 32.0 0.0 0.0 0.0 0.0 0.0 0.0 46.0 36.0 0.0 0.0 0.0 24.0 0.0 0.0 5.0 7.0 0.0 0.0 43.0 
25_3_009_112
0.0 3.0 0.0 0.0 0.0 0.0 0.0 0.0 0.0 0.0 6.0 7.0 0.0 0.0 0.0 0.0 0.0 0.0 18.0 81.0 0.0 0.0 0.0 0.0 0.0 0.0 2.0 6.0 0.0 0.0 0.0 0.0 0.0 3.0 1.0 0.0 0.0 0.0 0.0 0.0 0.0 0.0 11.0 15.0 0.0 0.0 0.0 0.0 0.0 0.0 16.0 102.0 0.0 0.0 0.0 0.0 0.0 0.0 2.0 6.0 0.0 0.0 0.0 0.0 0.0 3.0 0.0 0.0 0.0 0.0 0.0 0.0 0.0 0.0 7.0 19.0 0.0 0.0 0.0 0.0 0.0 0.0 12.0 101.0 0.0 0.0 0.0 0.0 0.0 0.0 2.0 3.0 0.0 0.0 0.0 0.0 0.0 2.0 0.0 0.0 0.0 0.0 0.0 0.0 0.0 1.0 4.0 15.0 0.0 0.0 0.0 0.0 0.0 0.0 4.0 79.0 0.0 0.0 0.0 0.0 0.0 0.0 0.0 2.0 0.0 0.0 0.0 0.0 
25_3_009_113
67.0 0.0 0.0 0.0 0.0 0.0 -7.0 7.0 32.0 0.0 0.0 0.0 0.0 0.0 -16.0 33.0 -9.0 57.0 0.0 0.0 0.0 0.0 0.0 -5.0 -36.0 90.0 5.0 0.0 0.0 0.0 0.0 0.0 0.0 0.0 0.0 0.0 0.0 2.0 54.0 46.0 1.0 0.0 0.0 3.0 7.0 22.0 5.0 3.0 -16.0 65.0 27.0 42.0 2.0 0.0 0.0 -3.0 19.0 26.0 3.0 4.0 0.0 0.0 -3.0 -1.0 0.0 0.0 0.0 0.0 0.0 0.0 -10.0 64.0 1.0 3.0 13.0 6.0 0.0 0.0 -10.0 24.0 11.0 -2.0 20.0 102.0 0.0 0.0 0.0 -1.0 0.0 18.0 11.0 3.0 1.0 0.0 0.0 0.0 0.0 0.0 0.0 0.0 0.0 0.0 -3.0 28.0 9.0 1.0 3.0 1.0 0.0 0.0 -1.0 3.0 0.0 0.0 1.0 70.0 15.0 5.0 1.0 1.0 0.0 0.0 0.0 0.0 8.0 11.0 4.0 3.0 
25_3_009_114
34.0 0.0 0.0 3.0 31.0 2.0 1.0 19.0 4.0 0.0 0.0 19.0 84.0 8.0 9.0 29.0 54.0 2.0 0.0 0.0 0.0 0.0 0.0 43.0 43.0 0.0 0.0 0.0 0.0 0.0 0.0 43.0 77.0 0.0 0.0 0.0 0.0 0.0 0.0 30.0 10.0 2.0 14.0 68.0 11.0 0.0 1.0 0.0 13.0 4.0 0.0 0.0 0.0 1.0 14.0 19.0 52.0 0.0 0.0 0.0 0.0 0.0 4.0 102.0 25.0 0.0 0.0 4.0 6.0 0.0 0.0 10.0 51.0 4.0 0.0 8.0 19.0 2.0 1.0 13.0 6.0 0.0 0.0 0.0 0.0 15.0 58.0 4.0 20.0 1.0 0.0 0.0 0.0 0.0 9.0 66.0 1.0 0.0 0.0 16.0 10.0 0.0 0.0 0.0 46.0 0.0 0.0 0.0 0.0 0.0 0.0 22.0 18.0 2.0 0.0 0.0 0.0 1.0 1.0 14.0 8.0 4.0 1.0 1.0 0.0 0.0 14.0 53.0 
25_3_009_115
0.0 0.0 0.0 0.0 19.0 47.0 0.0 0.0 3.0 0.0 0.0 0.0 9.0 42.0 0.0 0.0 18.0 1.0 0.0 0.0 7.0 28.0 0.0 -6.0 33.0 0.0 0.0 0.0 1.0 11.0 0.0 -12.0 0.0 1.0 0.0 1.0 10.0 15.0 6.0 2.0 0.0 9.0 15.0 16.0 11.0 37.0 0.0 0.0 48.0 0.0 0.0 0.0 7.0 64.0 -9.0 30.0 6.0 0.0 0.0 0.0 17.0 88.0 2.0 -1.0 0.0 0.0 0.0 2.0 36.0 26.0 6.0 0.0 0.0 0.0 4.0 73.0 16.0 0.0 0.0 0.0 39.0 7.0 0.0 1.0 11.0 13.0 -3.0 11.0 68.0 92.0 13.0 1.0 25.0 2.0 0.0 -26.0 0.0 0.0 0.0 0.0 51.0 25.0 0.0 0.0 0.0 0.0 0.0 0.0 102.0 79.0 0.0 0.0 0.0 0.0 0.0 0.0 39.0 96.0 5.0 0.0 0.0 0.0 0.0 0.0 46.0 66.0 0.0 0.0 
25_3_009_116
13.0 2.0 0.0 0.0 0.0 0.0 1.0 43.0 0.0 0.0 4.0 20.0 4.0 1.0 9.0 12.0 0.0 0.0 6.0 14.0 3.0 4.0 17.0 2.0 0.0 0.0 0.0 0.0 0.0 1.0 28.0 11.0 1.0 0.0 0.0 0.0 0.0 0.0 8.0 100.0 0.0 0.0 10.0 79.0 3.0 3.0 9.0 21.0 46.0 10.0 0.0 0.0 0.0 6.0 27.0 15.0 12.0 2.0 0.0 0.0 0.0 15.0 9.0 2.0 12.0 0.0 0.0 0.0 0.0 0.0 5.0 79.0 8.0 0.0 21.0 102.0 0.0 0.0 0.0 21.0 41.0 23.0 11.0 9.0 2.0 0.0 5.0 8.0 45.0 0.0 0.0 0.0 0.0 0.0 4.0 44.0 18.0 0.0 0.0 1.0 0.0 0.0 0.0 31.0 15.0 4.0 11.0 56.0 2.0 0.0 0.0 13.0 0.0 0.0 0.0 3.0 4.0 14.0 61.0 3.0 0.0 0.0 0.0 0.0 0.0 0.0 36.0 23.0 
25_3_009_117
0.0 0.0 0.0 0.0 0.0 0.0 0.0 0.0 0.0 0.0 0.0 0.0 0.0 0.0 0.0 1.0 0.0 0.0 24.0 71.0 0.0 0.0 0.0 0.0 0.0 0.0 2.0 6.0 0.0 0.0 0.0 0.0 1.0 0.0 0.0 0.0 0.0 0.0 0.0 0.0 0.0 0.0 1.0 6.0 0.0 0.0 0.0 0.0 0.0 0.0 22.0 100.0 0.0 0.0 0.0 0.0 0.0 0.0 0.0 4.0 0.0 0.0 0.0 0.0 0.0 0.0 0.0 0.0 0.0 0.0 0.0 0.0 0.0 0.0 3.0 18.0 0.0 0.0 0.0 1.0 0.0 0.0 9.0 102.0 0.0 0.0 0.0 0.0 0.0 0.0 0.0 3.0 0.0 0.0 0.0 0.0 0.0 0.0 0.0 0.0 0.0 0.0 0.0 0.0 0.0 0.0 0.0 18.0 0.0 0.0 0.0 1.0 0.0 0.0 0.0 81.0 3.0 0.0 0.0 0.0 0.0 0.0 0.0 1.0 0.0 0.0 0.0 0.0 
