25_3_013_0
0.0 0.0 0.0 0.0 0.0 0.0 3.0 6.0 0.0 0.0 13.0 75.0 8.0 0.0 1.0 0.0 2.0 0.0 3.0 0.0 0.0 1.0 12.0 31.0 6.0 0.0 0.0 0.0 0.0 1.0 7.0 12.0 1.0 0.0 0.0 0.0 0.0 0.0 0.0 13.0 0.0 0.0 10.0 102.0 3.0 0.0 0.0 2.0 9.0 17.0 7.0 8.0 1.0 3.0 0.0 1.0 42.0 19.0 0.0 0.0 0.0 2.0 4.0 3.0 6.0 0.0 0.0 0.0 0.0 0.0 0.0 11.0 1.0 0.0 0.0 58.0 35.0 0.0 0.0 1.0 4.0 0.0 0.0 11.0 21.0 8.0 13.0 7.0 1.0 0.0 0.0 0.0 10.0 14.0 3.0 6.0 7.0 0.0 0.0 0.0 0.0 0.0 0.0 6.0 5.0 1.0 0.0 6.0 7.0 0.0 0.0 0.0 1.0 0.0 3.0 31.0 44.0 0.0 0.0 0.0 11.0 13.0 5.0 0.0 0.0 0.0 0.0 0.0 
25_3_013_1
0.0 0.0 6.0 33.0 0.0 0.0 18.0 55.0 0.0 0.0 0.0 0.0 0.0 0.0 32.0 69.0 0.0 0.0 8.0 76.0 9.0 0.0 11.0 8.0 0.0 0.0 0.0 0.0 0.0 0.0 5.0 5.0 0.0 0.0 4.0 22.0 0.0 0.0 25.0 79.0 0.0 0.0 0.0 0.0 0.0 0.0 37.0 102.0 0.0 0.0 10.0 102.0 3.0 0.0 0.0 2.0 0.0 0.0 0.0 0.0 0.0 0.0 4.0 7.0 1.0 1.0 0.0 0.0 0.0 0.0 16.0 70.0 2.0 0.0 0.0 0.0 0.0 0.0 19.0 93.0 0.0 0.0 24.0 89.0 0.0 0.0 0.0 0.0 0.0 0.0 0.0 0.0 0.0 0.0 2.0 5.0 8.0 7.0 7.0 0.0 0.0 1.0 2.0 13.0 10.0 27.0 21.0 0.0 0.0 0.0 3.0 31.0 1.0 43.0 66.0 17.0 0.0 0.0 0.0 0.0 1.0 58.0 4.0 0.0 0.0 0.0 0.0 0.0 
25_3_013_2
2.0 0.0 2.0 0.0 0.0 36.0 11.0 0.0 0.0 0.0 0.0 0.0 0.0 15.0 80.0 14.0 0.0 0.0 2.0 20.0 11.0 7.0 1.0 0.0 0.0 0.0 0.0 21.0 9.0 8.0 13.0 1.0 0.0 0.0 0.0 2.0 0.0 4.0 1.0 0.0 0.0 0.0 0.0 0.0 0.0 0.0 1.0 85.0 0.0 0.0 4.0 81.0 9.0 0.0 0.0 0.0 0.0 0.0 1.0 63.0 6.0 0.0 2.0 9.0 0.0 0.0 1.0 7.0 0.0 0.0 0.0 0.0 0.0 0.0 0.0 0.0 0.0 0.0 -12.0 102.0 0.0 0.0 6.0 97.0 0.0 0.0 0.0 0.0 0.0 0.0 3.0 71.0 0.0 0.0 -2.0 19.0 0.0 0.0 1.0 9.0 0.0 0.0 0.0 0.0 0.0 0.0 0.0 0.0 0.0 0.0 -11.0 79.0 0.0 1.0 12.0 68.0 0.0 0.0 0.0 0.0 3.0 0.0 8.0 54.0 0.0 0.0 -1.0 4.0 
25_3_013_3
2.0 39.0 3.0 0.0 0.0 0.0 0.0 0.0 14.0 41.0 2.0 0.0 0.0 0.0 0.0 0.0 0.0 0.0 26.0 102.0 16.0 9.0 0.0 0.0 0.0 0.0 0.0 0.0 11.0 46.0 1.0 0.0 8.0 9.0 0.0 0.0 0.0 0.0 4.0 5.0 1.0 16.0 1.0 0.0 1.0 16.0 3.0 0.0 0.0 1.0 6.0 11.0 20.0 10.0 0.0 0.0 0.0 0.0 0.0 0.0 13.0 21.0 3.0 0.0 24.0 1.0 0.0 0.0 0.0 2.0 2.0 17.0 7.0 7.0 2.0 0.0 0.0 0.0 0.0 5.0 0.0 1.0 8.0 31.0 6.0 0.0 0.0 0.0 16.0 3.0 0.0 0.0 0.0 0.0 0.0 6.0 0.0 0.0 7.0 5.0 12.0 15.0 4.0 0.0 1.0 12.0 10.0 0.0 0.0 0.0 1.0 1.0 1.0 4.0 1.0 6.0 8.0 1.0 6.0 2.0 1.0 1.0 1.0 6.0 7.0 0.0 0.0 0.0 
25_3_013_4
2.0 12.0 0.0 0.0 0.0 0.0 1.0 0.0 0.0 6.0 10.0 7.0 0.0 0.0 0.0 0.0 4.0 6.0 2.0 0.0 0.0 0.0 0.0 4.0 0.0 9.0 19.0 2.0 0.0 0.0 0.0 0.0 0.0 0.0 0.0 0.0 2.0 40.0 2.0 0.0 0.0 1.0 13.0 25.0 21.0 7.0 0.0 0.0 0.0 41.0 20.0 0.0 0.0 0.0 0.0 0.0 0.0 14.0 28.0 0.0 0.0 0.0 0.0 0.0 0.0 1.0 3.0 0.0 0.0 3.0 0.0 0.0 0.0 0.0 20.0 102.0 1.0 0.0 0.0 0.0 0.0 4.0 7.0 6.0 0.0 0.0 0.0 0.0 0.0 0.0 0.0 0.0 0.0 0.0 1.0 1.0 0.0 2.0 3.0 0.0 0.0 0.0 0.0 0.0 0.0 0.0 5.0 92.0 1.0 0.0 0.0 0.0 0.0 0.0 0.0 3.0 1.0 0.0 1.0 0.0 0.0 0.0 0.0 0.0 0.0 0.0 0.0 0.0 
25_3_013_5
0.0 0.0 0.0 9.0 24.0 11.0 2.0 0.0 8.0 21.0 1.0 1.0 11.0 3.0 0.0 0.0 0.0 10.0 10.0 24.0 3.0 0.0 0.0 0.0 0.0 0.0 0.0 70.0 29.0 0.0 0.0 0.0 0.0 4.0 12.0 11.0 4.0 0.0 0.0 0.0 2.0 4.0 5.0 4.0 26.0 20.0 5.0 5.0 0.0 0.0 0.0 18.0 31.0 18.0 0.0 0.0 0.0 0.0 0.0 18.0 38.0 61.0 32.0 0.0 7.0 2.0 21.0 12.0 0.0 0.0 3.0 7.0 8.0 2.0 1.0 4.0 0.0 0.0 2.0 38.0 0.0 0.0 12.0 55.0 0.0 0.0 0.0 0.0 1.0 0.0 0.0 0.0 0.0 0.0 26.0 102.0 0.0 0.0 4.0 49.0 28.0 3.0 0.0 0.0 47.0 22.0 1.0 3.0 2.0 0.0 0.0 0.0 4.0 15.0 14.0 7.0 0.0 0.0 0.0 7.0 0.0 0.0 0.0 0.0 0.0 0.0 32.0 71.0 
25_3_013_6
2.0 1.0 0.0 0.0 0.0 0.0 0.0 0.0 0.0 0.0 1.0 87.0 4.0 0.0 0.0 0.0 0.0 0.0 0.0 10.0 2.0 0.0 0.0 0.0 0.0 0.0 0.0 0.0 0.0 0.0 0.0 1.0 5.0 6.0 0.0 0.0 0.0 0.0 0.0 0.0 0.0 0.0 10.0 102.0 2.0 0.0 0.0 0.0 0.0 0.0 0.0 11.0 6.0 10.0 0.0 0.0 0.0 0.0 0.0 0.0 2.0 4.0 0.0 0.0 6.0 25.0 0.0 0.0 0.0 2.0 0.0 0.0 0.0 10.0 17.0 19.0 12.0 4.0 0.0 0.0 0.0 0.0 0.0 0.0 4.0 46.0 3.0 0.0 0.0 0.0 0.0 0.0 32.0 16.0 0.0 0.0 1.0 0.0 0.0 0.0 0.0 5.0 2.0 0.0 0.0 0.0 3.0 10.0 5.0 3.0 0.0 0.0 2.0 0.0 2.0 1.0 0.0 1.0 1.0 3.0 0.0 0.0 0.0 6.0 11.0 1.0 0.0 1.0 
25_3_013_7
0.0 0.0 0.0 0.0 3.0 3.0 10.0 5.0 0.0 0.0 1.0 2.0 3.0 3.0 3.0 1.0 9.0 9.0 5.0 0.0 4.0 9.0 0.0 -2.0 0.0 0.0 0.0 0.0 0.0 9.0 8.0 22.0 17.0 4.0 0.0 1.0 0.0 0.0 0.0 2.0 1.0 0.0 1.0 11.0 5.0 0.0 0.0 0.0 6.0 5.0 10.0 33.0 1.0 0.0 0.0 0.0 0.0 0.0 0.0 0.0 0.0 0.0 -33.0 102.0 5.0 0.0 0.0 2.0 24.0 2.0 0.0 1.0 7.0 4.0 9.0 2.0 0.0 0.0 0.0 -1.0 0.0 0.0 7.0 28.0 6.0 5.0 9.0 0.0 5.0 1.0 0.0 0.0 0.0 0.0 14.0 28.0 0.0 0.0 0.0 2.0 35.0 4.0 0.0 0.0 0.0 0.0 0.0 2.0 27.0 15.0 0.0 0.0 8.0 1.0 0.0 5.0 11.0 24.0 0.0 -1.0 7.0 11.0 1.0 0.0 3.0 18.0 -1.0 0.0 
25_3_013_8
0.0 0.0 0.0 0.0 10.0 6.0 4.0 2.0 0.0 0.0 1.0 46.0 47.0 0.0 0.0 0.0 0.0 0.0 0.0 22.0 30.0 0.0 0.0 0.0 1.0 0.0 0.0 0.0 0.0 0.0 0.0 1.0 6.0 0.0 4.0 7.0 1.0 0.0 4.0 15.0 1.0 0.0 8.0 54.0 5.0 6.0 2.0 1.0 0.0 0.0 5.0 102.0 31.0 0.0 0.0 0.0 1.0 1.0 0.0 0.0 0.0 0.0 0.0 0.0 10.0 15.0 21.0 1.0 0.0 0.0 0.0 2.0 3.0 18.0 75.0 21.0 0.0 0.0 0.0 0.0 0.0 0.0 73.0 31.0 0.0 0.0 0.0 0.0 0.0 0.0 0.0 0.0 0.0 0.0 0.0 1.0 0.0 16.0 40.0 2.0 0.0 0.0 0.0 0.0 0.0 0.0 75.0 6.0 0.0 0.0 0.0 0.0 0.0 0.0 3.0 0.0 0.0 0.0 2.0 1.0 0.0 0.0 0.0 0.0 0.0 0.0 3.0 0.0 
25_3_013_9
1.0 0.0 13.0 53.0 0.0 0.0 0.0 3.0 0.0 0.0 10.0 23.0 0.0 0.0 0.0 0.0 0.0 0.0 41.0 49.0 0.0 0.0 0.0 1.0 0.0 0.0 0.0 0.0 0.0 0.0 10.0 12.0 0.0 1.0 11.0 69.0 0.0 0.0 0.0 0.0 1.0 4.0 5.0 16.0 0.0 0.0 0.0 0.0 4.0 0.0 7.0 102.0 0.0 0.0 0.0 4.0 17.0 0.0 0.0 0.0 0.0 0.0 0.0 22.0 5.0 2.0 1.0 4.0 0.0 0.0 0.0 0.0 5.0 4.0 4.0 9.0 0.0 0.0 0.0 0.0 10.0 2.0 21.0 97.0 6.0 0.0 0.0 0.0 42.0 0.0 0.0 0.0 0.0 0.0 0.0 3.0 5.0 0.0 0.0 0.0 0.0 0.0 0.0 1.0 6.0 0.0 0.0 2.0 1.0 0.0 0.0 2.0 0.0 1.0 0.0 67.0 79.0 0.0 0.0 0.0 39.0 2.0 0.0 0.0 8.0 1.0 0.0 0.0 
25_3_013_10
0.0 0.0 0.0 13.0 10.0 5.0 2.0 0.0 0.0 1.0 5.0 99.0 16.0 0.0 0.0 0.0 0.0 0.0 0.0 14.0 1.0 0.0 0.0 0.0 0.0 0.0 0.0 0.0 0.0 0.0 1.0 1.0 0.0 0.0 50.0 28.0 0.0 1.0 0.0 0.0 1.0 6.0 15.0 102.0 0.0 0.0 4.0 1.0 0.0 0.0 1.0 21.0 0.0 0.0 0.0 1.0 0.0 0.0 0.0 0.0 0.0 0.0 0.0 2.0 5.0 8.0 35.0 3.0 0.0 4.0 8.0 14.0 0.0 0.0 84.0 81.0 2.0 6.0 4.0 0.0 0.0 0.0 3.0 5.0 0.0 0.0 0.0 0.0 0.0 0.0 0.0 0.0 0.0 0.0 0.0 2.0 5.0 48.0 28.0 0.0 0.0 0.0 0.0 0.0 0.0 9.0 42.0 1.0 0.0 0.0 0.0 0.0 0.0 0.0 0.0 0.0 0.0 0.0 0.0 0.0 0.0 0.0 0.0 0.0 0.0 0.0 0.0 1.0 
25_3_013_11
0.0 0.0 0.0 0.0 0.0 23.0 9.0 0.0 0.0 0.0 0.0 1.0 22.0 21.0 0.0 0.0 0.0 0.0 4.0 7.0 17.0 6.0 0.0 0.0 0.0 18.0 16.0 4.0 10.0 0.0 0.0 0.0 0.0 1.0 4.0 0.0 0.0 3.0 9.0 1.0 0.0 0.0 4.0 10.0 6.0 5.0 2.0 0.0 0.0 0.0 60.0 78.0 9.0 2.0 0.0 0.0 4.0 13.0 18.0 1.0 3.0 6.0 18.0 10.0 2.0 10.0 3.0 0.0 0.0 0.0 1.0 2.0 0.0 0.0 4.0 6.0 0.0 0.0 6.0 6.0 0.0 0.0 2.0 102.0 27.0 1.0 0.0 0.0 0.0 0.0 0.0 2.0 4.0 7.0 33.0 18.0 8.0 19.0 21.0 0.0 0.0 0.0 0.0 3.0 4.0 81.0 23.0 0.0 0.0 0.0 0.0 0.0 22.0 26.0 4.0 3.0 20.0 4.0 0.0 0.0 0.0 0.0 0.0 0.0 3.0 17.0 8.0 0.0 
25_3_013_12
17.0 16.0 1.0 2.0 1.0 0.0 0.0 0.0 30.0 30.0 5.0 1.0 0.0 0.0 0.0 0.0 0.0 7.0 16.0 5.0 0.0 0.0 0.0 0.0 7.0 0.0 0.0 0.0 0.0 0.0 7.0 56.0 0.0 5.0 6.0 2.0 38.0 28.0 0.0 0.0 10.0 5.0 2.0 0.0 3.0 27.0 15.0 6.0 3.0 7.0 9.0 13.0 2.0 3.0 3.0 3.0 6.0 0.0 0.0 0.0 0.0 0.0 51.0 78.0 0.0 0.0 6.0 24.0 15.0 0.0 0.0 0.0 0.0 0.0 3.0 10.0 9.0 9.0 1.0 0.0 0.0 0.0 7.0 23.0 2.0 0.0 57.0 17.0 0.0 0.0 0.0 0.0 0.0 0.0 102.0 27.0 0.0 0.0 20.0 11.0 0.0 0.0 0.0 0.0 0.0 2.0 38.0 5.0 0.0 0.0 0.0 0.0 0.0 1.0 2.0 0.0 0.0 0.0 72.0 83.0 0.0 0.0 3.0 1.0 0.0 0.0 6.0 2.0 
25_3_013_13
21.0 0.0 0.0 0.0 0.0 0.0 1.0 24.0 24.0 3.0 0.0 0.0 0.0 0.0 0.0 3.0 11.0 21.0 39.0 0.0 0.0 0.0 0.0 0.0 4.0 31.0 20.0 0.0 0.0 0.0 1.0 3.0 13.0 0.0 0.0 0.0 96.0 10.0 0.0 12.0 22.0 5.0 2.0 1.0 0.0 0.0 0.0 1.0 0.0 3.0 34.0 24.0 3.0 0.0 2.0 1.0 3.0 3.0 0.0 0.0 0.0 4.0 34.0 11.0 0.0 0.0 0.0 26.0 98.0 0.0 0.0 0.0 13.0 12.0 1.0 19.0 62.0 0.0 0.0 0.0 10.0 1.0 2.0 5.0 4.0 6.0 11.0 8.0 7.0 0.0 0.0 0.0 0.0 0.0 25.0 13.0 4.0 0.0 0.0 3.0 5.0 0.0 0.0 0.0 0.0 0.0 0.0 34.0 102.0 12.0 0.0 0.0 2.0 0.0 0.0 0.0 13.0 31.0 2.0 6.0 11.0 5.0 0.0 0.0 2.0 2.0 0.0 0.0 
25_3_013_14
0.0 0.0 0.0 0.0 0.0 0.0 1.0 3.0 0.0 0.0 0.0 80.0 21.0 0.0 0.0 0.0 0.0 0.0 0.0 0.0 0.0 2.0 4.0 20.0 2.0 0.0 0.0 0.0 0.0 0.0 0.0 6.0 0.0 0.0 0.0 0.0 0.0 0.0 0.0 4.0 0.0 0.0 13.0 102.0 0.0 0.0 0.0 0.0 6.0 0.0 2.0 4.0 0.0 0.0 0.0 19.0 3.0 5.0 10.0 1.0 0.0 0.0 0.0 0.0 1.0 0.0 0.0 0.0 0.0 0.0 0.0 4.0 0.0 0.0 23.0 90.0 3.0 0.0 0.0 0.0 13.0 0.0 0.0 11.0 3.0 0.0 0.0 11.0 0.0 0.0 9.0 7.0 3.0 6.0 0.0 0.0 1.0 0.0 0.0 0.0 0.0 0.0 0.0 1.0 0.0 0.0 2.0 52.0 29.0 0.0 0.0 0.0 0.0 0.0 0.0 2.0 14.0 3.0 2.0 6.0 0.0 0.0 0.0 0.0 0.0 4.0 5.0 4.0 
25_3_013_15
0.0 0.0 0.0 1.0 17.0 13.0 5.0 1.0 6.0 7.0 3.0 17.0 27.0 0.0 0.0 0.0 0.0 0.0 0.0 78.0 98.0 0.0 0.0 0.0 0.0 0.0 0.0 2.0 2.0 0.0 0.0 0.0 0.0 0.0 0.0 10.0 6.0 3.0 18.0 10.0 1.0 2.0 25.0 102.0 11.0 0.0 0.0 0.0 16.0 5.0 0.0 70.0 77.0 0.0 3.0 17.0 0.0 0.0 0.0 32.0 21.0 0.0 0.0 0.0 5.0 4.0 17.0 13.0 0.0 0.0 0.0 14.0 3.0 0.0 24.0 95.0 6.0 0.0 0.0 5.0 7.0 0.0 15.0 97.0 14.0 2.0 44.0 38.0 0.0 0.0 6.0 91.0 4.0 0.0 0.0 0.0 7.0 17.0 17.0 1.0 0.0 0.0 0.0 0.0 13.0 0.0 43.0 51.0 1.0 0.0 0.0 3.0 25.0 23.0 99.0 31.0 0.0 0.0 0.0 12.0 0.0 0.0 20.0 15.0 0.0 0.0 0.0 0.0 
25_3_013_16
3.0 21.0 11.0 5.0 1.0 0.0 0.0 0.0 22.0 9.0 0.0 0.0 0.0 0.0 0.0 8.0 3.0 6.0 26.0 21.0 1.0 0.0 0.0 1.0 2.0 2.0 6.0 9.0 4.0 3.0 2.0 1.0 21.0 48.0 1.0 0.0 0.0 12.0 10.0 3.0 27.0 4.0 0.0 0.0 0.0 0.0 18.0 76.0 0.0 0.0 48.0 72.0 7.0 0.0 0.0 0.0 33.0 16.0 5.0 0.0 0.0 0.0 8.0 10.0 13.0 0.0 0.0 0.0 0.0 66.0 66.0 11.0 0.0 0.0 0.0 0.0 5.0 48.0 87.0 11.0 0.0 0.0 6.0 82.0 102.0 3.0 0.0 0.0 19.0 8.0 0.0 6.0 16.0 12.0 1.0 2.0 6.0 6.0 1.0 0.0 0.0 31.0 16.0 2.0 3.0 9.0 1.0 0.0 1.0 9.0 1.0 0.0 0.0 3.0 1.0 43.0 68.0 1.0 0.0 0.0 3.0 15.0 3.0 16.0 70.0 33.0 0.0 0.0 
25_3_013_17
87.0 0.0 0.0 0.0 0.0 0.0 -17.0 12.0 7.0 0.0 0.0 0.0 0.0 3.0 -16.0 38.0 -11.0 34.0 0.0 0.0 0.0 4.0 2.0 0.0 -32.0 102.0 4.0 1.0 2.0 0.0 0.0 0.0 15.0 9.0 0.0 0.0 0.0 10.0 -5.0 21.0 57.0 0.0 0.0 0.0 0.0 0.0 -37.0 86.0 -37.0 77.0 42.0 13.0 0.0 0.0 0.0 0.0 -13.0 23.0 28.0 3.0 7.0 1.0 0.0 0.0 0.0 -1.0 4.0 3.0 24.0 16.0 0.0 0.0 0.0 0.0 0.0 0.0 0.0 0.0 9.0 73.0 0.0 -2.0 10.0 30.0 23.0 2.0 0.0 0.0 0.0 0.0 0.0 1.0 7.0 33.0 8.0 0.0 0.0 -2.0 9.0 5.0 2.0 1.0 2.0 1.0 0.0 0.0 0.0 0.0 0.0 0.0 12.0 24.0 0.0 0.0 0.0 2.0 9.0 5.0 0.0 0.0 0.0 0.0 0.0 0.0 1.0 14.0 1.0 3.0 
25_3_013_18
0.0 0.0 0.0 0.0 0.0 5.0 11.0 2.0 0.0 0.0 0.0 11.0 8.0 0.0 0.0 0.0 0.0 0.0 0.0 0.0 0.0 0.0 -12.0 101.0 0.0 0.0 0.0 2.0 0.0 0.0 0.0 1.0 0.0 0.0 0.0 5.0 8.0 0.0 0.0 0.0 0.0 0.0 0.0 15.0 3.0 0.0 0.0 0.0 22.0 1.0 2.0 15.0 0.0 0.0 -20.0 102.0 0.0 0.0 0.0 1.0 0.0 0.0 -6.0 23.0 0.0 0.0 0.0 14.0 5.0 0.0 0.0 0.0 0.0 0.0 4.0 17.0 0.0 0.0 0.0 0.0 0.0 0.0 8.0 29.0 0.0 0.0 -15.0 97.0 0.0 0.0 0.0 0.0 0.0 0.0 -7.0 57.0 0.0 0.0 3.0 12.0 0.0 0.0 0.0 0.0 0.0 0.0 4.0 22.0 0.0 0.0 0.0 0.0 0.0 0.0 3.0 20.0 0.0 0.0 18.0 51.0 0.0 0.0 0.0 0.0 0.0 0.0 5.0 30.0 
25_3_013_19
0.0 0.0 0.0 7.0 2.0 0.0 0.0 0.0 0.0 2.0 0.0 15.0 6.0 0.0 0.0 0.0 14.0 0.0 0.0 5.0 0.0 0.0 -40.0 101.0 0.0 0.0 0.0 0.0 0.0 2.0 14.0 16.0 0.0 0.0 0.0 11.0 6.0 0.0 0.0 0.0 0.0 0.0 0.0 12.0 7.0 0.0 0.0 0.0 0.0 0.0 0.0 37.0 5.0 0.0 -23.0 94.0 18.0 0.0 0.0 0.0 1.0 2.0 -12.0 102.0 0.0 0.0 6.0 14.0 0.0 0.0 0.0 0.0 0.0 0.0 5.0 14.0 0.0 0.0 0.0 0.0 2.0 0.0 8.0 46.0 0.0 0.0 4.0 45.0 23.0 0.0 0.0 0.0 0.0 0.0 -4.0 56.0 0.0 0.0 6.0 5.0 0.0 0.0 0.0 0.0 0.0 0.0 3.0 17.0 0.0 0.0 0.0 0.0 0.0 0.0 1.0 24.0 0.0 1.0 28.0 41.0 0.0 0.0 0.0 0.0 0.0 0.0 7.0 13.0 
25_3_013_20
0.0 0.0 0.0 4.0 15.0 12.0 5.0 0.0 3.0 2.0 11.0 6.0 2.0 1.0 0.0 2.0 2.0 33.0 19.0 0.0 0.0 1.0 1.0 0.0 27.0 25.0 0.0 0.0 1.0 11.0 -8.0 26.0 3.0 2.0 4.0 5.0 0.0 0.0 0.0 0.0 0.0 0.0 12.0 25.0 6.0 9.0 1.0 0.0 0.0 3.0 34.0 58.0 6.0 0.0 0.0 0.0 20.0 7.0 2.0 0.0 0.0 0.0 -28.0 84.0 5.0 3.0 0.0 1.0 0.0 0.0 -16.0 35.0 4.0 6.0 7.0 18.0 8.0 5.0 0.0 0.0 5.0 0.0 37.0 102.0 5.0 0.0 0.0 0.0 0.0 17.0 23.0 0.0 0.0 0.0 1.0 65.0 16.0 4.0 0.0 0.0 6.0 6.0 -2.0 2.0 0.0 14.0 25.0 9.0 0.0 0.0 0.0 0.0 0.0 0.0 21.0 36.0 19.0 19.0 8.0 0.0 0.0 0.0 0.0 0.0 0.0 20.0 63.0 18.0 
25_3_013_21
0.0 0.0 0.0 21.0 5.0 0.0 7.0 4.0 0.0 2.0 4.0 80.0 23.0 1.0 0.0 0.0 4.0 0.0 0.0 48.0 55.0 0.0 25.0 40.0 0.0 0.0 0.0 56.0 26.0 0.0 0.0 0.0 10.0 5.0 14.0 16.0 0.0 0.0 0.0 5.0 0.0 0.0 27.0 98.0 5.0 0.0 0.0 0.0 59.0 3.0 44.0 65.0 1.0 0.0 0.0 43.0 0.0 0.0 26.0 98.0 3.0 0.0 0.0 0.0 10.0 21.0 14.0 0.0 0.0 0.0 0.0 0.0 0.0 1.0 51.0 83.0 3.0 0.0 0.0 0.0 15.0 9.0 102.0 27.0 4.0 0.0 0.0 1.0 0.0 0.0 31.0 16.0 0.0 0.0 0.0 0.0 0.0 13.0 23.0 2.0 1.0 0.0 0.0 0.0 0.0 0.0 46.0 27.0 4.0 2.0 0.0 0.0 0.0 0.0 76.0 31.0 0.0 0.0 0.0 0.0 0.0 0.0 1.0 1.0 0.0 0.0 1.0 1.0 
25_3_013_22
9.0 0.0 1.0 0.0 0.0 0.0 2.0 34.0 0.0 0.0 3.0 51.0 6.0 0.0 0.0 0.0 6.0 0.0 0.0 55.0 12.0 0.0 15.0 32.0 3.0 0.0 2.0 93.0 23.0 0.0 8.0 3.0 32.0 3.0 2.0 1.0 0.0 0.0 0.0 20.0 0.0 15.0 29.0 26.0 0.0 0.0 0.0 0.0 24.0 6.0 13.0 97.0 1.0 0.0 0.0 6.0 23.0 12.0 82.0 50.0 0.0 0.0 0.0 0.0 6.0 9.0 1.0 0.0 0.0 0.0 2.0 6.0 1.0 19.0 60.0 4.0 0.0 0.0 0.0 0.0 0.0 0.0 51.0 48.0 5.0 0.0 0.0 0.0 0.0 0.0 76.0 29.0 0.0 0.0 0.0 0.0 0.0 9.0 12.0 6.0 0.0 0.0 1.0 0.0 0.0 1.0 18.0 7.0 6.0 3.0 0.0 0.0 0.0 0.0 102.0 42.0 0.0 1.0 0.0 0.0 0.0 0.0 12.0 4.0 0.0 0.0 0.0 0.0 
25_3_013_23
0.0 0.0 0.0 0.0 0.0 0.0 2.0 50.0 0.0 0.0 1.0 16.0 1.0 2.0 5.0 8.0 0.0 0.0 4.0 48.0 0.0 1.0 0.0 2.0 0.0 0.0 1.0 0.0 0.0 0.0 0.0 0.0 0.0 0.0 0.0 0.0 0.0 0.0 4.0 67.0 5.0 3.0 2.0 11.0 5.0 9.0 13.0 2.0 0.0 0.0 7.0 81.0 3.0 0.0 0.0 0.0 1.0 0.0 0.0 0.0 0.0 0.0 0.0 0.0 0.0 0.0 0.0 0.0 0.0 0.0 -4.0 77.0 10.0 0.0 0.0 6.0 2.0 7.0 7.0 2.0 0.0 0.0 9.0 102.0 0.0 0.0 0.0 0.0 1.0 0.0 0.0 0.0 0.0 0.0 0.0 0.0 0.0 0.0 0.0 0.0 0.0 0.0 0.0 51.0 9.0 0.0 4.0 0.0 0.0 0.0 -5.0 15.0 0.0 0.0 6.0 66.0 0.0 0.0 0.0 0.0 0.0 0.0 0.0 0.0 0.0 0.0 0.0 0.0 
25_3_013_24
0.0 0.0 0.0 0.0 0.0 0.0 33.0 46.0 1.0 10.0 1.0 3.0 17.0 6.0 15.0 28.0 22.0 9.0 18.0 33.0 17.0 0.0 -1.0 -6.0 15.0 16.0 13.0 41.0 21.0 0.0 0.0 -8.0 0.0 0.0 0.0 0.0 0.0 3.0 94.0 21.0 0.0 1.0 50.0 80.0 4.0 11.0 12.0 1.0 0.0 47.0 46.0 14.0 3.0 0.0 0.0 -5.0 -7.0 19.0 1.0 0.0 8.0 27.0 5.0 0.0 102.0 0.0 0.0 0.0 0.0 0.0 -17.0 21.0 25.0 41.0 34.0 98.0 3.0 0.0 0.0 -17.0 28.0 9.0 14.0 44.0 2.0 0.0 0.0 44.0 0.0 0.0 0.0 0.0 4.0 54.0 45.0 26.0 99.0 5.0 0.0 0.0 0.0 0.0 -13.0 -4.0 22.0 9.0 0.0 3.0 3.0 34.0 20.0 -6.0 0.0 0.0 0.0 2.0 45.0 79.0 10.0 11.0 54.0 7.0 0.0 2.0 3.0 0.0 -22.0 69.0 
25_3_013_25
0.0 0.0 0.0 0.0 6.0 9.0 0.0 0.0 0.0 0.0 3.0 34.0 11.0 1.0 0.0 0.0 17.0 4.0 4.0 3.0 3.0 0.0 -9.0 16.0 0.0 0.0 0.0 0.0 0.0 0.0 -8.0 48.0 0.0 0.0 0.0 4.0 2.0 2.0 7.0 3.0 0.0 0.0 15.0 72.0 9.0 0.0 0.0 0.0 3.0 0.0 0.0 6.0 22.0 9.0 -1.0 22.0 0.0 0.0 0.0 3.0 1.0 0.0 -18.0 102.0 6.0 0.0 3.0 7.0 1.0 0.0 -1.0 2.0 0.0 0.0 3.0 44.0 32.0 2.0 0.0 0.0 2.0 0.0 2.0 18.0 9.0 7.0 3.0 26.0 0.0 0.0 0.0 11.0 10.0 2.0 4.0 80.0 16.0 2.0 5.0 1.0 2.0 0.0 0.0 -5.0 4.0 3.0 15.0 28.0 0.0 0.0 0.0 -2.0 0.0 0.0 4.0 2.0 1.0 0.0 3.0 29.0 0.0 0.0 0.0 0.0 1.0 7.0 54.0 12.0 
25_3_013_26
0.0 0.0 0.0 0.0 0.0 0.0 0.0 58.0 0.0 0.0 0.0 4.0 2.0 6.0 9.0 4.0 0.0 0.0 2.0 78.0 1.0 0.0 0.0 0.0 1.0 0.0 0.0 0.0 0.0 0.0 0.0 0.0 0.0 0.0 0.0 0.0 0.0 0.0 -8.0 77.0 12.0 0.0 2.0 2.0 0.0 0.0 -7.0 21.0 0.0 0.0 2.0 102.0 0.0 0.0 0.0 0.0 0.0 0.0 0.0 0.0 0.0 0.0 0.0 0.0 0.0 0.0 0.0 0.0 0.0 0.0 -3.0 62.0 18.0 2.0 0.0 0.0 0.0 3.0 4.0 2.0 0.0 0.0 5.0 85.0 3.0 0.0 0.0 0.0 0.0 0.0 0.0 0.0 0.0 0.0 0.0 0.0 0.0 0.0 0.0 0.0 0.0 0.0 1.0 44.0 1.0 0.0 0.0 0.0 1.0 0.0 1.0 19.0 0.0 0.0 1.0 81.0 0.0 0.0 0.0 0.0 0.0 0.0 0.0 0.0 0.0 0.0 0.0 0.0 
25_3_013_27
0.0 0.0 0.0 26.0 63.0 17.0 8.0 8.0 13.0 3.0 7.0 4.0 5.0 2.0 1.0 13.0 11.0 3.0 1.0 0.0 0.0 1.0 8.0 10.0 0.0 13.0 35.0 2.0 0.0 0.0 0.0 0.0 0.0 0.0 1.0 22.0 49.0 13.0 0.0 0.0 0.0 0.0 0.0 16.0 26.0 16.0 17.0 0.0 0.0 2.0 32.0 41.0 5.0 4.0 3.0 0.0 0.0 12.0 18.0 2.0 1.0 2.0 1.0 3.0 0.0 0.0 44.0 56.0 0.0 0.0 0.0 0.0 3.0 16.0 13.0 9.0 0.0 0.0 0.0 2.0 0.0 0.0 16.0 58.0 10.0 0.0 0.0 0.0 2.0 19.0 19.0 3.0 1.0 0.0 2.0 2.0 0.0 6.0 33.0 3.0 0.0 0.0 0.0 0.0 0.0 3.0 8.0 4.0 1.0 1.0 0.0 0.0 0.0 0.0 23.0 33.0 5.0 7.0 0.0 0.0 0.0 11.0 102.0 50.0 22.0 0.0 0.0 0.0 
25_3_013_28
0.0 1.0 2.0 0.0 0.0 0.0 0.0 0.0 0.0 0.0 38.0 27.0 0.0 0.0 0.0 0.0 0.0 4.0 27.0 17.0 0.0 0.0 0.0 0.0 0.0 0.0 0.0 10.0 0.0 0.0 3.0 5.0 0.0 0.0 4.0 1.0 0.0 0.0 0.0 0.0 0.0 0.0 35.0 84.0 0.0 0.0 0.0 0.0 5.0 3.0 2.0 16.0 1.0 2.0 1.0 16.0 0.0 0.0 0.0 9.0 0.0 0.0 7.0 12.0 0.0 1.0 2.0 4.0 0.0 0.0 0.0 0.0 0.0 0.0 11.0 102.0 5.0 0.0 0.0 0.0 7.0 7.0 7.0 6.0 3.0 0.0 0.0 12.0 5.0 1.0 0.0 2.0 0.0 0.0 0.0 9.0 0.0 0.0 4.0 7.0 0.0 0.0 0.0 0.0 1.0 0.0 20.0 49.0 1.0 0.0 0.0 3.0 0.0 2.0 13.0 7.0 8.0 3.0 0.0 0.0 4.0 5.0 5.0 0.0 0.0 0.0 0.0 0.0 
25_3_013_29
0.0 0.0 0.0 0.0 0.0 0.0 1.0 3.0 0.0 0.0 0.0 83.0 16.0 0.0 0.0 0.0 0.0 -1.0 3.0 16.0 14.0 1.0 0.0 0.0 0.0 0.0 0.0 0.0 0.0 2.0 9.0 8.0 2.0 0.0 0.0 0.0 0.0 0.0 0.0 4.0 0.0 -1.0 17.0 102.0 0.0 0.0 0.0 0.0 0.0 -1.0 6.0 18.0 8.0 5.0 1.0 3.0 0.0 0.0 0.0 2.0 0.0 0.0 0.0 13.0 2.0 0.0 0.0 0.0 0.0 0.0 -1.0 4.0 0.0 0.0 3.0 98.0 11.0 0.0 0.0 0.0 0.0 -2.0 11.0 17.0 9.0 0.0 0.0 5.0 0.0 -1.0 4.0 1.0 0.0 0.0 -4.0 19.0 1.0 0.0 0.0 0.0 0.0 0.0 -1.0 2.0 0.0 -1.0 2.0 40.0 23.0 0.0 0.0 0.0 0.0 0.0 0.0 33.0 17.0 0.0 0.0 0.0 0.0 0.0 0.0 1.0 0.0 0.0 0.0 10.0 
25_3_013_30
1.0 2.0 1.0 28.0 30.0 0.0 -4.0 11.0 21.0 3.0 6.0 13.0 15.0 0.0 0.0 1.0 9.0 7.0 4.0 1.0 0.0 0.0 0.0 0.0 1.0 14.0 24.0 11.0 0.0 0.0 0.0 0.0 0.0 0.0 0.0 28.0 88.0 0.0 0.0 0.0 2.0 3.0 1.0 6.0 21.0 18.0 5.0 0.0 0.0 7.0 7.0 20.0 11.0 3.0 0.0 0.0 0.0 5.0 10.0 14.0 4.0 4.0 3.0 2.0 0.0 0.0 1.0 13.0 18.0 0.0 0.0 0.0 4.0 3.0 1.0 52.0 69.0 0.0 0.0 0.0 0.0 3.0 24.0 58.0 7.0 0.0 0.0 0.0 9.0 6.0 2.0 2.0 0.0 0.0 -20.0 63.0 0.0 0.0 0.0 3.0 0.0 0.0 0.0 0.0 0.0 0.0 0.0 12.0 62.0 6.0 0.0 0.0 0.0 0.0 0.0 0.0 55.0 83.0 3.0 0.0 8.0 0.0 0.0 2.0 102.0 14.0 -4.0 11.0 
25_3_013_31
0.0 0.0 0.0 62.0 11.0 0.0 0.0 0.0 17.0 0.0 3.0 46.0 15.0 0.0 0.0 22.0 1.0 6.0 9.0 22.0 4.0 0.0 0.0 7.0 15.0 8.0 0.0 0.0 0.0 0.0 0.0 5.0 0.0 0.0 2.0 51.0 7.0 0.0 0.0 0.0 0.0 0.0 2.0 71.0 24.0 9.0 0.0 3.0 2.0 5.0 5.0 18.0 11.0 7.0 0.0 0.0 2.0 10.0 25.0 3.0 0.0 0.0 0.0 0.0 0.0 0.0 2.0 36.0 3.0 0.0 0.0 0.0 12.0 4.0 3.0 102.0 11.0 0.0 0.0 0.0 7.0 10.0 65.0 25.0 0.0 0.0 0.0 0.0 6.0 7.0 6.0 5.0 1.0 3.0 14.0 9.0 0.0 1.0 1.0 6.0 2.0 0.0 0.0 0.0 0.0 0.0 0.0 14.0 92.0 36.0 0.0 0.0 6.0 0.0 4.0 67.0 74.0 1.0 0.0 4.0 4.0 0.0 0.0 0.0 0.0 0.0 -3.0 69.0 
25_3_013_32
0.0 0.0 0.0 0.0 0.0 0.0 2.0 62.0 0.0 1.0 0.0 9.0 5.0 9.0 1.0 9.0 0.0 0.0 2.0 74.0 3.0 0.0 0.0 0.0 0.0 0.0 0.0 0.0 0.0 0.0 0.0 0.0 0.0 0.0 0.0 0.0 0.0 0.0 2.0 83.0 5.0 0.0 3.0 28.0 3.0 1.0 8.0 22.0 0.0 0.0 8.0 97.0 3.0 0.0 0.0 0.0 0.0 0.0 2.0 0.0 0.0 0.0 0.0 0.0 0.0 0.0 0.0 2.0 0.0 0.0 2.0 83.0 14.0 0.0 6.0 16.0 5.0 8.0 9.0 8.0 0.0 0.0 11.0 102.0 1.0 0.0 0.0 0.0 1.0 1.0 1.0 0.0 0.0 0.0 0.0 0.0 0.0 0.0 0.0 1.0 2.0 1.0 4.0 68.0 0.0 0.0 0.0 16.0 6.0 8.0 21.0 1.0 0.0 0.0 6.0 94.0 0.0 0.0 0.0 0.0 1.0 0.0 0.0 0.0 0.0 0.0 0.0 0.0 
25_3_013_33
0.0 0.0 7.0 8.0 0.0 0.0 0.0 0.0 0.0 1.0 19.0 16.0 0.0 0.0 0.0 0.0 12.0 6.0 2.0 0.0 0.0 0.0 -13.0 34.0 16.0 0.0 0.0 0.0 0.0 0.0 -32.0 80.0 0.0 0.0 1.0 5.0 4.0 4.0 7.0 0.0 0.0 0.0 16.0 53.0 10.0 0.0 0.0 0.0 7.0 2.0 14.0 4.0 0.0 0.0 -6.0 34.0 5.0 5.0 10.0 0.0 0.0 0.0 -21.0 102.0 3.0 0.0 2.0 6.0 4.0 3.0 1.0 0.0 0.0 0.0 16.0 55.0 24.0 0.0 0.0 0.0 0.0 3.0 32.0 7.0 2.0 2.0 0.0 10.0 0.0 1.0 0.0 0.0 0.0 0.0 20.0 83.0 4.0 5.0 10.0 2.0 0.0 0.0 0.0 -1.0 0.0 0.0 8.0 30.0 13.0 0.0 0.0 0.0 0.0 0.0 0.0 4.0 5.0 23.0 37.0 0.0 0.0 0.0 0.0 0.0 0.0 3.0 20.0 16.0 
25_3_013_34
0.0 0.0 21.0 8.0 1.0 2.0 0.0 0.0 0.0 0.0 14.0 13.0 5.0 3.0 0.0 0.0 7.0 24.0 28.0 1.0 0.0 0.0 -2.0 5.0 23.0 6.0 0.0 0.0 0.0 0.0 -10.0 59.0 0.0 0.0 0.0 9.0 5.0 8.0 5.0 0.0 0.0 2.0 63.0 58.0 1.0 1.0 0.0 0.0 0.0 9.0 16.0 7.0 0.0 0.0 9.0 34.0 1.0 11.0 9.0 0.0 0.0 0.0 -22.0 102.0 4.0 15.0 38.0 6.0 0.0 0.0 -2.0 7.0 0.0 9.0 63.0 52.0 8.0 0.0 0.0 0.0 3.0 32.0 37.0 0.0 0.0 0.0 19.0 14.0 0.0 8.0 5.0 0.0 0.0 0.0 79.0 80.0 0.0 0.0 7.0 23.0 0.0 0.0 0.0 0.0 0.0 0.0 6.0 29.0 10.0 43.0 5.0 0.0 0.0 0.0 2.0 0.0 0.0 48.0 71.0 5.0 5.0 0.0 0.0 0.0 0.0 0.0 28.0 38.0 
25_3_013_35
0.0 0.0 0.0 0.0 0.0 16.0 26.0 9.0 0.0 0.0 0.0 8.0 22.0 11.0 0.0 0.0 2.0 3.0 8.0 13.0 0.0 0.0 6.0 0.0 2.0 2.0 1.0 2.0 2.0 1.0 -7.0 26.0 0.0 0.0 0.0 0.0 0.0 3.0 41.0 22.0 0.0 0.0 2.0 79.0 32.0 11.0 1.0 0.0 0.0 0.0 0.0 14.0 4.0 13.0 24.0 6.0 8.0 5.0 18.0 58.0 13.0 0.0 -4.0 28.0 0.0 0.0 1.0 0.0 0.0 0.0 18.0 39.0 0.0 0.0 18.0 102.0 4.0 0.0 0.0 0.0 0.0 0.0 6.0 15.0 1.0 0.0 20.0 16.0 2.0 3.0 26.0 39.0 12.0 2.0 14.0 34.0 2.0 6.0 9.0 1.0 0.0 0.0 -7.0 27.0 0.0 0.0 21.0 34.0 1.0 0.0 0.0 0.0 6.0 0.0 9.0 29.0 0.0 0.0 -2.0 9.0 0.0 0.0 13.0 26.0 8.0 10.0 34.0 47.0 
25_3_013_36
0.0 0.0 0.0 0.0 0.0 0.0 0.0 52.0 4.0 0.0 0.0 0.0 0.0 1.0 0.0 9.0 0.0 0.0 2.0 77.0 0.0 0.0 0.0 0.0 0.0 0.0 1.0 0.0 0.0 0.0 0.0 0.0 0.0 0.0 0.0 0.0 0.0 0.0 -7.0 67.0 5.0 0.0 0.0 0.0 0.0 1.0 -4.0 27.0 0.0 0.0 1.0 102.0 0.0 0.0 0.0 0.0 0.0 0.0 1.0 0.0 0.0 0.0 0.0 0.0 0.0 0.0 0.0 0.0 0.0 0.0 -1.0 60.0 11.0 5.0 1.0 0.0 0.0 0.0 -2.0 10.0 0.0 0.0 12.0 82.0 0.0 0.0 0.0 0.0 0.0 0.0 0.0 0.0 0.0 0.0 0.0 0.0 29.0 2.0 0.0 0.0 0.0 0.0 -7.0 7.0 41.0 40.0 3.0 0.0 0.0 0.0 0.0 -20.0 0.0 9.0 22.0 4.0 0.0 0.0 0.0 0.0 0.0 0.0 0.0 0.0 0.0 0.0 0.0 0.0 
25_3_013_37
0.0 0.0 1.0 0.0 0.0 7.0 10.0 1.0 0.0 0.0 17.0 84.0 22.0 0.0 0.0 0.0 10.0 1.0 0.0 0.0 0.0 0.0 16.0 40.0 5.0 0.0 1.0 5.0 2.0 0.0 0.0 11.0 17.0 13.0 0.0 0.0 0.0 0.0 0.0 2.0 0.0 3.0 25.0 102.0 4.0 0.0 0.0 0.0 35.0 0.0 0.0 0.0 0.0 0.0 2.0 38.0 4.0 0.0 5.0 11.0 0.0 0.0 0.0 13.0 4.0 5.0 0.0 0.0 11.0 8.0 2.0 0.0 0.0 4.0 4.0 38.0 34.0 0.0 0.0 0.0 7.0 3.0 0.0 0.0 5.0 8.0 9.0 23.0 4.0 1.0 12.0 1.0 0.0 0.0 0.0 10.0 0.0 0.0 1.0 4.0 18.0 5.0 0.0 0.0 0.0 0.0 5.0 15.0 21.0 1.0 0.0 0.0 0.0 0.0 0.0 10.0 10.0 5.0 2.0 0.0 0.0 2.0 2.0 0.0 0.0 2.0 4.0 0.0 
25_3_013_38
3.0 3.0 20.0 8.0 2.0 15.0 47.0 5.0 0.0 0.0 0.0 6.0 12.0 29.0 75.0 4.0 0.0 0.0 0.0 1.0 3.0 0.0 -9.0 53.0 4.0 38.0 1.0 0.0 0.0 0.0 -3.0 21.0 5.0 3.0 0.0 0.0 0.0 2.0 102.0 23.0 0.0 3.0 5.0 28.0 12.0 1.0 2.0 0.0 1.0 20.0 23.0 48.0 9.0 0.0 0.0 0.0 10.0 45.0 4.0 0.0 0.0 0.0 3.0 7.0 6.0 8.0 0.0 0.0 8.0 26.0 3.0 3.0 3.0 27.0 23.0 9.0 0.0 0.0 -1.0 4.0 0.0 0.0 14.0 28.0 5.0 59.0 31.0 2.0 0.0 0.0 0.0 5.0 29.0 25.0 15.0 0.0 0.0 0.0 5.0 23.0 7.0 7.0 0.0 0.0 0.0 0.0 0.0 18.0 16.0 18.0 8.0 3.0 1.0 7.0 8.0 1.0 2.0 3.0 14.0 34.0 0.0 0.0 4.0 25.0 17.0 1.0 0.0 0.0 
25_3_013_39
0.0 0.0 0.0 0.0 0.0 0.0 24.0 65.0 0.0 0.0 1.0 5.0 13.0 6.0 1.0 1.0 0.0 0.0 13.0 69.0 4.0 0.0 0.0 0.0 0.0 0.0 0.0 3.0 0.0 0.0 0.0 0.0 0.0 0.0 0.0 0.0 0.0 0.0 29.0 93.0 0.0 0.0 2.0 11.0 29.0 2.0 0.0 0.0 0.0 0.0 17.0 102.0 5.0 0.0 0.0 0.0 0.0 0.0 0.0 0.0 0.0 0.0 1.0 0.0 4.0 3.0 6.0 0.0 0.0 0.0 18.0 79.0 6.0 12.0 28.0 4.0 0.0 0.0 0.0 2.0 0.0 0.0 24.0 102.0 0.0 0.0 0.0 0.0 0.0 0.0 0.0 0.0 0.0 0.0 0.0 0.0 2.0 5.0 5.0 5.0 8.0 0.0 9.0 27.0 2.0 4.0 6.0 21.0 0.0 1.0 8.0 16.0 0.0 0.0 15.0 59.0 0.0 0.0 0.0 0.0 0.0 0.0 0.0 0.0 0.0 0.0 1.0 0.0 
25_3_013_40
0.0 0.0 2.0 9.0 0.0 0.0 0.0 0.0 0.0 0.0 11.0 30.0 10.0 0.0 0.0 0.0 1.0 17.0 17.0 0.0 0.0 0.0 0.0 0.0 6.0 4.0 2.0 0.0 0.0 0.0 0.0 1.0 0.0 0.0 0.0 0.0 2.0 0.0 0.0 0.0 0.0 0.0 11.0 71.0 22.0 0.0 0.0 0.0 1.0 3.0 14.0 9.0 0.0 0.0 7.0 9.0 1.0 0.0 0.0 0.0 0.0 6.0 11.0 3.0 1.0 0.0 1.0 0.0 0.0 0.0 0.0 0.0 0.0 0.0 20.0 102.0 0.0 0.0 0.0 0.0 0.0 0.0 1.0 3.0 0.0 0.0 16.0 29.0 0.0 0.0 0.0 0.0 1.0 2.0 7.0 2.0 0.0 0.0 1.0 1.0 0.0 0.0 0.0 0.0 0.0 0.0 14.0 90.0 0.0 0.0 0.0 0.0 1.0 0.0 0.0 0.0 0.0 0.0 3.0 47.0 0.0 0.0 0.0 0.0 0.0 0.0 0.0 2.0 
25_3_013_41
0.0 1.0 0.0 0.0 2.0 4.0 0.0 0.0 0.0 0.0 0.0 6.0 21.0 30.0 0.0 0.0 0.0 0.0 2.0 54.0 21.0 17.0 1.0 1.0 1.0 0.0 1.0 0.0 0.0 0.0 1.0 1.0 0.0 0.0 0.0 1.0 0.0 0.0 0.0 0.0 0.0 0.0 3.0 13.0 0.0 0.0 0.0 0.0 0.0 0.0 2.0 102.0 1.0 0.0 0.0 0.0 0.0 0.0 0.0 0.0 0.0 0.0 6.0 6.0 0.0 0.0 3.0 1.0 0.0 0.0 0.0 0.0 0.0 2.0 50.0 6.0 0.0 0.0 0.0 0.0 0.0 0.0 21.0 57.0 1.0 0.0 0.0 1.0 0.0 0.0 0.0 0.0 0.0 0.0 3.0 16.0 0.0 0.0 5.0 8.0 0.0 0.0 0.0 0.0 0.0 1.0 29.0 22.0 0.0 0.0 0.0 0.0 0.0 0.0 1.0 25.0 3.0 0.0 0.0 0.0 0.0 0.0 0.0 0.0 0.0 0.0 2.0 12.0 
25_3_013_42
0.0 0.0 1.0 0.0 0.0 0.0 0.0 0.0 0.0 0.0 2.0 2.0 0.0 0.0 0.0 0.0 0.0 2.0 41.0 17.0 0.0 0.0 0.0 0.0 0.0 0.0 19.0 25.0 1.0 0.0 0.0 0.0 0.0 1.0 2.0 0.0 0.0 0.0 0.0 0.0 0.0 1.0 3.0 5.0 0.0 0.0 0.0 0.0 0.0 2.0 37.0 59.0 0.0 0.0 0.0 0.0 0.0 5.0 5.0 17.0 3.0 0.0 0.0 1.0 0.0 0.0 2.0 1.0 0.0 0.0 0.0 0.0 0.0 1.0 5.0 9.0 0.0 0.0 0.0 0.0 0.0 0.0 13.0 102.0 1.0 0.0 0.0 0.0 8.0 0.0 0.0 13.0 3.0 1.0 0.0 28.0 0.0 2.0 0.0 0.0 0.0 0.0 0.0 0.0 0.0 0.0 1.0 6.0 0.0 0.0 0.0 0.0 0.0 0.0 0.0 80.0 16.0 0.0 0.0 0.0 10.0 4.0 2.0 3.0 3.0 0.0 0.0 12.0 
25_3_013_43
0.0 0.0 0.0 0.0 0.0 0.0 1.0 5.0 0.0 0.0 5.0 11.0 0.0 0.0 29.0 95.0 12.0 6.0 11.0 19.0 4.0 9.0 13.0 16.0 0.0 2.0 23.0 71.0 2.0 2.0 9.0 1.0 0.0 0.0 0.0 0.0 0.0 0.0 7.0 28.0 0.0 0.0 4.0 40.0 0.0 0.0 32.0 96.0 0.0 0.0 12.0 8.0 15.0 31.0 32.0 38.0 0.0 2.0 30.0 96.0 2.0 0.0 0.0 0.0 0.0 0.0 0.0 0.0 0.0 0.0 17.0 68.0 13.0 0.0 0.0 3.0 13.0 17.0 16.0 61.0 0.0 0.0 11.0 35.0 0.0 7.0 27.0 6.0 0.0 0.0 38.0 102.0 0.0 0.0 0.0 0.0 0.0 0.0 0.0 0.0 0.0 0.0 16.0 67.0 30.0 0.0 0.0 2.0 1.0 5.0 -8.0 42.0 2.0 0.0 24.0 68.0 0.0 0.0 -7.0 25.0 0.0 0.0 17.0 47.0 0.0 0.0 0.0 0.0 
25_3_013_44
0.0 1.0 2.0 0.0 0.0 0.0 0.0 0.0 0.0 0.0 46.0 40.0 0.0 0.0 0.0 0.0 1.0 11.0 7.0 11.0 0.0 0.0 0.0 1.0 0.0 0.0 0.0 18.0 0.0 0.0 3.0 3.0 0.0 0.0 6.0 6.0 0.0 0.0 0.0 0.0 0.0 0.0 34.0 90.0 0.0 0.0 0.0 0.0 7.0 1.0 0.0 14.0 3.0 0.0 10.0 32.0 0.0 0.0 1.0 21.0 0.0 0.0 3.0 11.0 0.0 0.0 3.0 16.0 0.0 0.0 0.0 0.0 0.0 0.0 9.0 102.0 10.0 0.0 0.0 0.0 15.0 9.0 7.0 7.0 1.0 0.0 3.0 22.0 1.0 0.0 1.0 8.0 0.0 0.0 0.0 11.0 0.0 0.0 5.0 18.0 0.0 0.0 0.0 0.0 1.0 0.0 16.0 47.0 2.0 1.0 0.0 8.0 0.0 0.0 2.0 9.0 13.0 6.0 0.0 1.0 3.0 0.0 2.0 0.0 0.0 0.0 0.0 2.0 
25_3_013_45
0.0 0.0 0.0 1.0 1.0 0.0 0.0 0.0 0.0 0.0 1.0 2.0 0.0 0.0 0.0 0.0 0.0 0.0 23.0 40.0 1.0 0.0 0.0 0.0 0.0 0.0 3.0 63.0 7.0 0.0 0.0 1.0 0.0 0.0 2.0 0.0 0.0 0.0 0.0 0.0 0.0 0.0 6.0 8.0 0.0 0.0 0.0 0.0 0.0 0.0 74.0 52.0 1.0 0.0 0.0 0.0 0.0 0.0 3.0 40.0 17.0 0.0 0.0 0.0 0.0 0.0 3.0 0.0 0.0 0.0 0.0 0.0 0.0 0.0 5.0 19.0 2.0 0.0 0.0 0.0 0.0 1.0 31.0 89.0 1.0 0.0 0.0 0.0 2.0 4.0 5.0 14.0 13.0 2.0 1.0 3.0 0.0 0.0 2.0 0.0 0.0 0.0 0.0 0.0 0.0 1.0 3.0 8.0 0.0 0.0 0.0 0.0 0.0 0.0 2.0 102.0 23.0 0.0 0.0 0.0 12.0 3.0 2.0 7.0 3.0 0.0 -4.0 34.0 
25_3_013_46
0.0 0.0 0.0 0.0 1.0 3.0 0.0 0.0 0.0 0.0 0.0 0.0 1.0 0.0 0.0 0.0 0.0 0.0 0.0 0.0 1.0 0.0 0.0 0.0 0.0 0.0 0.0 0.0 0.0 0.0 0.0 0.0 0.0 0.0 0.0 0.0 25.0 94.0 0.0 0.0 0.0 0.0 0.0 1.0 37.0 102.0 2.0 0.0 0.0 0.0 0.0 21.0 47.0 13.0 0.0 0.0 0.0 0.0 0.0 0.0 0.0 0.0 0.0 0.0 24.0 25.0 5.0 1.0 0.0 0.0 -1.0 -8.0 5.0 4.0 23.0 1.0 2.0 2.0 -7.0 17.0 0.0 -35.0 95.0 68.0 0.0 0.0 0.0 0.0 0.0 0.0 0.0 0.0 1.0 1.0 0.0 0.0 101.0 1.0 1.0 0.0 0.0 0.0 0.0 -44.0 74.0 25.0 6.0 3.0 0.0 0.0 -1.0 -29.0 -6.0 -4.0 52.0 29.0 0.0 0.0 0.0 0.0 0.0 0.0 0.0 0.0 0.0 0.0 0.0 0.0 
25_3_013_47
12.0 0.0 0.0 0.0 0.0 0.0 -4.0 27.0 2.0 0.0 0.0 11.0 0.0 0.0 -5.0 33.0 0.0 0.0 0.0 84.0 6.0 0.0 0.0 0.0 0.0 0.0 1.0 0.0 0.0 0.0 0.0 0.0 0.0 0.0 0.0 0.0 0.0 0.0 1.0 44.0 16.0 2.0 4.0 1.0 1.0 3.0 8.0 8.0 0.0 0.0 4.0 102.0 5.0 0.0 0.0 0.0 0.0 0.0 0.0 0.0 0.0 0.0 0.0 0.0 44.0 26.0 4.0 0.0 0.0 0.0 -8.0 11.0 17.0 85.0 10.0 0.0 0.0 0.0 0.0 -7.0 0.0 14.0 41.0 10.0 0.0 0.0 0.0 0.0 0.0 0.0 1.0 0.0 0.0 0.0 0.0 0.0 0.0 0.0 1.0 0.0 0.0 0.0 0.0 0.0 0.0 0.0 1.0 0.0 0.0 0.0 0.0 0.0 0.0 0.0 0.0 1.0 0.0 0.0 0.0 0.0 0.0 0.0 0.0 0.0 0.0 0.0 0.0 0.0 
25_3_013_48
24.0 15.0 9.0 2.0 2.0 0.0 0.0 7.0 0.0 18.0 27.0 1.0 0.0 0.0 0.0 0.0 0.0 1.0 51.0 62.0 0.0 0.0 0.0 0.0 0.0 0.0 3.0 5.0 0.0 0.0 23.0 16.0 0.0 0.0 0.0 0.0 0.0 1.0 1.0 0.0 0.0 0.0 1.0 9.0 2.0 0.0 0.0 0.0 0.0 0.0 18.0 102.0 1.0 2.0 1.0 0.0 0.0 0.0 0.0 0.0 0.0 0.0 27.0 24.0 0.0 0.0 0.0 0.0 0.0 0.0 1.0 0.0 0.0 0.0 2.0 19.0 2.0 0.0 0.0 0.0 0.0 0.0 6.0 64.0 17.0 2.0 7.0 0.0 0.0 0.0 0.0 0.0 0.0 0.0 10.0 14.0 0.0 0.0 0.0 0.0 0.0 1.0 0.0 0.0 0.0 0.0 0.0 5.0 6.0 1.0 0.0 0.0 0.0 0.0 0.0 26.0 32.0 0.0 0.0 0.0 0.0 0.0 0.0 0.0 0.0 0.0 1.0 5.0 
25_3_013_49
0.0 6.0 11.0 5.0 13.0 12.0 0.0 0.0 0.0 18.0 24.0 4.0 23.0 55.0 0.0 0.0 43.0 17.0 1.0 0.0 15.0 56.0 9.0 -17.0 5.0 5.0 4.0 0.0 2.0 53.0 6.0 -1.0 0.0 0.0 0.0 6.0 12.0 20.0 0.0 0.0 0.0 1.0 32.0 22.0 11.0 7.0 0.0 0.0 13.0 0.0 1.0 0.0 3.0 13.0 2.0 49.0 0.0 0.0 0.0 0.0 1.0 44.0 2.0 6.0 0.0 0.0 0.0 16.0 25.0 20.0 1.0 0.0 0.0 0.0 56.0 69.0 3.0 0.0 0.0 0.0 79.0 20.0 8.0 0.0 0.0 0.0 -26.0 45.0 19.0 0.0 0.0 0.0 0.0 0.0 -26.0 67.0 0.0 3.0 35.0 42.0 10.0 5.0 5.0 2.0 0.0 0.0 30.0 68.0 4.0 4.0 6.0 1.0 0.0 0.0 1.0 9.0 31.0 0.0 -8.0 41.0 0.0 0.0 0.0 0.0 0.0 0.0 2.0 102.0 
25_3_013_50
2.0 0.0 0.0 4.0 9.0 0.0 0.0 0.0 0.0 1.0 32.0 60.0 1.0 0.0 0.0 0.0 2.0 0.0 14.0 16.0 2.0 0.0 4.0 26.0 8.0 9.0 33.0 9.0 1.0 13.0 9.0 8.0 34.0 11.0 0.0 2.0 0.0 0.0 0.0 0.0 0.0 1.0 7.0 72.0 20.0 0.0 0.0 0.0 0.0 0.0 0.0 0.0 15.0 41.0 44.0 1.0 0.0 0.0 0.0 0.0 0.0 26.0 102.0 18.0 61.0 33.0 0.0 0.0 8.0 2.0 0.0 0.0 23.0 8.0 6.0 5.0 5.0 10.0 6.0 13.0 0.0 0.0 0.0 0.0 0.0 11.0 48.0 11.0 24.0 1.0 0.0 0.0 0.0 0.0 10.0 20.0 2.0 0.0 4.0 10.0 59.0 17.0 0.0 2.0 57.0 0.0 0.0 0.0 8.0 23.0 6.0 11.0 36.0 0.0 0.0 0.0 0.0 0.0 1.0 11.0 15.0 2.0 0.0 0.0 0.0 0.0 2.0 6.0 
25_3_013_51
0.0 0.0 0.0 0.0 5.0 17.0 93.0 86.0 2.0 0.0 0.0 1.0 47.0 4.0 -9.0 26.0 11.0 43.0 65.0 2.0 0.0 0.0 -5.0 9.0 12.0 14.0 27.0 3.0 0.0 0.0 0.0 9.0 0.0 0.0 0.0 7.0 4.0 1.0 62.0 72.0 0.0 0.0 0.0 18.0 73.0 14.0 0.0 0.0 0.0 1.0 18.0 102.0 74.0 20.0 4.0 0.0 4.0 6.0 0.0 0.0 8.0 54.0 67.0 38.0 7.0 44.0 19.0 1.0 0.0 0.0 0.0 29.0 5.0 36.0 39.0 1.0 0.0 0.0 0.0 -1.0 10.0 0.0 38.0 41.0 5.0 3.0 47.0 36.0 0.0 0.0 0.0 21.0 26.0 16.0 70.0 14.0 0.0 1.0 1.0 0.0 0.0 22.0 50.0 0.0 0.0 0.0 2.0 27.0 52.0 24.0 0.0 0.0 0.0 0.0 5.0 5.0 17.0 28.0 8.0 85.0 20.0 15.0 24.0 6.0 0.0 0.0 -2.0 10.0 
25_3_013_52
0.0 0.0 0.0 0.0 1.0 6.0 102.0 18.0 0.0 0.0 0.0 8.0 35.0 5.0 2.0 1.0 6.0 22.0 6.0 0.0 0.0 0.0 -9.0 25.0 0.0 30.0 30.0 0.0 0.0 0.0 0.0 0.0 0.0 0.0 2.0 2.0 0.0 0.0 39.0 29.0 0.0 0.0 3.0 17.0 24.0 2.0 0.0 0.0 0.0 2.0 14.0 64.0 31.0 3.0 0.0 0.0 3.0 12.0 1.0 0.0 0.0 19.0 17.0 24.0 3.0 31.0 3.0 0.0 0.0 3.0 1.0 4.0 1.0 25.0 22.0 0.0 0.0 0.0 0.0 0.0 0.0 2.0 18.0 20.0 3.0 9.0 39.0 7.0 0.0 0.0 0.0 11.0 19.0 32.0 31.0 0.0 0.0 0.0 0.0 2.0 4.0 26.0 13.0 0.0 0.0 0.0 8.0 22.0 33.0 5.0 0.0 0.0 10.0 2.0 0.0 0.0 0.0 10.0 15.0 52.0 0.0 9.0 14.0 12.0 0.0 1.0 1.0 0.0 
25_3_013_53
0.0 1.0 25.0 1.0 0.0 0.0 0.0 0.0 0.0 3.0 11.0 4.0 1.0 0.0 0.0 0.0 1.0 5.0 18.0 5.0 0.0 0.0 0.0 3.0 0.0 3.0 0.0 0.0 0.0 0.0 0.0 1.0 0.0 0.0 5.0 0.0 0.0 11.0 8.0 0.0 0.0 0.0 50.0 37.0 2.0 2.0 0.0 0.0 18.0 11.0 4.0 0.0 0.0 0.0 2.0 27.0 0.0 0.0 0.0 0.0 4.0 1.0 1.0 1.0 1.0 0.0 1.0 4.0 1.0 1.0 5.0 4.0 0.0 0.0 7.0 102.0 12.0 0.0 0.0 0.0 0.0 0.0 0.0 0.0 0.0 1.0 40.0 36.0 1.0 0.0 5.0 9.0 2.0 0.0 0.0 6.0 11.0 6.0 7.0 3.0 0.0 0.0 0.0 1.0 8.0 0.0 33.0 51.0 0.0 0.0 0.0 4.0 11.0 0.0 0.0 1.0 0.0 0.0 3.0 35.0 0.0 0.0 5.0 10.0 0.0 0.0 0.0 2.0 
25_3_013_54
0.0 0.0 1.0 11.0 2.0 0.0 0.0 0.0 5.0 7.0 3.0 7.0 0.0 0.0 0.0 0.0 10.0 6.0 0.0 0.0 0.0 0.0 6.0 21.0 48.0 0.0 0.0 0.0 0.0 0.0 0.0 59.0 1.0 10.0 7.0 2.0 0.0 0.0 0.0 0.0 5.0 4.0 9.0 42.0 0.0 0.0 0.0 0.0 37.0 2.0 6.0 6.0 0.0 0.0 0.0 13.0 51.0 2.0 2.0 0.0 0.0 0.0 0.0 102.0 11.0 12.0 1.0 0.0 0.0 2.0 7.0 4.0 0.0 1.0 14.0 51.0 7.0 0.0 0.0 0.0 18.0 0.0 1.0 1.0 0.0 4.0 13.0 42.0 4.0 0.0 0.0 1.0 0.0 7.0 72.0 77.0 0.0 0.0 0.0 0.0 1.0 4.0 19.0 4.0 0.0 0.0 0.0 34.0 23.0 0.0 0.0 0.0 25.0 0.0 0.0 4.0 4.0 1.0 4.0 63.0 0.0 0.0 0.0 0.0 0.0 0.0 51.0 72.0 
25_3_013_55
-19.0 39.0 29.0 7.0 0.0 0.0 0.0 0.0 -23.0 102.0 16.0 4.0 0.0 0.0 0.0 -4.0 0.0 0.0 15.0 25.0 0.0 0.0 1.0 8.0 0.0 0.0 0.0 0.0 0.0 0.0 13.0 10.0 0.0 0.0 44.0 56.0 0.0 1.0 0.0 0.0 -4.0 11.0 6.0 21.0 1.0 1.0 5.0 1.0 0.0 -1.0 12.0 3.0 0.0 0.0 23.0 11.0 6.0 3.0 0.0 0.0 0.0 0.0 0.0 11.0 0.0 1.0 14.0 44.0 2.0 0.0 2.0 0.0 -1.0 3.0 2.0 23.0 5.0 2.0 0.0 0.0 0.0 0.0 0.0 0.0 1.0 2.0 25.0 6.0 -1.0 6.0 1.0 4.0 10.0 3.0 0.0 0.0 -1.0 2.0 9.0 5.0 3.0 2.0 1.0 2.0 0.0 0.0 0.0 3.0 4.0 2.0 3.0 0.0 0.0 0.0 0.0 0.0 0.0 2.0 8.0 2.0 0.0 0.0 0.0 0.0 5.0 6.0 0.0 0.0 
25_3_013_56
0.0 0.0 0.0 0.0 1.0 13.0 34.0 1.0 0.0 0.0 7.0 26.0 10.0 6.0 1.0 0.0 0.0 0.0 20.0 23.0 5.0 0.0 0.0 0.0 0.0 0.0 22.0 49.0 8.0 0.0 0.0 0.0 0.0 0.0 0.0 0.0 1.0 2.0 7.0 8.0 0.0 0.0 12.0 80.0 6.0 1.0 0.0 0.0 0.0 0.0 2.0 2.0 14.0 18.0 32.0 9.0 0.0 0.0 20.0 83.0 57.0 2.0 0.0 0.0 12.0 7.0 0.0 0.0 0.0 0.0 0.0 -3.0 1.0 0.0 2.0 28.0 37.0 1.0 0.0 0.0 0.0 0.0 0.0 10.0 6.0 12.0 29.0 23.0 0.0 0.0 0.0 102.0 75.0 1.0 0.0 0.0 17.0 5.0 0.0 0.0 0.0 0.0 -11.0 23.0 19.0 4.0 5.0 6.0 5.0 0.0 1.0 -5.0 48.0 2.0 6.0 3.0 2.0 4.0 -4.0 8.0 0.0 2.0 49.0 70.0 15.0 0.0 0.0 0.0 
25_3_013_57
0.0 0.0 2.0 23.0 6.0 0.0 4.0 45.0 10.0 9.0 2.0 3.0 15.0 22.0 10.0 13.0 0.0 0.0 10.0 63.0 1.0 0.0 1.0 8.0 0.0 0.0 0.0 0.0 0.0 0.0 0.0 0.0 0.0 0.0 5.0 26.0 2.0 0.0 6.0 48.0 11.0 2.0 2.0 0.0 0.0 5.0 4.0 13.0 0.0 0.0 10.0 96.0 3.0 0.0 0.0 0.0 1.0 0.0 0.0 0.0 0.0 0.0 0.0 0.0 0.0 0.0 3.0 29.0 1.0 0.0 4.0 35.0 10.0 0.0 2.0 17.0 0.0 2.0 0.0 49.0 0.0 0.0 16.0 102.0 0.0 0.0 0.0 0.0 0.0 0.0 1.0 0.0 0.0 0.0 0.0 0.0 0.0 0.0 9.0 17.0 2.0 0.0 2.0 17.0 15.0 5.0 8.0 6.0 2.0 5.0 11.0 18.0 0.0 0.0 12.0 78.0 0.0 0.0 0.0 0.0 0.0 1.0 1.0 0.0 0.0 0.0 0.0 0.0 
25_3_013_58
3.0 10.0 9.0 1.0 1.0 4.0 0.0 0.0 15.0 21.0 30.0 23.0 7.0 0.0 0.0 5.0 19.0 23.0 11.0 0.0 0.0 1.0 9.0 10.0 0.0 0.0 1.0 1.0 0.0 9.0 38.0 3.0 7.0 3.0 0.0 0.0 0.0 15.0 18.0 28.0 0.0 0.0 10.0 82.0 67.0 7.0 6.0 0.0 28.0 3.0 0.0 0.0 0.0 2.0 19.0 54.0 17.0 6.0 1.0 0.0 0.0 0.0 4.0 8.0 52.0 40.0 0.0 0.0 0.0 0.0 0.0 2.0 0.0 24.0 97.0 94.0 0.0 0.0 0.0 0.0 102.0 44.0 4.0 0.0 0.0 0.0 0.0 23.0 16.0 51.0 0.0 0.0 0.0 0.0 2.0 2.0 8.0 11.0 1.0 0.0 0.0 0.0 0.0 0.0 0.0 5.0 9.0 21.0 21.0 2.0 0.0 0.0 0.0 0.0 0.0 0.0 4.0 14.0 50.0 37.0 0.0 0.0 0.0 0.0 17.0 26.0 21.0 0.0 
25_3_013_59
0.0 0.0 0.0 0.0 1.0 23.0 8.0 0.0 0.0 0.0 0.0 5.0 8.0 13.0 0.0 0.0 0.0 0.0 2.0 20.0 8.0 0.0 0.0 0.0 5.0 2.0 14.0 13.0 0.0 0.0 -6.0 16.0 0.0 0.0 2.0 8.0 7.0 15.0 5.0 0.0 0.0 0.0 0.0 5.0 18.0 30.0 16.0 0.0 0.0 0.0 27.0 54.0 29.0 3.0 0.0 0.0 10.0 5.0 36.0 23.0 0.0 0.0 0.0 -3.0 0.0 0.0 3.0 39.0 4.0 0.0 5.0 3.0 0.0 6.0 23.0 14.0 0.0 0.0 15.0 7.0 0.0 0.0 82.0 102.0 1.0 0.0 0.0 0.0 0.0 0.0 2.0 7.0 30.0 7.0 7.0 10.0 0.0 1.0 13.0 11.0 0.0 0.0 -2.0 20.0 1.0 0.0 12.0 54.0 0.0 0.0 0.0 0.0 2.0 5.0 41.0 57.0 34.0 10.0 3.0 -1.0 0.0 0.0 0.0 33.0 14.0 1.0 19.0 54.0 
25_3_013_60
0.0 7.0 10.0 8.0 3.0 1.0 0.0 12.0 17.0 7.0 0.0 0.0 0.0 3.0 4.0 16.0 0.0 0.0 0.0 70.0 1.0 0.0 0.0 0.0 0.0 0.0 0.0 0.0 0.0 0.0 0.0 0.0 3.0 2.0 3.0 14.0 3.0 3.0 1.0 16.0 2.0 4.0 3.0 1.0 2.0 8.0 7.0 34.0 0.0 0.0 6.0 82.0 1.0 0.0 0.0 0.0 0.0 12.0 14.0 0.0 0.0 0.0 0.0 0.0 10.0 23.0 7.0 0.0 0.0 0.0 0.0 0.0 11.0 50.0 8.0 0.0 0.0 0.0 0.0 0.0 0.0 20.0 102.0 5.0 0.0 0.0 0.0 0.0 0.0 23.0 44.0 0.0 0.0 3.0 1.0 0.0 0.0 0.0 3.0 1.0 0.0 0.0 0.0 0.0 0.0 0.0 61.0 4.0 0.0 0.0 0.0 0.0 0.0 2.0 33.0 1.0 0.0 4.0 12.0 0.0 0.0 0.0 0.0 0.0 0.0 15.0 20.0 0.0 
25_3_013_61
0.0 0.0 0.0 0.0 0.0 0.0 1.0 1.0 -5.0 13.0 0.0 0.0 0.0 0.0 1.0 1.0 -14.0 13.0 78.0 11.0 0.0 0.0 0.0 0.0 0.0 -5.0 28.0 9.0 2.0 0.0 1.0 4.0 0.0 0.0 0.0 0.0 0.0 0.0 0.0 2.0 -9.0 5.0 65.0 34.0 0.0 0.0 0.0 0.0 -29.0 80.0 9.0 5.0 0.0 0.0 0.0 1.0 0.0 -2.0 16.0 17.0 0.0 0.0 1.0 9.0 0.0 0.0 0.0 0.0 0.0 0.0 0.0 3.0 0.0 0.0 11.0 102.0 1.0 0.0 0.0 0.0 0.0 0.0 0.0 12.0 7.0 1.0 8.0 0.0 0.0 0.0 0.0 11.0 4.0 2.0 9.0 8.0 0.0 0.0 0.0 0.0 0.0 0.0 0.0 0.0 0.0 0.0 4.0 65.0 5.0 0.0 0.0 0.0 -2.0 3.0 6.0 6.0 0.0 0.0 0.0 0.0 0.0 0.0 0.0 2.0 2.0 2.0 4.0 3.0 
25_3_013_62
0.0 0.0 0.0 0.0 12.0 48.0 12.0 2.0 0.0 1.0 0.0 0.0 0.0 16.0 35.0 5.0 19.0 9.0 1.0 0.0 0.0 0.0 2.0 12.0 6.0 16.0 11.0 0.0 0.0 0.0 0.0 2.0 8.0 21.0 6.0 4.0 3.0 0.0 0.0 0.0 0.0 2.0 3.0 0.0 1.0 31.0 41.0 6.0 3.0 36.0 39.0 39.0 35.0 5.0 0.0 0.0 53.0 20.0 2.0 0.0 0.0 0.0 6.0 31.0 58.0 15.0 0.0 0.0 0.0 0.0 0.0 18.0 30.0 17.0 34.0 1.0 0.0 0.0 3.0 61.0 2.0 1.0 102.0 79.0 5.0 7.0 11.0 5.0 11.0 0.0 0.0 0.0 0.0 21.0 50.0 15.0 13.0 3.0 2.0 1.0 0.0 0.0 0.0 5.0 22.0 85.0 69.0 17.0 0.0 0.0 0.0 0.0 30.0 25.0 14.0 0.0 0.0 0.0 15.0 99.0 15.0 2.0 0.0 0.0 1.0 8.0 10.0 7.0 
25_3_013_63
0.0 4.0 13.0 3.0 1.0 0.0 6.0 32.0 8.0 5.0 0.0 5.0 25.0 6.0 0.0 0.0 0.0 0.0 9.0 72.0 7.0 1.0 0.0 0.0 0.0 0.0 0.0 0.0 0.0 0.0 0.0 0.0 0.0 0.0 8.0 12.0 20.0 1.0 4.0 20.0 14.0 16.0 3.0 0.0 10.0 22.0 0.0 4.0 0.0 0.0 22.0 102.0 8.0 0.0 0.0 0.0 0.0 0.0 0.0 0.0 0.0 0.0 1.0 0.0 0.0 0.0 4.0 34.0 5.0 0.0 1.0 7.0 19.0 11.0 10.0 5.0 4.0 1.0 0.0 6.0 0.0 0.0 27.0 90.0 1.0 0.0 0.0 0.0 0.0 0.0 0.0 0.0 0.0 0.0 1.0 0.0 0.0 0.0 13.0 24.0 3.0 0.0 0.0 1.0 4.0 8.0 11.0 8.0 4.0 9.0 10.0 4.0 0.0 0.0 12.0 67.0 0.0 0.0 0.0 0.0 0.0 0.0 0.0 0.0 0.0 0.0 1.0 0.0 
25_3_013_64
0.0 1.0 1.0 0.0 0.0 0.0 0.0 0.0 0.0 0.0 4.0 80.0 2.0 0.0 0.0 0.0 5.0 3.0 0.0 0.0 1.0 3.0 0.0 16.0 0.0 0.0 6.0 14.0 5.0 3.0 0.0 0.0 0.0 0.0 1.0 0.0 0.0 0.0 0.0 0.0 0.0 0.0 10.0 102.0 0.0 0.0 0.0 0.0 8.0 2.0 6.0 2.0 0.0 0.0 -1.0 20.0 0.0 2.0 43.0 10.0 0.0 0.0 0.0 0.0 0.0 1.0 0.0 0.0 0.0 0.0 0.0 0.0 0.0 0.0 0.0 59.0 42.0 0.0 0.0 0.0 0.0 3.0 7.0 0.0 36.0 21.0 0.0 3.0 0.0 1.0 18.0 25.0 2.0 0.0 0.0 0.0 0.0 0.0 0.0 0.0 0.0 0.0 0.0 0.0 0.0 0.0 0.0 0.0 8.0 2.0 0.0 0.0 0.0 0.0 0.0 7.0 34.0 29.0 0.0 0.0 2.0 1.0 2.0 61.0 32.0 0.0 0.0 0.0 
25_3_013_65
0.0 0.0 8.0 10.0 0.0 1.0 9.0 0.0 17.0 15.0 7.0 1.0 21.0 9.0 0.0 0.0 3.0 2.0 0.0 0.0 94.0 35.0 0.0 0.0 0.0 0.0 0.0 0.0 37.0 15.0 0.0 0.0 13.0 4.0 0.0 7.0 14.0 0.0 0.0 0.0 3.0 8.0 15.0 39.0 24.0 1.0 0.0 0.0 42.0 18.0 0.0 0.0 0.0 0.0 1.0 22.0 17.0 10.0 0.0 0.0 52.0 21.0 0.0 0.0 102.0 40.0 0.0 0.0 0.0 0.0 0.0 0.0 43.0 22.0 3.0 29.0 24.0 13.0 0.0 2.0 0.0 1.0 9.0 35.0 16.0 15.0 44.0 6.0 40.0 17.0 0.0 0.0 4.0 0.0 0.0 2.0 3.0 0.0 0.0 0.0 0.0 0.0 0.0 1.0 65.0 22.0 0.0 0.0 0.0 0.0 0.0 0.0 80.0 36.0 0.0 9.0 7.0 0.0 0.0 0.0 9.0 2.0 0.0 2.0 19.0 30.0 4.0 0.0 
25_3_013_66
0.0 0.0 0.0 0.0 0.0 0.0 0.0 1.0 0.0 -8.0 40.0 30.0 0.0 0.0 0.0 0.0 -16.0 54.0 28.0 5.0 0.0 0.0 0.0 0.0 6.0 8.0 11.0 16.0 0.0 0.0 0.0 -4.0 0.0 0.0 0.0 0.0 0.0 0.0 0.0 4.0 0.0 0.0 23.0 93.0 0.0 0.0 0.0 0.0 0.0 0.0 2.0 17.0 1.0 1.0 13.0 6.0 0.0 0.0 1.0 28.0 5.0 0.0 2.0 0.0 1.0 0.0 0.0 0.0 0.0 0.0 0.0 0.0 0.0 0.0 4.0 102.0 5.0 0.0 0.0 0.0 -3.0 9.0 0.0 2.0 3.0 3.0 4.0 1.0 0.0 1.0 1.0 16.0 8.0 0.0 4.0 0.0 0.0 0.0 0.0 0.0 0.0 0.0 0.0 0.0 0.0 -2.0 29.0 53.0 0.0 0.0 0.0 0.0 0.0 1.0 4.0 8.0 2.0 5.0 0.0 0.0 0.0 0.0 0.0 1.0 3.0 2.0 2.0 0.0 
25_3_013_67
0.0 0.0 0.0 0.0 0.0 0.0 13.0 46.0 1.0 21.0 12.0 2.0 1.0 2.0 8.0 22.0 11.0 7.0 17.0 3.0 3.0 7.0 7.0 11.0 0.0 0.0 14.0 60.0 0.0 0.0 4.0 19.0 0.0 0.0 0.0 0.0 0.0 0.0 22.0 82.0 0.0 7.0 20.0 59.0 11.0 19.0 19.0 6.0 47.0 12.0 0.0 8.0 23.0 24.0 12.0 62.0 0.0 0.0 20.0 94.0 0.0 0.0 1.0 5.0 11.0 4.0 0.0 0.0 0.0 0.0 16.0 78.0 21.0 16.0 22.0 47.0 2.0 1.0 18.0 0.0 0.0 11.0 17.0 3.0 4.0 17.0 33.0 63.0 0.0 0.0 26.0 102.0 0.0 0.0 0.0 0.0 16.0 13.0 0.0 0.0 0.0 0.0 0.0 0.0 25.0 35.0 6.0 0.0 0.0 0.0 0.0 0.0 27.0 76.0 2.0 0.0 0.0 0.0 0.0 0.0 0.0 29.0 66.0 13.0 0.0 0.0 0.0 0.0 
25_3_013_68
0.0 0.0 0.0 0.0 0.0 10.0 17.0 4.0 0.0 0.0 0.0 0.0 0.0 82.0 9.0 0.0 0.0 0.0 0.0 0.0 1.0 87.0 7.0 0.0 0.0 0.0 0.0 0.0 0.0 64.0 7.0 0.0 20.0 0.0 0.0 0.0 0.0 0.0 8.0 40.0 1.0 47.0 15.0 0.0 9.0 4.0 13.0 21.0 14.0 52.0 14.0 24.0 23.0 1.0 0.0 16.0 22.0 7.0 1.0 0.0 7.0 2.0 1.0 17.0 5.0 0.0 0.0 0.0 0.0 0.0 6.0 68.0 18.0 5.0 1.0 10.0 22.0 55.0 7.0 7.0 0.0 0.0 20.0 20.0 2.0 70.0 36.0 11.0 1.0 3.0 0.0 5.0 10.0 24.0 13.0 8.0 69.0 2.0 0.0 0.0 0.0 0.0 0.0 27.0 16.0 83.0 6.0 0.0 0.0 2.0 0.0 4.0 0.0 102.0 13.0 0.0 0.0 0.0 0.0 0.0 0.0 84.0 9.0 0.0 0.0 0.0 0.0 0.0 
25_3_013_69
0.0 0.0 0.0 0.0 0.0 62.0 43.0 0.0 0.0 0.0 1.0 0.0 0.0 102.0 70.0 0.0 0.0 11.0 12.0 32.0 52.0 72.0 20.0 0.0 0.0 0.0 0.0 15.0 66.0 17.0 0.0 0.0 8.0 31.0 27.0 14.0 0.0 30.0 20.0 0.0 11.0 68.0 82.0 12.0 0.0 9.0 15.0 18.0 41.0 50.0 13.0 19.0 27.0 9.0 0.0 10.0 0.0 0.0 4.0 70.0 19.0 0.0 0.0 0.0 5.0 11.0 5.0 18.0 19.0 22.0 1.0 5.0 41.0 0.0 0.0 36.0 40.0 37.0 31.0 43.0 0.0 15.0 25.0 21.0 6.0 59.0 40.0 5.0 0.0 7.0 33.0 45.0 35.0 17.0 0.0 0.0 5.0 45.0 34.0 2.0 6.0 6.0 0.0 1.0 0.0 85.0 48.0 0.0 1.0 7.0 5.0 0.0 0.0 85.0 52.0 0.0 0.0 0.0 0.0 0.0 0.0 18.0 15.0 0.0 0.0 0.0 0.0 0.0 
25_3_013_70
0.0 0.0 0.0 0.0 0.0 30.0 65.0 6.0 0.0 0.0 0.0 0.0 11.0 74.0 2.0 0.0 0.0 0.0 0.0 0.0 12.0 36.0 11.0 0.0 0.0 0.0 0.0 3.0 16.0 11.0 0.0 0.0 0.0 0.0 0.0 2.0 0.0 0.0 13.0 94.0 12.0 15.0 21.0 55.0 1.0 10.0 16.0 -4.0 2.0 0.0 9.0 3.0 18.0 14.0 3.0 64.0 0.0 0.0 6.0 85.0 6.0 0.0 0.0 0.0 0.0 0.0 0.0 0.0 0.0 0.0 3.0 102.0 38.0 2.0 3.0 72.0 30.0 12.0 -15.0 21.0 6.0 19.0 25.0 0.0 0.0 7.0 9.0 60.0 0.0 0.0 8.0 83.0 0.0 0.0 0.0 0.0 0.0 0.0 0.0 6.0 0.0 0.0 4.0 77.0 6.0 7.0 7.0 18.0 15.0 7.0 6.0 1.0 0.0 0.0 6.0 2.0 1.0 20.0 13.0 6.0 0.0 0.0 5.0 66.0 0.0 0.0 0.0 0.0 
25_3_013_71
0.0 0.0 0.0 0.0 0.0 0.0 5.0 6.0 0.0 0.0 0.0 0.0 9.0 30.0 8.0 6.0 0.0 0.0 0.0 0.0 16.0 34.0 0.0 0.0 0.0 0.0 0.0 0.0 7.0 13.0 0.0 0.0 0.0 0.0 0.0 0.0 0.0 0.0 14.0 17.0 40.0 5.0 0.0 4.0 6.0 0.0 9.0 -3.0 65.0 -2.0 8.0 9.0 8.0 6.0 -2.0 -19.0 5.0 0.0 0.0 1.0 8.0 18.0 -3.0 16.0 0.0 0.0 0.0 0.0 0.0 2.0 12.0 38.0 4.0 0.0 6.0 2.0 20.0 26.0 -7.0 18.0 -8.0 12.0 24.0 2.0 7.0 27.0 23.0 7.0 3.0 3.0 0.0 5.0 2.0 1.0 -1.0 17.0 29.0 0.0 0.0 0.0 0.0 0.0 -19.0 40.0 102.0 0.0 0.0 0.0 0.0 0.0 0.0 -42.0 93.0 0.0 0.0 0.0 2.0 6.0 0.0 -38.0 47.0 0.0 0.0 0.0 5.0 12.0 0.0 -19.0 
25_3_013_72
0.0 0.0 0.0 14.0 69.0 22.0 4.0 0.0 44.0 4.0 2.0 9.0 2.0 0.0 0.0 25.0 14.0 22.0 15.0 1.0 0.0 0.0 1.0 1.0 6.0 39.0 8.0 0.0 0.0 0.0 0.0 0.0 9.0 10.0 9.0 32.0 20.0 0.0 0.0 0.0 12.0 20.0 29.0 102.0 21.0 0.0 0.0 0.0 78.0 61.0 3.0 0.0 0.0 0.0 0.0 13.0 0.0 10.0 4.0 0.0 0.0 9.0 10.0 7.0 8.0 63.0 25.0 0.0 0.0 0.0 0.0 0.0 0.0 0.0 28.0 57.0 38.0 10.0 0.0 0.0 6.0 0.0 0.0 0.0 1.0 24.0 39.0 44.0 4.0 0.0 0.0 0.0 0.0 9.0 29.0 47.0 3.0 5.0 0.0 1.0 3.0 0.0 0.0 0.0 0.0 0.0 1.0 2.0 7.0 6.0 0.0 0.0 3.0 0.0 3.0 5.0 7.0 11.0 13.0 4.0 2.0 0.0 0.0 0.0 0.0 0.0 26.0 77.0 
25_3_013_73
0.0 0.0 10.0 23.0 12.0 1.0 0.0 0.0 19.0 4.0 1.0 2.0 0.0 4.0 -25.0 63.0 4.0 0.0 1.0 42.0 18.0 0.0 -3.0 8.0 0.0 0.0 0.0 0.0 0.0 0.0 -33.0 102.0 0.0 0.0 0.0 3.0 46.0 17.0 0.0 0.0 0.0 0.0 2.0 29.0 12.0 43.0 3.0 2.0 3.0 3.0 9.0 24.0 11.0 0.0 0.0 -1.0 0.0 0.0 0.0 0.0 0.0 0.0 29.0 58.0 0.0 0.0 0.0 3.0 19.0 14.0 1.0 0.0 0.0 0.0 4.0 47.0 23.0 4.0 0.0 0.0 0.0 0.0 0.0 0.0 26.0 33.0 1.0 0.0 4.0 0.0 0.0 0.0 0.0 4.0 19.0 45.0 14.0 9.0 7.0 3.0 0.0 0.0 0.0 -6.0 0.0 0.0 2.0 21.0 8.0 5.0 0.0 0.0 0.0 0.0 0.0 0.0 12.0 12.0 0.0 0.0 10.0 1.0 0.0 0.0 6.0 7.0 0.0 -3.0 
25_3_013_74
0.0 0.0 2.0 1.0 0.0 0.0 0.0 0.0 0.0 0.0 19.0 24.0 0.0 0.0 0.0 0.0 0.0 0.0 23.0 17.0 2.0 0.0 0.0 0.0 0.0 0.0 0.0 26.0 3.0 0.0 0.0 0.0 0.0 0.0 1.0 0.0 0.0 0.0 0.0 0.0 0.0 0.0 23.0 70.0 0.0 0.0 0.0 0.0 0.0 14.0 26.0 2.0 0.0 0.0 0.0 0.0 2.0 2.0 1.0 19.0 6.0 0.0 1.0 3.0 0.0 1.0 2.0 0.0 0.0 0.0 0.0 0.0 0.0 0.0 9.0 102.0 0.0 0.0 0.0 0.0 5.0 3.0 14.0 21.0 0.0 0.0 0.0 10.0 0.0 0.0 0.0 26.0 6.0 0.0 9.0 23.0 0.0 0.0 1.0 0.0 0.0 0.0 0.0 0.0 0.0 0.0 0.0 67.0 9.0 0.0 0.0 0.0 1.0 0.0 4.0 42.0 7.0 0.0 0.0 20.0 11.0 1.0 1.0 16.0 1.0 0.0 -2.0 31.0 
25_3_013_75
0.0 0.0 0.0 0.0 0.0 0.0 1.0 0.0 0.0 0.0 0.0 0.0 0.0 21.0 37.0 0.0 0.0 0.0 0.0 0.0 2.0 50.0 102.0 3.0 9.0 1.0 0.0 12.0 8.0 18.0 19.0 4.0 0.0 0.0 0.0 0.0 0.0 36.0 82.0 0.0 0.0 0.0 0.0 0.0 2.0 39.0 69.0 26.0 5.0 0.0 5.0 16.0 12.0 1.0 -13.0 57.0 0.0 1.0 8.0 11.0 11.0 18.0 20.0 0.0 4.0 0.0 0.0 3.0 11.0 4.0 6.0 8.0 2.0 1.0 0.0 0.0 0.0 0.0 18.0 46.0 3.0 0.0 4.0 32.0 20.0 15.0 19.0 26.0 1.0 14.0 25.0 0.0 0.0 11.0 11.0 7.0 0.0 0.0 4.0 1.0 4.0 13.0 0.0 37.0 0.0 9.0 17.0 0.0 0.0 14.0 29.0 1.0 0.0 49.0 89.0 1.0 1.0 1.0 0.0 0.0 0.0 46.0 82.0 0.0 0.0 0.0 0.0 0.0 
25_3_013_76
0.0 0.0 0.0 0.0 0.0 28.0 95.0 0.0 0.0 1.0 1.0 0.0 0.0 27.0 102.0 1.0 0.0 16.0 37.0 6.0 1.0 2.0 7.0 0.0 5.0 5.0 3.0 19.0 7.0 2.0 4.0 3.0 0.0 3.0 6.0 13.0 0.0 17.0 53.0 0.0 20.0 23.0 22.0 18.0 7.0 0.0 1.0 30.0 1.0 0.0 12.0 42.0 15.0 1.0 0.0 0.0 11.0 6.0 22.0 6.0 2.0 1.0 0.0 1.0 8.0 18.0 29.0 4.0 0.0 0.0 4.0 6.0 14.0 1.0 0.0 16.0 32.0 2.0 2.0 22.0 4.0 32.0 81.0 23.0 1.0 0.0 0.0 0.0 0.0 18.0 88.0 0.0 0.0 0.0 0.0 0.0 9.0 8.0 9.0 3.0 9.0 5.0 1.0 11.0 2.0 37.0 101.0 10.0 0.0 0.0 0.0 3.0 0.0 14.0 59.0 0.0 0.0 0.0 0.0 0.0 0.0 0.0 0.0 0.0 0.0 0.0 0.0 0.0 
25_3_013_77
0.0 1.0 0.0 0.0 0.0 0.0 0.0 0.0 0.0 0.0 9.0 61.0 0.0 0.0 0.0 0.0 0.0 0.0 1.0 27.0 14.0 1.0 3.0 2.0 15.0 7.0 5.0 3.0 0.0 0.0 0.0 5.0 0.0 1.0 1.0 0.0 0.0 0.0 0.0 0.0 0.0 0.0 23.0 88.0 0.0 0.0 0.0 0.0 2.0 4.0 3.0 1.0 8.0 6.0 2.0 11.0 0.0 0.0 1.0 7.0 17.0 8.0 2.0 0.0 0.0 1.0 1.0 0.0 0.0 0.0 0.0 0.0 0.0 0.0 29.0 102.0 0.0 0.0 0.0 0.0 8.0 3.0 1.0 0.0 0.0 0.0 0.0 31.0 0.0 1.0 37.0 12.0 0.0 0.0 0.0 0.0 0.0 0.0 0.0 3.0 0.0 0.0 0.0 0.0 0.0 0.0 11.0 72.0 19.0 0.0 0.0 0.0 2.0 2.0 18.0 1.0 0.0 0.0 0.0 14.0 0.0 4.0 31.0 6.0 0.0 0.0 0.0 0.0 
25_3_013_78
51.0 1.0 0.0 0.0 0.0 0.0 -1.0 -11.0 13.0 9.0 0.0 0.0 0.0 0.0 0.0 -2.0 -11.0 42.0 0.0 0.0 0.0 0.0 -1.0 1.0 -30.0 102.0 0.0 0.0 0.0 0.0 0.0 0.0 8.0 0.0 0.0 0.0 0.0 5.0 17.0 31.0 1.0 37.0 11.0 11.0 2.0 4.0 1.0 -2.0 -16.0 90.0 7.0 0.0 0.0 0.0 0.0 -5.0 -3.0 5.0 26.0 5.0 6.0 0.0 0.0 0.0 5.0 0.0 0.0 0.0 0.0 0.0 -7.0 43.0 -1.0 3.0 20.0 65.0 0.0 0.0 0.0 0.0 8.0 18.0 17.0 3.0 0.0 0.0 0.0 -7.0 32.0 16.0 3.0 0.0 0.0 0.0 0.0 -12.0 1.0 0.0 0.0 0.0 0.0 0.0 1.0 13.0 0.0 0.0 8.0 42.0 2.0 0.0 0.0 0.0 0.0 0.0 0.0 2.0 21.0 8.0 2.0 0.0 0.0 0.0 0.0 0.0 10.0 12.0 5.0 0.0 
25_3_013_79
1.0 7.0 5.0 0.0 0.0 6.0 10.0 0.0 24.0 13.0 2.0 0.0 0.0 0.0 0.0 5.0 1.0 31.0 20.0 1.0 0.0 0.0 0.0 0.0 16.0 3.0 0.0 0.0 0.0 0.0 4.0 40.0 0.0 0.0 0.0 1.0 19.0 43.0 43.0 3.0 2.0 31.0 50.0 59.0 26.0 0.0 0.0 0.0 73.0 35.0 5.0 0.0 0.0 0.0 6.0 35.0 23.0 14.0 1.0 0.0 0.0 0.0 25.0 23.0 11.0 14.0 47.0 10.0 0.0 0.0 4.0 22.0 0.0 2.0 78.0 102.0 12.0 10.0 4.0 2.0 8.0 0.0 0.0 0.0 0.0 25.0 60.0 35.0 23.0 35.0 4.0 0.0 5.0 5.0 0.0 0.0 8.0 78.0 85.0 3.0 0.0 0.0 0.0 0.0 13.0 7.0 24.0 0.0 0.0 0.0 36.0 63.0 2.0 1.0 1.0 0.0 5.0 24.0 32.0 3.0 0.0 0.0 0.0 0.0 3.0 37.0 16.0 1.0 
25_3_013_80
0.0 0.0 0.0 0.0 0.0 12.0 41.0 0.0 0.0 0.0 0.0 0.0 0.0 0.0 4.0 0.0 1.0 0.0 0.0 0.0 0.0 0.0 -1.0 2.0 1.0 1.0 0.0 0.0 0.0 0.0 0.0 0.0 0.0 6.0 12.0 3.0 22.0 64.0 0.0 0.0 0.0 0.0 5.0 1.0 20.0 50.0 14.0 2.0 0.0 0.0 0.0 12.0 35.0 15.0 0.0 0.0 0.0 1.0 0.0 0.0 0.0 0.0 0.0 0.0 7.0 5.0 18.0 31.0 5.0 10.0 9.0 9.0 6.0 1.0 5.0 8.0 13.0 9.0 11.0 54.0 0.0 0.0 20.0 102.0 2.0 0.0 0.0 0.0 2.0 1.0 0.0 0.0 0.0 0.0 0.0 0.0 17.0 17.0 4.0 19.0 26.0 14.0 -9.0 12.0 0.0 16.0 13.0 8.0 0.0 5.0 16.0 51.0 0.0 0.0 17.0 70.0 0.0 0.0 0.0 0.0 0.0 0.0 0.0 0.0 0.0 0.0 0.0 0.0 
25_3_013_81
4.0 1.0 1.0 9.0 8.0 2.0 0.0 4.0 4.0 0.0 1.0 3.0 4.0 8.0 2.0 1.0 0.0 2.0 4.0 34.0 5.0 0.0 0.0 0.0 6.0 11.0 4.0 2.0 0.0 0.0 0.0 0.0 3.0 0.0 0.0 30.0 64.0 0.0 0.0 0.0 20.0 3.0 3.0 4.0 0.0 0.0 -10.0 22.0 0.0 0.0 8.0 57.0 3.0 0.0 0.0 0.0 3.0 5.0 3.0 5.0 3.0 0.0 -6.0 16.0 0.0 0.0 0.0 23.0 37.0 0.0 0.0 0.0 2.0 0.0 0.0 15.0 55.0 13.0 -3.0 13.0 0.0 0.0 5.0 14.0 18.0 35.0 8.0 0.0 3.0 2.0 5.0 19.0 37.0 0.0 0.0 0.0 0.0 0.0 0.0 0.0 3.0 0.0 0.0 0.0 0.0 0.0 0.0 0.0 32.0 27.0 0.0 0.0 0.0 0.0 0.0 0.0 4.0 41.0 20.0 0.0 0.0 0.0 0.0 0.0 102.0 15.0 0.0 0.0 
25_3_013_82
6.0 0.0 0.0 5.0 2.0 0.0 0.0 7.0 1.0 3.0 62.0 92.0 0.0 0.0 0.0 0.0 0.0 5.0 46.0 32.0 11.0 11.0 44.0 68.0 9.0 0.0 4.0 1.0 0.0 0.0 13.0 47.0 1.0 2.0 1.0 13.0 24.0 0.0 0.0 0.0 0.0 0.0 14.0 102.0 8.0 0.0 0.0 0.0 10.0 0.0 0.0 0.0 12.0 34.0 56.0 21.0 9.0 16.0 4.0 0.0 0.0 0.0 14.0 14.0 0.0 6.0 29.0 14.0 3.0 0.0 0.0 0.0 0.0 0.0 22.0 75.0 6.0 0.0 0.0 0.0 3.0 1.0 0.0 0.0 0.0 0.0 15.0 20.0 0.0 15.0 22.0 2.0 2.0 1.0 2.0 0.0 0.0 9.0 15.0 0.0 1.0 4.0 0.0 0.0 0.0 0.0 8.0 6.0 9.0 22.0 2.0 0.0 0.0 0.0 0.0 0.0 5.0 10.0 1.0 0.0 0.0 0.0 0.0 0.0 5.0 14.0 4.0 0.0 
25_3_013_83
0.0 0.0 0.0 0.0 0.0 0.0 -1.0 3.0 0.0 0.0 0.0 0.0 0.0 0.0 -1.0 4.0 1.0 1.0 34.0 3.0 0.0 0.0 0.0 0.0 0.0 0.0 71.0 17.0 0.0 0.0 0.0 0.0 0.0 0.0 0.0 0.0 0.0 0.0 0.0 4.0 0.0 0.0 1.0 5.0 0.0 0.0 0.0 2.0 0.0 0.0 78.0 51.0 0.0 0.0 0.0 0.0 0.0 2.0 10.0 9.0 2.0 0.0 0.0 0.0 0.0 0.0 0.0 0.0 0.0 0.0 0.0 1.0 1.0 0.0 2.0 13.0 0.0 0.0 0.0 2.0 0.0 0.0 19.0 102.0 0.0 0.0 0.0 0.0 0.0 3.0 35.0 0.0 0.0 0.0 0.0 0.0 0.0 0.0 0.0 0.0 0.0 0.0 0.0 0.0 1.0 1.0 25.0 14.0 0.0 0.0 0.0 0.0 0.0 0.0 57.0 55.0 0.0 0.0 0.0 0.0 0.0 0.0 7.0 0.0 0.0 1.0 0.0 0.0 
25_3_013_84
47.0 12.0 0.0 0.0 0.0 0.0 0.0 0.0 8.0 13.0 22.0 43.0 0.0 0.0 0.0 0.0 0.0 0.0 6.0 43.0 0.0 0.0 0.0 0.0 0.0 1.0 1.0 0.0 0.0 0.0 0.0 0.0 1.0 0.0 0.0 2.0 7.0 5.0 17.0 6.0 1.0 0.0 21.0 61.0 0.0 0.0 6.0 7.0 0.0 0.0 6.0 25.0 1.0 0.0 0.0 0.0 0.0 0.0 0.0 1.0 4.0 0.0 0.0 0.0 0.0 0.0 1.0 7.0 1.0 0.0 5.0 18.0 0.0 0.0 4.0 102.0 1.0 0.0 1.0 0.0 0.0 0.0 4.0 17.0 0.0 0.0 0.0 0.0 0.0 0.0 3.0 1.0 0.0 0.0 0.0 0.0 0.0 0.0 0.0 2.0 0.0 0.0 9.0 19.0 0.0 0.0 11.0 87.0 0.0 0.0 0.0 0.0 0.0 0.0 3.0 11.0 0.0 0.0 0.0 0.0 0.0 0.0 1.0 0.0 0.0 0.0 0.0 0.0 
25_3_013_85
0.0 3.0 0.0 0.0 0.0 0.0 0.0 0.0 -1.0 3.0 14.0 28.0 0.0 0.0 0.0 0.0 0.0 0.0 10.0 11.0 0.0 0.0 0.0 3.0 0.0 0.0 0.0 0.0 0.0 0.0 0.0 1.0 0.0 1.0 0.0 0.0 0.0 0.0 0.0 0.0 0.0 0.0 13.0 59.0 0.0 0.0 0.0 0.0 1.0 0.0 3.0 4.0 0.0 0.0 -1.0 5.0 0.0 0.0 0.0 0.0 0.0 0.0 0.0 4.0 -2.0 22.0 0.0 0.0 0.0 0.0 0.0 0.0 -16.0 42.0 21.0 45.0 0.0 0.0 0.0 0.0 3.0 3.0 1.0 0.0 0.0 0.0 -1.0 4.0 0.0 0.0 0.0 0.0 0.0 0.0 -3.0 10.0 -19.0 102.0 0.0 0.0 0.0 0.0 0.0 0.0 23.0 44.0 0.0 0.0 0.0 0.0 -10.0 14.0 0.0 0.0 0.0 0.0 0.0 0.0 -8.0 26.0 1.0 0.0 0.0 0.0 0.0 0.0 -1.0 6.0 
25_3_013_86
0.0 0.0 1.0 0.0 0.0 0.0 0.0 0.0 0.0 0.0 4.0 1.0 0.0 0.0 0.0 0.0 0.0 0.0 25.0 75.0 0.0 0.0 0.0 0.0 0.0 0.0 3.0 6.0 0.0 0.0 0.0 0.0 0.0 4.0 2.0 0.0 0.0 0.0 0.0 0.0 0.0 1.0 3.0 8.0 1.0 1.0 0.0 0.0 0.0 0.0 22.0 102.0 0.0 0.0 0.0 0.0 0.0 0.0 2.0 5.0 0.0 0.0 0.0 0.0 0.0 0.0 6.0 20.0 0.0 1.0 0.0 0.0 0.0 0.0 10.0 19.0 0.0 0.0 0.0 0.0 0.0 0.0 15.0 100.0 0.0 0.0 0.0 0.0 0.0 0.0 1.0 2.0 0.0 0.0 0.0 0.0 0.0 0.0 11.0 61.0 0.0 0.0 0.0 0.0 0.0 0.0 24.0 63.0 0.0 0.0 0.0 0.0 0.0 0.0 26.0 38.0 0.0 0.0 0.0 0.0 0.0 0.0 0.0 2.0 1.0 1.0 0.0 0.0 
25_3_013_87
0.0 0.0 0.0 0.0 9.0 0.0 0.0 0.0 0.0 0.0 0.0 0.0 102.0 5.0 0.0 0.0 0.0 0.0 0.0 4.0 33.0 1.0 0.0 0.0 5.0 1.0 0.0 0.0 0.0 0.0 -1.0 2.0 0.0 0.0 0.0 1.0 0.0 0.0 0.0 0.0 0.0 0.0 0.0 12.0 7.0 0.0 0.0 0.0 0.0 0.0 0.0 50.0 54.0 2.0 0.0 0.0 0.0 0.0 0.0 0.0 25.0 6.0 0.0 0.0 0.0 0.0 0.0 1.0 1.0 0.0 0.0 0.0 0.0 0.0 2.0 17.0 0.0 1.0 0.0 0.0 0.0 0.0 7.0 66.0 3.0 0.0 0.0 0.0 0.0 0.0 0.0 2.0 16.0 5.0 0.0 0.0 0.0 0.0 0.0 1.0 1.0 0.0 0.0 0.0 0.0 0.0 1.0 4.0 2.0 0.0 0.0 0.0 0.0 0.0 0.0 23.0 37.0 0.0 0.0 0.0 0.0 0.0 7.0 7.0 0.0 0.0 0.0 0.0 
25_3_013_88
0.0 0.0 0.0 0.0 0.0 0.0 0.0 0.0 0.0 0.0 0.0 7.0 0.0 0.0 0.0 0.0 0.0 0.0 7.0 77.0 0.0 0.0 0.0 0.0 0.0 0.0 0.0 0.0 0.0 0.0 1.0 3.0 0.0 0.0 1.0 0.0 0.0 0.0 0.0 0.0 0.0 1.0 2.0 11.0 0.0 0.0 0.0 0.0 0.0 0.0 3.0 102.0 1.0 0.0 0.0 0.0 0.0 0.0 0.0 0.0 0.0 0.0 0.0 1.0 0.0 0.0 1.0 0.0 0.0 0.0 0.0 0.0 0.0 0.0 35.0 9.0 0.0 0.0 0.0 0.0 0.0 0.0 25.0 60.0 0.0 0.0 0.0 0.0 1.0 0.0 0.0 0.0 0.0 0.0 1.0 4.0 0.0 3.0 26.0 4.0 0.0 0.0 0.0 0.0 0.0 9.0 38.0 0.0 0.0 0.0 0.0 0.0 0.0 0.0 1.0 28.0 4.0 0.0 0.0 0.0 1.0 0.0 0.0 0.0 0.0 0.0 0.0 5.0 
25_3_013_89
14.0 11.0 0.0 0.0 0.0 0.0 0.0 17.0 1.0 38.0 8.0 0.0 0.0 0.0 0.0 0.0 0.0 59.0 19.0 0.0 0.0 0.0 0.0 0.0 7.0 41.0 6.0 0.0 0.0 0.0 0.0 0.0 12.0 71.0 3.0 0.0 0.0 0.0 0.0 0.0 38.0 27.0 3.0 2.0 0.0 0.0 0.0 9.0 0.0 25.0 68.0 72.0 1.0 0.0 0.0 0.0 61.0 63.0 0.0 0.0 0.0 0.0 0.0 3.0 8.0 2.0 3.0 4.0 7.0 17.0 15.0 6.0 35.0 12.0 0.0 0.0 0.0 50.0 12.0 0.0 0.0 0.0 30.0 29.0 19.0 102.0 11.0 0.0 0.0 0.0 1.0 2.0 2.0 94.0 44.0 0.0 0.0 1.0 2.0 1.0 7.0 15.0 11.0 0.0 7.0 33.0 7.0 0.0 0.0 13.0 14.0 7.0 1.0 83.0 28.0 0.0 2.0 14.0 5.0 0.0 0.0 47.0 58.0 0.0 0.0 0.0 0.0 0.0 
25_3_013_90
0.0 0.0 2.0 2.0 1.0 0.0 0.0 0.0 30.0 2.0 0.0 1.0 0.0 0.0 -4.0 4.0 24.0 0.0 1.0 0.0 0.0 0.0 -1.0 -2.0 0.0 0.0 0.0 0.0 0.0 2.0 0.0 2.0 0.0 2.0 0.0 0.0 1.0 0.0 0.0 0.0 0.0 0.0 0.0 3.0 10.0 11.0 0.0 2.0 47.0 14.0 5.0 5.0 1.0 0.0 0.0 -13.0 37.0 0.0 0.0 0.0 0.0 0.0 -15.0 32.0 0.0 0.0 0.0 0.0 0.0 0.0 0.0 15.0 0.0 0.0 0.0 6.0 5.0 5.0 5.0 0.0 12.0 0.0 8.0 32.0 46.0 4.0 0.0 -4.0 8.0 0.0 0.0 0.0 5.0 2.0 -32.0 102.0 0.0 0.0 0.0 0.0 2.0 0.0 1.0 14.0 0.0 0.0 0.0 3.0 6.0 1.0 3.0 8.0 0.0 0.0 0.0 2.0 25.0 7.0 0.0 10.0 0.0 0.0 0.0 7.0 40.0 1.0 -6.0 25.0 
25_3_013_91
3.0 0.0 0.0 0.0 0.0 0.0 0.0 0.0 0.0 0.0 17.0 71.0 0.0 0.0 0.0 0.0 0.0 0.0 3.0 55.0 12.0 0.0 0.0 0.0 3.0 -1.0 10.0 2.0 0.0 1.0 2.0 16.0 4.0 0.0 0.0 0.0 0.0 0.0 0.0 -1.0 1.0 0.0 16.0 102.0 0.0 0.0 0.0 0.0 0.0 0.0 4.0 26.0 11.0 2.0 -1.0 2.0 0.0 0.0 8.0 19.0 4.0 3.0 1.0 0.0 1.0 0.0 0.0 0.0 0.0 0.0 0.0 2.0 0.0 0.0 1.0 84.0 33.0 0.0 0.0 0.0 0.0 1.0 0.0 31.0 23.0 0.0 0.0 0.0 0.0 0.0 18.0 26.0 0.0 0.0 0.0 0.0 1.0 1.0 0.0 0.0 0.0 0.0 0.0 2.0 2.0 0.0 0.0 9.0 13.0 0.0 0.0 0.0 0.0 0.0 0.0 54.0 68.0 0.0 0.0 0.0 0.0 0.0 8.0 24.0 0.0 0.0 0.0 0.0 
25_3_013_92
0.0 2.0 0.0 0.0 0.0 0.0 0.0 0.0 0.0 0.0 3.0 8.0 0.0 0.0 0.0 0.0 0.0 0.0 15.0 67.0 0.0 0.0 0.0 0.0 0.0 0.0 0.0 11.0 11.0 2.0 2.0 0.0 0.0 1.0 0.0 0.0 0.0 0.0 0.0 0.0 0.0 1.0 3.0 14.0 0.0 0.0 0.0 0.0 6.0 3.0 27.0 96.0 0.0 0.0 0.0 1.0 4.0 0.0 0.0 0.0 5.0 7.0 3.0 16.0 0.0 2.0 0.0 0.0 0.0 0.0 0.0 0.0 0.0 0.0 10.0 27.0 0.0 0.0 0.0 0.0 0.0 0.0 21.0 102.0 0.0 0.0 2.0 12.0 5.0 3.0 0.0 0.0 0.0 0.0 0.0 28.0 0.0 0.0 0.0 0.0 0.0 0.0 0.0 0.0 0.0 0.0 10.0 42.0 0.0 0.0 0.0 0.0 1.0 0.0 21.0 48.0 3.0 0.0 3.0 16.0 2.0 2.0 11.0 1.0 0.0 0.0 0.0 9.0 
25_3_013_93
4.0 2.0 0.0 0.0 0.0 0.0 -6.0 46.0 0.0 19.0 25.0 102.0 0.0 0.0 0.0 -2.0 0.0 24.0 12.0 47.0 4.0 3.0 -1.0 10.0 -1.0 37.0 8.0 15.0 7.0 0.0 0.0 -4.0 -3.0 11.0 1.0 0.0 0.0 0.0 4.0 14.0 -7.0 12.0 45.0 101.0 0.0 0.0 0.0 0.0 0.0 0.0 0.0 19.0 38.0 28.0 12.0 10.0 0.0 0.0 0.0 16.0 64.0 11.0 1.0 0.0 7.0 14.0 2.0 0.0 0.0 0.0 0.0 -3.0 0.0 0.0 6.0 66.0 27.0 0.0 0.0 0.0 0.0 0.0 0.0 9.0 19.0 0.0 9.0 39.0 0.0 0.0 0.0 6.0 29.0 19.0 15.0 0.0 2.0 0.0 0.0 0.0 2.0 0.0 -3.0 11.0 0.0 0.0 0.0 23.0 20.0 0.0 0.0 2.0 0.0 0.0 0.0 5.0 18.0 5.0 2.0 7.0 0.0 0.0 0.0 4.0 6.0 1.0 4.0 12.0 
25_3_013_94
0.0 0.0 0.0 0.0 0.0 0.0 30.0 13.0 13.0 13.0 3.0 2.0 0.0 0.0 -1.0 0.0 3.0 0.0 102.0 71.0 0.0 0.0 -4.0 10.0 -8.0 57.0 0.0 0.0 0.0 0.0 -3.0 13.0 1.0 12.0 0.0 0.0 0.0 0.0 1.0 9.0 -12.0 33.0 61.0 34.0 0.0 0.0 0.0 0.0 0.0 0.0 18.0 42.0 18.0 33.0 8.0 1.0 -1.0 2.0 0.0 47.0 22.0 1.0 0.0 0.0 1.0 5.0 0.0 1.0 1.0 0.0 -1.0 5.0 0.0 0.0 9.0 80.0 5.0 0.0 0.0 0.0 0.0 0.0 0.0 28.0 11.0 0.0 21.0 18.0 0.0 0.0 0.0 18.0 37.0 22.0 2.0 0.0 1.0 0.0 0.0 2.0 1.0 0.0 -1.0 11.0 0.0 0.0 0.0 35.0 15.0 2.0 0.0 0.0 0.0 0.0 0.0 11.0 5.0 0.0 5.0 6.0 0.0 0.0 0.0 0.0 4.0 18.0 24.0 0.0 
25_3_013_95
0.0 0.0 13.0 43.0 9.0 9.0 1.0 0.0 43.0 10.0 20.0 9.0 1.0 10.0 0.0 8.0 58.0 3.0 1.0 32.0 24.0 0.0 -30.0 63.0 1.0 0.0 0.0 35.0 33.0 0.0 -11.0 35.0 0.0 0.0 0.0 11.0 95.0 11.0 0.0 0.0 0.0 0.0 0.0 0.0 30.0 102.0 43.0 0.0 6.0 17.0 1.0 28.0 38.0 27.0 -1.0 9.0 2.0 0.0 8.0 40.0 18.0 2.0 1.0 1.0 0.0 0.0 0.0 8.0 35.0 5.0 0.0 0.0 3.0 0.0 7.0 15.0 16.0 19.0 8.0 -1.0 0.0 0.0 11.0 86.0 29.0 16.0 1.0 0.0 0.0 0.0 0.0 0.0 31.0 32.0 14.0 0.0 1.0 0.0 0.0 0.0 0.0 14.0 7.0 8.0 2.0 0.0 4.0 30.0 37.0 16.0 2.0 0.0 0.0 0.0 0.0 25.0 27.0 9.0 3.0 0.0 0.0 0.0 0.0 1.0 19.0 9.0 3.0 0.0 
25_3_013_96
6.0 2.0 5.0 5.0 0.0 0.0 11.0 14.0 0.0 7.0 27.0 21.0 0.0 0.0 0.0 0.0 0.0 31.0 39.0 0.0 0.0 0.0 0.0 0.0 4.0 36.0 25.0 1.0 0.0 0.0 0.0 0.0 15.0 77.0 9.0 0.0 0.0 0.0 0.0 0.0 25.0 33.0 20.0 1.0 2.0 1.0 -1.0 6.0 0.0 7.0 71.0 90.0 6.0 0.0 0.0 0.0 49.0 31.0 14.0 5.0 1.0 0.0 0.0 6.0 0.0 3.0 18.0 33.0 0.0 0.0 0.0 0.0 51.0 65.0 13.0 12.0 1.0 0.0 0.0 2.0 2.0 21.0 56.0 24.0 6.0 17.0 7.0 3.0 3.0 0.0 0.0 11.0 2.0 51.0 69.0 6.0 0.0 18.0 31.0 8.0 9.0 0.0 0.0 0.0 4.0 18.0 26.0 7.0 0.0 0.0 0.0 2.0 18.0 79.0 2.0 0.0 0.0 0.0 6.0 11.0 3.0 102.0 15.0 0.0 0.0 0.0 0.0 2.0 
25_3_013_97
0.0 4.0 12.0 1.0 0.0 0.0 0.0 0.0 16.0 34.0 8.0 3.0 0.0 0.0 0.0 0.0 18.0 66.0 11.0 0.0 0.0 0.0 0.0 0.0 5.0 0.0 23.0 30.0 2.0 0.0 0.0 4.0 0.0 2.0 20.0 8.0 0.0 0.0 0.0 0.0 0.0 10.0 19.0 18.0 0.0 0.0 0.0 0.0 21.0 32.0 26.0 32.0 0.0 0.0 0.0 0.0 30.0 30.0 29.0 15.0 1.0 3.0 1.0 3.0 1.0 7.0 21.0 10.0 2.0 4.0 0.0 1.0 0.0 21.0 31.0 16.0 34.0 1.0 0.0 0.0 1.0 21.0 48.0 8.0 0.0 0.0 0.0 0.0 30.0 51.0 0.0 0.0 0.0 2.0 7.0 6.0 0.0 0.0 0.0 2.0 1.0 6.0 26.0 16.0 9.0 1.0 0.0 0.0 45.0 49.0 3.0 4.0 0.0 0.0 0.0 8.0 102.0 52.0 0.0 0.0 0.0 0.0 0.0 0.0 34.0 45.0 0.0 0.0 
25_3_013_98
0.0 1.0 6.0 18.0 14.0 0.0 0.0 0.0 0.0 9.0 57.0 16.0 19.0 10.0 0.0 0.0 17.0 4.0 24.0 3.0 4.0 0.0 2.0 7.0 0.0 0.0 29.0 26.0 0.0 1.0 9.0 7.0 0.0 0.0 44.0 39.0 0.0 0.0 0.0 0.0 0.0 0.0 19.0 25.0 30.0 13.0 0.0 0.0 0.0 1.0 10.0 22.0 26.0 5.0 0.0 0.0 0.0 0.0 2.0 2.0 1.0 8.0 73.0 10.0 0.0 0.0 3.0 9.0 14.0 2.0 0.0 0.0 0.0 0.0 1.0 22.0 13.0 4.0 0.0 0.0 0.0 0.0 1.0 32.0 18.0 20.0 25.0 0.0 0.0 3.0 4.0 1.0 0.0 10.0 102.0 12.0 0.0 0.0 0.0 4.0 6.0 0.0 0.0 0.0 0.0 0.0 0.0 3.0 23.0 4.0 0.0 0.0 18.0 1.0 2.0 7.0 3.0 2.0 5.0 14.0 11.0 4.0 2.0 0.0 0.0 0.0 -4.0 12.0 
25_3_013_99
0.0 0.0 0.0 0.0 0.0 17.0 13.0 0.0 0.0 0.0 0.0 3.0 17.0 19.0 1.0 0.0 4.0 9.0 3.0 6.0 5.0 7.0 2.0 1.0 12.0 7.0 0.0 0.0 0.0 0.0 0.0 1.0 0.0 0.0 1.0 4.0 2.0 2.0 0.0 0.0 0.0 0.0 0.0 0.0 2.0 3.0 14.0 5.0 0.0 8.0 28.0 81.0 3.0 0.0 0.0 0.0 27.0 20.0 4.0 0.0 0.0 0.0 0.0 3.0 0.0 0.0 0.0 7.0 1.0 1.0 0.0 0.0 5.0 8.0 16.0 3.0 1.0 0.0 0.0 5.0 0.0 2.0 32.0 102.0 1.0 0.0 0.0 0.0 15.0 1.0 1.0 0.0 0.0 3.0 3.0 17.0 0.0 0.0 0.0 0.0 0.0 3.0 4.0 0.0 0.0 0.0 3.0 31.0 15.0 0.0 0.0 0.0 0.0 0.0 6.0 54.0 18.0 0.0 0.0 0.0 15.0 0.0 1.0 2.0 2.0 0.0 3.0 36.0 
25_3_013_100
1.0 0.0 4.0 10.0 13.0 0.0 0.0 0.0 22.0 11.0 15.0 18.0 6.0 0.0 0.0 1.0 39.0 2.0 0.0 0.0 1.0 0.0 0.0 9.0 2.0 0.0 0.0 11.0 80.0 0.0 0.0 1.0 50.0 1.0 13.0 16.0 9.0 0.0 0.0 4.0 3.0 0.0 12.0 19.0 17.0 43.0 26.0 9.0 11.0 9.0 9.0 5.0 3.0 2.0 15.0 16.0 33.0 3.0 0.0 1.0 8.0 0.0 0.0 4.0 92.0 0.0 0.0 0.0 0.0 0.0 0.0 14.0 41.0 0.0 1.0 6.0 3.0 15.0 9.0 7.0 11.0 1.0 15.0 76.0 9.0 2.0 3.0 10.0 38.0 4.0 0.0 0.0 2.0 1.0 0.0 13.0 5.0 0.0 0.0 0.0 0.0 0.0 0.0 1.0 102.0 1.0 0.0 0.0 0.0 0.0 0.0 14.0 12.0 0.0 0.0 13.0 37.0 13.0 0.0 2.0 11.0 3.0 1.0 1.0 10.0 28.0 7.0 4.0 
25_3_013_101
0.0 0.0 0.0 0.0 0.0 32.0 16.0 0.0 0.0 0.0 0.0 0.0 0.0 88.0 52.0 0.0 1.0 1.0 0.0 0.0 0.0 102.0 55.0 0.0 5.0 0.0 0.0 0.0 0.0 68.0 43.0 1.0 1.0 35.0 17.0 0.0 1.0 61.0 37.0 0.0 31.0 30.0 0.0 9.0 1.0 33.0 21.0 1.0 7.0 45.0 47.0 73.0 0.0 0.0 0.0 0.0 90.0 25.0 3.0 0.0 0.0 0.0 0.0 12.0 3.0 17.0 38.0 6.0 6.0 13.0 14.0 2.0 60.0 32.0 3.0 1.0 2.0 55.0 21.0 5.0 3.0 3.0 8.0 18.0 54.0 24.0 0.0 9.0 0.0 0.0 0.0 0.0 0.0 23.0 44.0 8.0 0.0 2.0 1.0 0.0 0.0 28.0 28.0 2.0 0.0 0.0 1.0 1.0 2.0 31.0 23.0 0.0 0.0 23.0 13.0 0.0 3.0 34.0 16.0 0.0 0.0 54.0 31.0 0.0 0.0 16.0 15.0 0.0 
25_3_013_102
-1.0 13.0 0.0 0.0 0.0 0.0 0.0 0.0 -2.0 27.0 0.0 0.0 0.0 0.0 0.0 -3.0 -40.0 102.0 0.0 0.0 0.0 0.0 0.0 0.0 -30.0 92.0 0.0 0.0 0.0 0.0 0.0 0.0 -3.0 79.0 0.0 0.0 0.0 0.0 0.0 -13.0 46.0 31.0 0.0 0.0 0.0 0.0 -4.0 -12.0 -8.0 18.0 17.0 28.0 0.0 0.0 0.0 0.0 0.0 0.0 2.0 0.0 0.0 2.0 6.0 0.0 0.0 5.0 0.0 0.0 0.0 1.0 6.0 0.0 10.0 5.0 4.0 2.0 1.0 0.0 -3.0 3.0 -2.0 9.0 25.0 5.0 0.0 0.0 0.0 1.0 0.0 0.0 0.0 0.0 0.0 0.0 8.0 9.0 0.0 0.0 1.0 3.0 0.0 1.0 2.0 0.0 0.0 0.0 16.0 7.0 0.0 0.0 1.0 0.0 0.0 0.0 1.0 0.0 0.0 4.0 13.0 1.0 0.0 0.0 0.0 0.0 0.0 0.0 6.0 5.0 
25_3_013_103
0.0 0.0 4.0 9.0 0.0 0.0 1.0 0.0 0.0 0.0 1.0 47.0 17.0 3.0 1.0 0.0 2.0 0.0 1.0 18.0 3.0 0.0 15.0 41.0 0.0 0.0 0.0 0.0 0.0 2.0 15.0 38.0 0.0 0.0 8.0 9.0 0.0 0.0 0.0 8.0 0.0 0.0 7.0 78.0 5.0 3.0 5.0 12.0 0.0 0.0 0.0 4.0 2.0 3.0 41.0 28.0 0.0 0.0 0.0 0.0 0.0 0.0 19.0 48.0 0.0 0.0 0.0 15.0 5.0 0.0 0.0 9.0 3.0 0.0 35.0 67.0 0.0 0.0 -4.0 15.0 0.0 0.0 0.0 0.0 0.0 0.0 -9.0 102.0 0.0 0.0 0.0 0.0 0.0 0.0 7.0 43.0 0.0 0.0 2.0 21.0 2.0 0.0 0.0 0.0 0.0 1.0 38.0 36.0 3.0 2.0 0.0 0.0 0.0 0.0 0.0 0.0 0.0 0.0 6.0 98.0 1.0 1.0 0.0 0.0 0.0 0.0 2.0 32.0 
25_3_013_104
-1.0 9.0 6.0 0.0 0.0 0.0 0.0 0.0 -1.0 3.0 6.0 1.0 0.0 0.0 0.0 0.0 0.0 0.0 7.0 1.0 0.0 14.0 5.0 0.0 0.0 0.0 2.0 1.0 4.0 31.0 1.0 0.0 1.0 0.0 0.0 0.0 0.0 17.0 14.0 0.0 -2.0 9.0 8.0 5.0 5.0 21.0 5.0 0.0 10.0 10.0 0.0 0.0 0.0 7.0 3.0 28.0 0.0 0.0 0.0 1.0 3.0 13.0 11.0 2.0 -1.0 6.0 15.0 3.0 1.0 19.0 17.0 0.0 2.0 6.0 25.0 39.0 6.0 4.0 0.0 -1.0 0.0 0.0 0.0 0.0 0.0 3.0 15.0 37.0 1.0 12.0 20.0 0.0 0.0 0.0 -4.0 10.0 -34.0 102.0 6.0 0.0 1.0 8.0 2.0 0.0 5.0 22.0 0.0 0.0 0.0 10.0 33.0 1.0 0.0 0.0 0.0 0.0 1.0 13.0 25.0 6.0 0.0 0.0 2.0 3.0 4.0 40.0 19.0 0.0 
25_3_013_105
0.0 0.0 0.0 0.0 0.0 0.0 0.0 0.0 0.0 0.0 0.0 0.0 0.0 0.0 0.0 0.0 0.0 0.0 16.0 77.0 0.0 0.0 0.0 0.0 0.0 0.0 1.0 4.0 0.0 0.0 0.0 0.0 0.0 0.0 0.0 0.0 0.0 0.0 0.0 0.0 0.0 0.0 0.0 9.0 0.0 0.0 0.0 1.0 0.0 0.0 10.0 102.0 0.0 0.0 0.0 0.0 0.0 0.0 0.0 4.0 0.0 0.0 0.0 0.0 0.0 0.0 0.0 0.0 0.0 0.0 0.0 0.0 0.0 0.0 3.0 11.0 0.0 0.0 0.0 0.0 0.0 0.0 12.0 101.0 0.0 0.0 0.0 0.0 0.0 0.0 0.0 2.0 0.0 0.0 0.0 0.0 0.0 0.0 0.0 0.0 0.0 0.0 0.0 0.0 0.0 0.0 1.0 14.0 0.0 0.0 0.0 0.0 0.0 0.0 3.0 80.0 0.0 0.0 0.0 0.0 0.0 0.0 0.0 2.0 0.0 0.0 0.0 0.0 
