25_3_008_0
1.0 0.0 0.0 0.0 0.0 0.0 0.0 9.0 0.0 0.0 14.0 72.0 5.0 0.0 0.0 2.0 1.0 0.0 7.0 10.0 4.0 0.0 16.0 30.0 1.0 0.0 0.0 0.0 0.0 3.0 17.0 12.0 1.0 0.0 0.0 0.0 0.0 0.0 0.0 15.0 0.0 0.0 14.0 102.0 1.0 0.0 0.0 3.0 17.0 14.0 7.0 4.0 0.0 0.0 0.0 8.0 51.0 21.0 0.0 0.0 0.0 0.0 0.0 4.0 3.0 0.0 0.0 0.0 0.0 0.0 0.0 15.0 1.0 0.0 0.0 56.0 32.0 0.0 0.0 2.0 2.0 0.0 0.0 12.0 23.0 14.0 10.0 7.0 1.0 0.0 0.0 0.0 6.0 16.0 4.0 12.0 7.0 0.0 0.0 0.0 0.0 0.0 0.0 5.0 5.0 10.0 6.0 7.0 6.0 0.0 0.0 0.0 4.0 12.0 22.0 28.0 23.0 0.0 0.0 3.0 11.0 9.0 2.0 1.0 2.0 0.0 0.0 2.0 
25_3_008_1
0.0 2.0 10.0 1.0 0.0 0.0 1.0 4.0 2.0 3.0 0.0 0.0 0.0 2.0 7.0 5.0 0.0 4.0 8.0 4.0 0.0 1.0 0.0 0.0 3.0 9.0 6.0 0.0 0.0 0.0 0.0 0.0 0.0 0.0 0.0 0.0 18.0 36.0 2.0 1.0 1.0 4.0 0.0 0.0 6.0 46.0 1.0 0.0 0.0 18.0 28.0 28.0 7.0 0.0 0.0 0.0 0.0 31.0 24.0 0.0 0.0 0.0 0.0 0.0 1.0 5.0 0.0 0.0 0.0 0.0 0.0 0.0 0.0 2.0 6.0 15.0 3.0 2.0 0.0 0.0 0.0 0.0 17.0 102.0 0.0 0.0 0.0 0.0 0.0 1.0 0.0 0.0 0.0 0.0 1.0 1.0 2.0 5.0 0.0 0.0 0.0 0.0 0.0 0.0 0.0 4.0 7.0 13.0 0.0 0.0 0.0 0.0 0.0 0.0 3.0 78.0 2.0 0.0 0.0 0.0 0.0 0.0 0.0 0.0 0.0 0.0 0.0 0.0 
25_3_008_2
0.0 0.0 0.0 20.0 78.0 64.0 53.0 13.0 1.0 6.0 2.0 0.0 13.0 24.0 10.0 2.0 0.0 0.0 5.0 20.0 31.0 24.0 1.0 0.0 0.0 0.0 0.0 12.0 102.0 41.0 19.0 0.0 4.0 0.0 41.0 27.0 1.0 0.0 7.0 14.0 0.0 3.0 11.0 27.0 17.0 1.0 0.0 0.0 25.0 2.0 8.0 28.0 2.0 5.0 4.0 7.0 12.0 1.0 3.0 36.0 20.0 0.0 0.0 30.0 4.0 42.0 36.0 4.0 11.0 4.0 0.0 0.0 18.0 51.0 13.0 0.0 0.0 12.0 60.0 19.0 11.0 17.0 13.0 40.0 91.0 12.0 0.0 0.0 5.0 48.0 16.0 1.0 4.0 11.0 2.0 0.0 14.0 0.0 1.0 19.0 2.0 22.0 16.0 27.0 8.0 1.0 0.0 0.0 0.0 32.0 70.0 14.0 0.0 0.0 5.0 34.0 69.0 14.0 0.0 0.0 2.0 0.0 6.0 31.0 30.0 16.0 3.0 5.0 
25_3_008_3
0.0 0.0 0.0 0.0 0.0 0.0 2.0 2.0 0.0 0.0 10.0 7.0 0.0 0.0 0.0 0.0 0.0 6.0 14.0 3.0 0.0 0.0 0.0 1.0 1.0 0.0 0.0 0.0 0.0 0.0 0.0 16.0 0.0 0.0 0.0 0.0 0.0 0.0 0.0 5.0 0.0 0.0 5.0 27.0 0.0 0.0 0.0 0.0 0.0 0.0 0.0 3.0 3.0 6.0 2.0 0.0 0.0 0.0 0.0 0.0 3.0 1.0 -6.0 22.0 102.0 0.0 0.0 0.0 0.0 0.0 0.0 -46.0 57.0 9.0 6.0 9.0 0.0 0.0 0.0 -24.0 0.0 1.0 0.0 1.0 0.0 0.0 0.0 11.0 0.0 0.0 0.0 2.0 0.0 0.0 3.0 2.0 6.0 1.0 0.0 0.0 0.0 0.0 0.0 -3.0 6.0 0.0 0.0 0.0 0.0 0.0 -10.0 35.0 4.0 0.0 0.0 0.0 0.0 0.0 -2.0 12.0 2.0 0.0 0.0 0.0 0.0 0.0 0.0 3.0 
25_3_008_4
0.0 8.0 65.0 5.0 1.0 3.0 2.0 0.0 36.0 15.0 4.0 4.0 2.0 0.0 0.0 5.0 10.0 10.0 6.0 2.0 0.0 1.0 3.0 2.0 0.0 1.0 6.0 13.0 4.0 1.0 0.0 0.0 0.0 2.0 0.0 0.0 1.0 7.0 45.0 19.0 1.0 0.0 0.0 2.0 53.0 69.0 7.0 4.0 8.0 8.0 24.0 9.0 9.0 9.0 8.0 7.0 2.0 4.0 10.0 1.0 1.0 2.0 5.0 10.0 13.0 0.0 0.0 0.0 0.0 0.0 6.0 35.0 6.0 6.0 13.0 6.0 3.0 1.0 1.0 1.0 7.0 1.0 17.0 102.0 9.0 0.0 0.0 0.0 30.0 8.0 9.0 0.0 0.0 0.0 0.0 9.0 11.0 11.0 1.0 5.0 28.0 0.0 0.0 0.0 3.0 62.0 18.0 0.0 0.0 0.0 0.0 0.0 0.0 10.0 27.0 17.0 6.0 3.0 5.0 0.0 3.0 0.0 0.0 0.0 2.0 25.0 55.0 8.0 
25_3_008_5
0.0 63.0 52.0 7.0 11.0 25.0 0.0 0.0 79.0 79.0 0.0 0.0 5.0 31.0 0.0 3.0 93.0 67.0 0.0 0.0 0.0 0.0 0.0 0.0 30.0 0.0 0.0 0.0 0.0 0.0 3.0 6.0 0.0 0.0 0.0 0.0 2.0 51.0 31.0 1.0 0.0 0.0 30.0 62.0 42.0 26.0 0.0 0.0 36.0 7.0 8.0 1.0 2.0 2.0 18.0 39.0 100.0 0.0 0.0 0.0 0.0 0.0 1.0 50.0 23.0 18.0 2.0 0.0 0.0 0.0 4.0 14.0 0.0 12.0 29.0 102.0 38.0 4.0 0.0 0.0 8.0 0.0 0.0 0.0 0.0 11.0 61.0 38.0 34.0 8.0 2.0 12.0 13.0 1.0 0.0 10.0 15.0 55.0 46.0 1.0 0.0 0.0 0.0 0.0 26.0 51.0 11.0 0.0 0.0 6.0 24.0 6.0 23.0 15.0 1.0 0.0 0.0 3.0 1.0 4.0 2.0 12.0 18.0 7.0 0.0 0.0 1.0 1.0 
25_3_008_6
1.0 1.0 1.0 0.0 1.0 4.0 3.0 3.0 0.0 1.0 6.0 5.0 5.0 15.0 4.0 0.0 0.0 0.0 0.0 0.0 0.0 10.0 49.0 2.0 0.0 0.0 0.0 1.0 21.0 10.0 0.0 0.0 0.0 0.0 0.0 0.0 0.0 6.0 5.0 7.0 7.0 4.0 7.0 17.0 6.0 0.0 -1.0 1.0 6.0 0.0 0.0 0.0 0.0 0.0 -38.0 102.0 0.0 3.0 13.0 9.0 1.0 0.0 0.0 0.0 4.0 2.0 0.0 0.0 26.0 10.0 0.0 0.0 0.0 1.0 5.0 23.0 13.0 2.0 0.0 0.0 5.0 12.0 4.0 0.0 0.0 0.0 0.0 28.0 0.0 23.0 17.0 0.0 0.0 0.0 4.0 0.0 0.0 0.0 0.0 2.0 21.0 3.0 0.0 0.0 0.0 0.0 0.0 0.0 25.0 33.0 0.0 0.0 0.0 0.0 0.0 0.0 1.0 62.0 4.0 0.0 0.0 0.0 0.0 0.0 0.0 40.0 18.0 0.0 
25_3_008_7
8.0 18.0 9.0 15.0 3.0 0.0 0.0 0.0 0.0 31.0 86.0 28.0 24.0 0.0 0.0 0.0 0.0 2.0 17.0 2.0 1.0 0.0 0.0 0.0 2.0 1.0 0.0 0.0 0.0 0.0 0.0 0.0 0.0 3.0 6.0 6.0 5.0 0.0 2.0 2.0 0.0 0.0 2.0 102.0 50.0 0.0 0.0 0.0 0.0 0.0 0.0 12.0 2.0 0.0 2.0 0.0 0.0 0.0 0.0 1.0 3.0 0.0 0.0 0.0 10.0 30.0 15.0 0.0 0.0 0.0 0.0 1.0 0.0 11.0 59.0 77.0 0.0 0.0 0.0 0.0 0.0 0.0 2.0 10.0 0.0 0.0 0.0 1.0 0.0 0.0 2.0 1.0 0.0 0.0 0.0 0.0 0.0 48.0 20.0 0.0 0.0 0.0 0.0 0.0 0.0 16.0 23.0 0.0 0.0 0.0 0.0 0.0 0.0 0.0 0.0 0.0 0.0 0.0 0.0 0.0 0.0 0.0 7.0 0.0 0.0 0.0 0.0 0.0 
25_3_008_8
0.0 0.0 0.0 0.0 6.0 28.0 0.0 0.0 0.0 0.0 0.0 2.0 3.0 35.0 1.0 0.0 0.0 5.0 22.0 48.0 6.0 1.0 0.0 0.0 0.0 22.0 7.0 0.0 0.0 0.0 0.0 0.0 0.0 6.0 0.0 0.0 0.0 0.0 0.0 0.0 0.0 2.0 7.0 10.0 0.0 0.0 0.0 0.0 0.0 0.0 13.0 102.0 0.0 0.0 0.0 0.0 0.0 0.0 0.0 0.0 0.0 0.0 1.0 0.0 1.0 6.0 0.0 0.0 0.0 0.0 0.0 0.0 0.0 4.0 8.0 11.0 0.0 0.0 0.0 0.0 0.0 0.0 6.0 94.0 2.0 0.0 0.0 0.0 0.0 0.0 0.0 0.0 1.0 1.0 0.0 0.0 0.0 5.0 0.0 0.0 0.0 0.0 0.0 0.0 0.0 3.0 5.0 10.0 0.0 0.0 0.0 0.0 0.0 0.0 1.0 68.0 0.0 0.0 0.0 0.0 0.0 0.0 0.0 0.0 0.0 0.0 0.0 0.0 
25_3_008_9
0.0 0.0 9.0 69.0 91.0 50.0 39.0 0.0 5.0 1.0 0.0 2.0 0.0 30.0 69.0 1.0 4.0 3.0 0.0 9.0 38.0 35.0 2.0 0.0 0.0 0.0 1.0 99.0 68.0 0.0 0.0 0.0 0.0 0.0 15.0 3.0 3.0 19.0 24.0 1.0 3.0 2.0 6.0 22.0 32.0 16.0 5.0 1.0 2.0 20.0 25.0 29.0 5.0 4.0 0.0 0.0 0.0 0.0 8.0 102.0 25.0 0.0 0.0 0.0 5.0 25.0 14.0 8.0 0.0 0.0 3.0 1.0 1.0 7.0 23.0 19.0 8.0 1.0 0.0 0.0 3.0 0.0 5.0 17.0 32.0 24.0 8.0 13.0 0.0 0.0 0.0 85.0 40.0 10.0 0.0 0.0 23.0 6.0 0.0 4.0 2.0 20.0 28.0 16.0 9.0 3.0 51.0 21.0 0.0 0.0 0.0 7.0 8.0 3.0 14.0 18.0 0.0 0.0 1.0 30.0 0.0 0.0 7.0 20.0 0.0 8.0 29.0 47.0 
25_3_008_10
2.0 3.0 1.0 7.0 17.0 6.0 2.0 0.0 2.0 10.0 15.0 14.0 3.0 3.0 3.0 0.0 0.0 1.0 8.0 40.0 24.0 0.0 0.0 0.0 0.0 0.0 0.0 85.0 28.0 0.0 0.0 0.0 0.0 1.0 8.0 15.0 5.0 5.0 0.0 0.0 3.0 4.0 9.0 19.0 12.0 17.0 4.0 2.0 0.0 0.0 0.0 30.0 39.0 19.0 1.0 0.0 0.0 0.0 0.0 53.0 83.0 82.0 1.0 0.0 6.0 0.0 21.0 18.0 1.0 0.0 0.0 5.0 12.0 1.0 3.0 7.0 0.0 0.0 0.0 39.0 0.0 0.0 11.0 60.0 2.0 0.0 0.0 1.0 5.0 0.0 0.0 0.0 2.0 40.0 38.0 90.0 0.0 0.0 9.0 46.0 34.0 7.0 4.0 0.0 39.0 27.0 1.0 2.0 0.0 0.0 0.0 3.0 5.0 22.0 15.0 8.0 0.0 0.0 0.0 5.0 0.0 0.0 0.0 0.0 0.0 0.0 23.0 102.0 
25_3_008_11
3.0 2.0 3.0 4.0 9.0 2.0 0.0 -1.0 0.0 0.0 3.0 27.0 10.0 0.0 0.0 0.0 0.0 1.0 1.0 63.0 8.0 0.0 -1.0 62.0 0.0 0.0 1.0 0.0 0.0 0.0 -3.0 102.0 29.0 85.0 1.0 2.0 0.0 0.0 0.0 -24.0 37.0 17.0 12.0 15.0 0.0 0.0 0.0 -19.0 0.0 0.0 2.0 56.0 6.0 0.0 31.0 67.0 0.0 0.0 0.0 2.0 0.0 0.0 17.0 52.0 1.0 33.0 1.0 6.0 15.0 38.0 0.0 -7.0 53.0 0.0 0.0 0.0 2.0 21.0 1.0 19.0 0.0 -3.0 19.0 7.0 0.0 10.0 25.0 76.0 0.0 0.0 0.0 0.0 1.0 0.0 0.0 39.0 0.0 0.0 1.0 4.0 2.0 10.0 10.0 0.0 0.0 0.0 1.0 7.0 11.0 12.0 2.0 0.0 0.0 0.0 0.0 0.0 0.0 2.0 55.0 24.0 0.0 0.0 0.0 0.0 1.0 1.0 8.0 4.0 
25_3_008_12
40.0 9.0 1.0 1.0 4.0 0.0 1.0 5.0 13.0 13.0 1.0 0.0 0.0 0.0 0.0 9.0 1.0 2.0 12.0 10.0 4.0 1.0 0.0 0.0 3.0 5.0 4.0 4.0 3.0 4.0 3.0 4.0 0.0 0.0 0.0 0.0 27.0 63.0 9.0 1.0 0.0 0.0 25.0 16.0 7.0 17.0 19.0 4.0 4.0 12.0 25.0 1.0 0.0 0.0 4.0 8.0 0.0 1.0 6.0 2.0 0.0 0.0 12.0 17.0 2.0 1.0 0.0 3.0 3.0 1.0 0.0 0.0 0.0 0.0 9.0 102.0 18.0 0.0 0.0 0.0 38.0 5.0 1.0 2.0 0.0 0.0 0.0 12.0 12.0 8.0 15.0 4.0 0.0 0.0 0.0 2.0 1.0 13.0 7.0 2.0 0.0 0.0 0.0 0.0 0.0 0.0 31.0 23.0 10.0 0.0 0.0 0.0 5.0 0.0 1.0 12.0 30.0 6.0 0.0 1.0 11.0 9.0 1.0 1.0 0.0 0.0 3.0 7.0 
25_3_008_13
0.0 0.0 0.0 1.0 13.0 3.0 2.0 1.0 0.0 0.0 0.0 39.0 72.0 1.0 0.0 0.0 0.0 0.0 0.0 24.0 26.0 0.0 0.0 0.0 1.0 0.0 0.0 0.0 0.0 0.0 0.0 1.0 5.0 1.0 2.0 5.0 2.0 0.0 2.0 12.0 0.0 0.0 5.0 46.0 12.0 5.0 0.0 0.0 0.0 0.0 0.0 102.0 42.0 0.0 0.0 0.0 2.0 0.0 0.0 0.0 0.0 0.0 0.0 1.0 12.0 14.0 13.0 0.0 0.0 0.0 0.0 2.0 4.0 24.0 75.0 8.0 0.0 0.0 0.0 0.0 0.0 0.0 71.0 51.0 0.0 0.0 0.0 0.0 0.0 0.0 0.0 0.0 0.0 0.0 0.0 1.0 0.0 17.0 47.0 0.0 0.0 0.0 0.0 0.0 0.0 4.0 86.0 1.0 0.0 0.0 0.0 0.0 0.0 0.0 9.0 0.0 0.0 0.0 0.0 0.0 0.0 0.0 0.0 0.0 0.0 0.0 2.0 0.0 
25_3_008_14
23.0 70.0 0.0 0.0 0.0 0.0 0.0 0.0 1.0 83.0 57.0 4.0 0.0 0.0 0.0 0.0 0.0 0.0 19.0 92.0 42.0 60.0 1.0 0.0 0.0 0.0 0.0 0.0 2.0 102.0 27.0 0.0 0.0 6.0 2.0 0.0 0.0 18.0 10.0 0.0 0.0 2.0 0.0 0.0 3.0 39.0 8.0 0.0 0.0 0.0 7.0 15.0 18.0 23.0 0.0 0.0 3.0 2.0 4.0 1.0 6.0 10.0 1.0 4.0 11.0 13.0 0.0 0.0 0.0 1.0 7.0 1.0 1.0 20.0 19.0 1.0 0.0 0.0 0.0 0.0 0.0 7.0 15.0 36.0 12.0 2.0 0.0 0.0 8.0 2.0 2.0 2.0 4.0 12.0 3.0 6.0 23.0 4.0 0.0 0.0 0.0 0.0 7.0 12.0 1.0 2.0 3.0 7.0 8.0 1.0 1.0 2.0 9.0 12.0 6.0 3.0 1.0 1.0 0.0 3.0 0.0 1.0 29.0 12.0 2.0 0.0 0.0 0.0 
25_3_008_15
0.0 0.0 0.0 0.0 0.0 11.0 36.0 15.0 0.0 0.0 0.0 4.0 15.0 3.0 8.0 10.0 5.0 0.0 0.0 13.0 10.0 0.0 0.0 24.0 1.0 0.0 0.0 0.0 0.0 0.0 12.0 83.0 3.0 4.0 7.0 1.0 1.0 5.0 4.0 3.0 21.0 2.0 0.0 1.0 0.0 1.0 0.0 17.0 4.0 1.0 3.0 43.0 14.0 0.0 0.0 6.0 83.0 56.0 0.0 0.0 0.0 0.0 0.0 49.0 6.0 10.0 4.0 0.0 0.0 1.0 11.0 11.0 12.0 38.0 15.0 2.0 0.0 0.0 0.0 10.0 9.0 20.0 18.0 22.0 0.0 0.0 0.0 0.0 0.0 69.0 39.0 102.0 20.0 0.0 0.0 0.0 24.0 16.0 6.0 0.0 0.0 0.0 1.0 3.0 0.0 7.0 7.0 19.0 6.0 1.0 6.0 0.0 5.0 0.0 3.0 6.0 4.0 5.0 10.0 3.0 0.0 0.0 2.0 83.0 30.0 0.0 0.0 0.0 
25_3_008_16
1.0 1.0 0.0 0.0 0.0 0.0 0.0 0.0 0.0 0.0 0.0 80.0 17.0 0.0 0.0 0.0 0.0 0.0 0.0 7.0 3.0 0.0 0.0 0.0 0.0 0.0 0.0 0.0 0.0 0.0 0.0 0.0 1.0 1.0 0.0 0.0 0.0 0.0 0.0 0.0 0.0 0.0 10.0 102.0 3.0 0.0 0.0 0.0 0.0 0.0 0.0 16.0 2.0 6.0 2.0 0.0 0.0 0.0 0.0 0.0 2.0 18.0 1.0 0.0 3.0 28.0 5.0 0.0 0.0 0.0 0.0 0.0 0.0 7.0 21.0 32.0 12.0 3.0 0.0 0.0 0.0 0.0 0.0 0.0 3.0 49.0 15.0 0.0 0.0 0.0 0.0 0.0 6.0 25.0 4.0 0.0 0.0 0.0 0.0 0.0 0.0 6.0 2.0 0.0 0.0 0.0 0.0 2.0 2.0 10.0 1.0 0.0 0.0 1.0 3.0 2.0 1.0 1.0 0.0 0.0 1.0 0.0 0.0 0.0 0.0 4.0 1.0 2.0 
25_3_008_17
0.0 0.0 0.0 0.0 0.0 0.0 0.0 0.0 1.0 0.0 0.0 0.0 0.0 0.0 0.0 0.0 0.0 0.0 46.0 13.0 0.0 0.0 0.0 0.0 0.0 0.0 43.0 5.0 0.0 0.0 0.0 0.0 0.0 0.0 0.0 0.0 0.0 0.0 0.0 1.0 0.0 0.0 1.0 3.0 0.0 0.0 0.0 0.0 0.0 0.0 50.0 69.0 0.0 0.0 0.0 0.0 0.0 0.0 1.0 2.0 0.0 0.0 0.0 0.0 1.0 0.0 0.0 0.0 0.0 0.0 0.0 1.0 0.0 0.0 0.0 11.0 0.0 0.0 0.0 0.0 0.0 0.0 3.0 102.0 0.0 0.0 0.0 0.0 0.0 0.0 1.0 0.0 0.0 0.0 0.0 0.0 2.0 0.0 0.0 0.0 0.0 0.0 0.0 0.0 0.0 0.0 0.0 9.0 0.0 0.0 0.0 0.0 0.0 0.0 0.0 81.0 5.0 0.0 0.0 0.0 0.0 0.0 0.0 1.0 0.0 0.0 0.0 0.0 
25_3_008_18
4.0 2.0 10.0 13.0 0.0 0.0 0.0 0.0 6.0 3.0 0.0 0.0 0.0 0.0 0.0 0.0 0.0 0.0 77.0 30.0 0.0 0.0 0.0 0.0 0.0 0.0 18.0 3.0 0.0 0.0 11.0 7.0 7.0 1.0 0.0 0.0 0.0 0.0 0.0 1.0 9.0 2.0 5.0 3.0 0.0 0.0 0.0 0.0 0.0 0.0 42.0 98.0 0.0 0.0 0.0 3.0 0.0 0.0 0.0 0.0 0.0 0.0 6.0 32.0 7.0 0.0 0.0 0.0 0.0 0.0 0.0 2.0 2.0 0.0 3.0 12.0 0.0 0.0 0.0 4.0 1.0 1.0 17.0 102.0 0.0 0.0 0.0 1.0 20.0 0.0 0.0 0.0 0.0 0.0 0.0 17.0 1.0 0.0 0.0 0.0 0.0 0.0 0.0 5.0 2.0 0.0 1.0 14.0 1.0 0.0 0.0 3.0 12.0 3.0 18.0 92.0 11.0 0.0 0.0 0.0 28.0 0.0 0.0 0.0 0.0 0.0 0.0 5.0 
25_3_008_19
0.0 0.0 0.0 8.0 9.0 0.0 0.0 0.0 0.0 0.0 0.0 45.0 55.0 0.0 0.0 0.0 0.0 0.0 0.0 7.0 3.0 0.0 0.0 0.0 0.0 0.0 0.0 0.0 0.0 0.0 1.0 0.0 0.0 0.0 9.0 17.0 6.0 2.0 0.0 0.0 0.0 0.0 12.0 102.0 1.0 0.0 0.0 0.0 0.0 0.0 2.0 17.0 0.0 0.0 0.0 0.0 0.0 0.0 0.0 0.0 0.0 0.0 0.0 1.0 0.0 2.0 27.0 7.0 1.0 2.0 4.0 1.0 0.0 0.0 16.0 98.0 1.0 1.0 2.0 0.0 0.0 0.0 2.0 12.0 0.0 0.0 0.0 1.0 0.0 0.0 0.0 0.0 0.0 0.0 0.0 1.0 10.0 28.0 14.0 0.0 0.0 0.0 0.0 4.0 0.0 2.0 74.0 20.0 0.0 0.0 0.0 0.0 0.0 0.0 1.0 0.0 0.0 0.0 0.0 1.0 0.0 0.0 0.0 0.0 0.0 0.0 0.0 0.0 
25_3_008_20
16.0 14.0 1.0 0.0 0.0 0.0 0.0 2.0 10.0 25.0 6.0 0.0 0.0 0.0 0.0 0.0 4.0 5.0 9.0 5.0 0.0 0.0 0.0 3.0 1.0 0.0 0.0 0.0 0.0 0.0 9.0 67.0 0.0 7.0 4.0 0.0 39.0 26.0 0.0 0.0 7.0 14.0 0.0 0.0 4.0 24.0 11.0 2.0 6.0 9.0 4.0 10.0 3.0 0.0 4.0 11.0 4.0 0.0 0.0 0.0 0.0 0.0 13.0 102.0 0.0 0.0 6.0 28.0 8.0 0.0 0.0 0.0 0.0 0.0 3.0 14.0 8.0 4.0 0.0 0.0 0.0 0.0 3.0 21.0 0.0 1.0 73.0 33.0 0.0 0.0 0.0 0.0 0.0 0.0 54.0 18.0 0.0 0.0 16.0 14.0 0.0 0.0 0.0 0.0 1.0 1.0 24.0 9.0 0.0 0.0 0.0 0.0 0.0 0.0 0.0 0.0 0.0 0.0 69.0 66.0 0.0 0.0 1.0 4.0 0.0 0.0 1.0 0.0 
25_3_008_21
3.0 19.0 12.0 22.0 12.0 4.0 0.0 0.0 13.0 5.0 4.0 2.0 4.0 25.0 16.0 30.0 0.0 0.0 0.0 50.0 33.0 27.0 1.0 0.0 0.0 0.0 1.0 42.0 18.0 4.0 4.0 0.0 1.0 4.0 47.0 29.0 5.0 0.0 0.0 0.0 23.0 0.0 0.0 0.0 0.0 0.0 11.0 89.0 0.0 0.0 30.0 102.0 0.0 0.0 0.0 0.0 2.0 0.0 6.0 18.0 0.0 0.0 18.0 66.0 32.0 10.0 27.0 7.0 0.0 0.0 4.0 21.0 31.0 23.0 1.0 0.0 0.0 0.0 16.0 21.0 0.0 7.0 29.0 75.0 0.0 0.0 0.0 0.0 2.0 0.0 1.0 13.0 2.0 0.0 18.0 75.0 8.0 14.0 6.0 23.0 33.0 1.0 0.0 2.0 68.0 59.0 2.0 0.0 0.0 0.0 0.0 0.0 10.0 44.0 21.0 6.0 0.0 0.0 0.0 0.0 8.0 3.0 0.0 0.0 1.0 0.0 29.0 75.0 
25_3_008_22
3.0 5.0 10.0 13.0 1.0 2.0 9.0 1.0 0.0 35.0 38.0 24.0 1.0 0.0 0.0 0.0 11.0 0.0 0.0 3.0 23.0 38.0 13.0 6.0 0.0 0.0 39.0 53.0 9.0 5.0 5.0 0.0 15.0 38.0 22.0 4.0 0.0 0.0 0.0 4.0 1.0 0.0 2.0 19.0 27.0 34.0 3.0 6.0 23.0 57.0 23.0 46.0 9.0 0.0 0.0 8.0 0.0 5.0 13.0 22.0 28.0 49.0 10.0 14.0 27.0 11.0 0.0 0.0 0.0 3.0 49.0 58.0 0.0 23.0 102.0 16.0 0.0 0.0 4.0 2.0 1.0 6.0 37.0 41.0 3.0 4.0 17.0 30.0 5.0 1.0 15.0 7.0 5.0 4.0 17.0 84.0 0.0 0.0 15.0 48.0 25.0 43.0 36.0 1.0 13.0 24.0 99.0 47.0 1.0 0.0 0.0 20.0 17.0 0.0 0.0 0.0 0.0 2.0 33.0 46.0 7.0 6.0 25.0 25.0 0.0 0.0 5.0 22.0 
25_3_008_23
0.0 0.0 0.0 0.0 13.0 5.0 1.0 0.0 5.0 2.0 0.0 6.0 24.0 0.0 0.0 0.0 0.0 0.0 0.0 56.0 79.0 0.0 0.0 0.0 0.0 0.0 0.0 2.0 3.0 0.0 0.0 0.0 2.0 0.0 0.0 0.0 1.0 4.0 7.0 8.0 0.0 0.0 12.0 48.0 13.0 0.0 0.0 0.0 5.0 1.0 0.0 34.0 63.0 0.0 0.0 6.0 0.0 0.0 0.0 37.0 34.0 0.0 0.0 0.0 10.0 0.0 3.0 2.0 0.0 0.0 0.0 21.0 0.0 2.0 11.0 51.0 7.0 0.0 0.0 0.0 7.0 0.0 6.0 37.0 7.0 4.0 18.0 15.0 0.0 0.0 7.0 102.0 9.0 0.0 0.0 0.0 9.0 12.0 5.0 0.0 0.0 0.0 0.0 5.0 0.0 3.0 39.0 24.0 0.0 0.0 0.0 0.0 27.0 17.0 48.0 10.0 0.0 0.0 0.0 0.0 0.0 0.0 30.0 31.0 0.0 0.0 0.0 0.0 
25_3_008_24
2.0 1.0 3.0 30.0 12.0 0.0 0.0 1.0 10.0 1.0 0.0 4.0 14.0 1.0 0.0 1.0 1.0 14.0 20.0 9.0 0.0 0.0 0.0 0.0 0.0 2.0 36.0 19.0 10.0 5.0 0.0 0.0 0.0 1.0 0.0 23.0 84.0 0.0 0.0 0.0 6.0 7.0 2.0 4.0 18.0 12.0 5.0 0.0 1.0 3.0 15.0 24.0 6.0 0.0 0.0 0.0 0.0 0.0 0.0 0.0 5.0 28.0 9.0 13.0 0.0 0.0 0.0 6.0 21.0 0.0 0.0 0.0 0.0 1.0 2.0 27.0 87.0 0.0 0.0 0.0 4.0 2.0 11.0 44.0 41.0 8.0 0.0 0.0 35.0 7.0 0.0 0.0 2.0 0.0 -18.0 50.0 0.0 0.0 2.0 0.0 0.0 0.0 0.0 0.0 0.0 0.0 0.0 3.0 33.0 5.0 0.0 0.0 0.0 0.0 0.0 0.0 41.0 67.0 4.0 0.0 1.0 3.0 0.0 0.0 102.0 38.0 0.0 0.0 
25_3_008_25
1.0 13.0 31.0 14.0 2.0 0.0 0.0 1.0 14.0 10.0 6.0 4.0 0.0 0.0 0.0 1.0 3.0 4.0 23.0 10.0 0.0 0.0 0.0 0.0 0.0 0.0 16.0 43.0 0.0 0.0 0.0 0.0 0.0 0.0 3.0 16.0 29.0 15.0 0.0 0.0 4.0 0.0 0.0 0.0 5.0 21.0 14.0 4.0 0.0 0.0 15.0 38.0 3.0 0.0 0.0 0.0 0.0 0.0 46.0 54.0 1.0 0.0 0.0 0.0 0.0 0.0 15.0 23.0 21.0 6.0 0.0 0.0 0.0 6.0 15.0 12.0 2.0 0.0 0.0 0.0 0.0 0.0 51.0 56.0 0.0 0.0 0.0 0.0 0.0 0.0 102.0 26.0 0.0 0.0 0.0 0.0 0.0 2.0 37.0 5.0 0.0 0.0 0.0 0.0 0.0 0.0 14.0 7.0 0.0 1.0 0.0 0.0 0.0 0.0 53.0 79.0 24.0 3.0 0.0 0.0 0.0 0.0 14.0 8.0 3.0 1.0 0.0 0.0 
25_3_008_26
0.0 13.0 12.0 10.0 2.0 0.0 0.0 0.0 15.0 5.0 0.0 0.0 0.0 0.0 2.0 9.0 1.0 5.0 24.0 28.0 2.0 0.0 0.0 0.0 3.0 1.0 6.0 9.0 2.0 0.0 3.0 2.0 21.0 50.0 9.0 0.0 0.0 0.0 0.0 6.0 25.0 5.0 0.0 0.0 0.0 0.0 10.0 63.0 0.0 0.0 38.0 87.0 8.0 0.0 0.0 0.0 29.0 12.0 6.0 0.0 0.0 0.0 5.0 9.0 7.0 0.0 0.0 0.0 0.0 16.0 55.0 35.0 0.0 0.0 0.0 0.0 1.0 26.0 102.0 23.0 0.0 0.0 8.0 91.0 96.0 4.0 0.0 0.0 18.0 5.0 2.0 6.0 12.0 1.0 1.0 9.0 2.0 4.0 0.0 0.0 0.0 64.0 31.0 0.0 1.0 8.0 1.0 0.0 0.0 15.0 13.0 0.0 0.0 2.0 0.0 24.0 67.0 3.0 0.0 0.0 1.0 9.0 0.0 17.0 91.0 35.0 0.0 0.0 
25_3_008_27
0.0 0.0 0.0 0.0 0.0 0.0 0.0 3.0 0.0 0.0 0.0 78.0 17.0 0.0 0.0 0.0 0.0 0.0 0.0 0.0 0.0 1.0 2.0 18.0 2.0 0.0 0.0 0.0 0.0 0.0 0.0 6.0 1.0 0.0 0.0 0.0 0.0 0.0 0.0 2.0 0.0 0.0 13.0 102.0 0.0 0.0 0.0 0.0 6.0 0.0 3.0 6.0 0.0 0.0 0.0 20.0 4.0 2.0 2.0 0.0 0.0 0.0 0.0 1.0 0.0 0.0 0.0 0.0 0.0 0.0 0.0 3.0 0.0 0.0 15.0 95.0 2.0 0.0 0.0 0.0 15.0 0.0 0.0 10.0 3.0 0.0 0.0 10.0 0.0 5.0 14.0 5.0 0.0 1.0 0.0 0.0 0.0 0.0 0.0 0.0 0.0 0.0 0.0 2.0 0.0 0.0 0.0 48.0 32.0 0.0 0.0 0.0 0.0 0.0 0.0 3.0 19.0 2.0 2.0 4.0 0.0 0.0 0.0 0.0 0.0 5.0 7.0 2.0 
25_3_008_28
0.0 0.0 0.0 0.0 1.0 14.0 1.0 0.0 0.0 0.0 3.0 24.0 11.0 2.0 0.0 0.0 3.0 23.0 36.0 9.0 0.0 0.0 0.0 2.0 7.0 1.0 0.0 0.0 0.0 0.0 13.0 24.0 0.0 0.0 0.0 1.0 9.0 6.0 6.0 0.0 0.0 0.0 13.0 102.0 6.0 5.0 0.0 0.0 0.0 0.0 6.0 25.0 2.0 10.0 12.0 4.0 13.0 0.0 0.0 0.0 0.0 0.0 14.0 61.0 1.0 0.0 1.0 7.0 0.0 0.0 3.0 6.0 0.0 0.0 0.0 59.0 52.0 1.0 0.0 0.0 0.0 0.0 0.0 0.0 31.0 22.0 5.0 0.0 8.0 0.0 0.0 0.0 0.0 0.0 7.0 29.0 0.0 0.0 1.0 0.0 0.0 0.0 1.0 5.0 0.0 0.0 2.0 14.0 13.0 0.0 0.0 1.0 0.0 0.0 1.0 7.0 36.0 18.0 0.0 0.0 0.0 0.0 0.0 0.0 0.0 18.0 10.0 1.0 
25_3_008_29
1.0 0.0 1.0 27.0 9.0 1.0 1.0 2.0 2.0 2.0 1.0 33.0 18.0 5.0 6.0 13.0 0.0 0.0 0.0 75.0 67.0 5.0 11.0 7.0 0.0 0.0 0.0 55.0 24.0 0.0 0.0 0.0 19.0 2.0 10.0 16.0 1.0 0.0 0.0 8.0 6.0 9.0 25.0 74.0 3.0 0.0 0.0 3.0 40.0 36.0 48.0 77.0 1.0 0.0 0.0 2.0 0.0 0.0 26.0 102.0 2.0 0.0 0.0 0.0 14.0 18.0 19.0 0.0 0.0 0.0 0.0 3.0 0.0 0.0 47.0 69.0 1.0 0.0 0.0 0.0 1.0 11.0 97.0 55.0 0.0 0.0 0.0 0.0 0.0 0.0 26.0 17.0 0.0 0.0 0.0 0.0 1.0 2.0 32.0 3.0 0.0 0.0 0.0 0.0 0.0 0.0 57.0 23.0 0.0 0.0 0.0 0.0 0.0 0.0 77.0 48.0 0.0 0.0 0.0 0.0 0.0 0.0 2.0 1.0 0.0 0.0 0.0 2.0 
25_3_008_30
0.0 0.0 0.0 60.0 39.0 0.0 0.0 0.0 0.0 0.0 0.0 11.0 12.0 4.0 7.0 4.0 0.0 0.0 0.0 0.0 0.0 15.0 13.0 2.0 0.0 0.0 0.0 0.0 2.0 20.0 6.0 0.0 0.0 0.0 0.0 102.0 9.0 0.0 0.0 0.0 0.0 0.0 0.0 13.0 9.0 11.0 2.0 0.0 1.0 0.0 0.0 0.0 0.0 0.0 -4.0 32.0 0.0 0.0 0.0 0.0 0.0 4.0 8.0 6.0 0.0 0.0 1.0 62.0 24.0 0.0 0.0 0.0 0.0 0.0 3.0 37.0 12.0 0.0 0.0 1.0 0.0 1.0 0.0 0.0 0.0 0.0 -14.0 41.0 0.0 0.0 0.0 0.0 0.0 0.0 -17.0 55.0 1.0 0.0 0.0 20.0 14.0 0.0 0.0 0.0 0.0 0.0 0.0 35.0 58.0 0.0 0.0 0.0 0.0 0.0 0.0 4.0 2.0 0.0 -1.0 17.0 0.0 0.0 0.0 0.0 0.0 0.0 -7.0 28.0 
25_3_008_31
0.0 0.0 0.0 1.0 5.0 0.0 0.0 0.0 0.0 0.0 0.0 17.0 6.0 0.0 0.0 0.0 11.0 0.0 0.0 6.0 1.0 0.0 -7.0 102.0 1.0 0.0 0.0 1.0 0.0 0.0 0.0 5.0 0.0 0.0 0.0 8.0 5.0 0.0 0.0 0.0 0.0 0.0 0.0 18.0 3.0 0.0 0.0 0.0 45.0 0.0 2.0 28.0 0.0 0.0 0.0 69.0 14.0 0.0 0.0 0.0 0.0 0.0 0.0 25.0 0.0 0.0 0.0 15.0 2.0 0.0 0.0 0.0 0.0 0.0 4.0 21.0 0.0 0.0 0.0 0.0 16.0 0.0 7.0 46.0 0.0 0.0 -3.0 59.0 11.0 0.0 0.0 0.0 0.0 0.0 -6.0 88.0 0.0 0.0 2.0 13.0 0.0 0.0 0.0 0.0 0.0 0.0 5.0 20.0 0.0 0.0 0.0 0.0 0.0 0.0 9.0 36.0 0.0 0.0 3.0 40.0 0.0 0.0 0.0 0.0 0.0 0.0 3.0 85.0 
25_3_008_32
1.0 1.0 0.0 0.0 0.0 1.0 3.0 1.0 0.0 0.0 5.0 14.0 5.0 0.0 0.0 0.0 1.0 0.0 0.0 19.0 27.0 0.0 0.0 3.0 0.0 0.0 0.0 49.0 29.0 0.0 0.0 0.0 0.0 0.0 0.0 0.0 3.0 10.0 5.0 0.0 0.0 0.0 2.0 38.0 6.0 0.0 0.0 0.0 1.0 0.0 7.0 23.0 0.0 0.0 1.0 14.0 0.0 0.0 14.0 102.0 1.0 0.0 0.0 0.0 0.0 5.0 16.0 1.0 1.0 1.0 0.0 0.0 0.0 5.0 33.0 24.0 0.0 0.0 0.0 0.0 2.0 0.0 34.0 36.0 0.0 0.0 0.0 10.0 0.0 0.0 30.0 54.0 0.0 0.0 0.0 0.0 0.0 3.0 32.0 5.0 0.0 0.0 0.0 0.0 1.0 6.0 11.0 0.0 1.0 7.0 8.0 8.0 0.0 0.0 39.0 67.0 0.0 0.0 0.0 0.0 0.0 0.0 8.0 12.0 0.0 0.0 0.0 0.0 
25_3_008_33
6.0 22.0 0.0 0.0 0.0 0.0 0.0 0.0 1.0 11.0 12.0 1.0 0.0 0.0 0.0 0.0 6.0 5.0 4.0 0.0 0.0 0.0 2.0 11.0 0.0 0.0 0.0 0.0 0.0 0.0 22.0 53.0 4.0 6.0 0.0 0.0 0.0 12.0 19.0 4.0 3.0 1.0 16.0 14.0 3.0 3.0 1.0 0.0 15.0 5.0 0.0 0.0 0.0 0.0 0.0 37.0 2.0 0.0 0.0 0.0 0.0 0.0 7.0 94.0 0.0 0.0 0.0 1.0 0.0 8.0 6.0 0.0 0.0 0.0 8.0 41.0 2.0 0.0 0.0 0.0 0.0 0.0 0.0 0.0 0.0 7.0 74.0 31.0 0.0 0.0 0.0 0.0 0.0 0.0 41.0 44.0 0.0 0.0 6.0 6.0 0.0 0.0 0.0 0.0 0.0 0.0 10.0 14.0 0.0 0.0 42.0 5.0 0.0 0.0 0.0 0.0 0.0 1.0 102.0 28.0 0.0 0.0 1.0 1.0 0.0 0.0 5.0 0.0 
25_3_008_34
0.0 0.0 0.0 0.0 0.0 0.0 0.0 0.0 0.0 0.0 12.0 36.0 0.0 0.0 0.0 0.0 0.0 0.0 7.0 20.0 8.0 5.0 0.0 2.0 1.0 1.0 4.0 5.0 2.0 1.0 0.0 0.0 0.0 1.0 0.0 0.0 0.0 0.0 0.0 0.0 0.0 0.0 17.0 73.0 0.0 0.0 0.0 0.0 3.0 6.0 34.0 8.0 0.0 0.0 0.0 3.0 6.0 14.0 25.0 1.0 0.0 0.0 0.0 4.0 0.0 1.0 0.0 0.0 0.0 0.0 0.0 0.0 0.0 0.0 0.0 18.0 32.0 4.0 0.0 0.0 0.0 0.0 8.0 69.0 53.0 7.0 0.0 0.0 1.0 1.0 2.0 1.0 0.0 0.0 11.0 32.0 0.0 0.0 0.0 0.0 0.0 0.0 0.0 0.0 0.0 0.0 0.0 0.0 0.0 0.0 0.0 0.0 0.0 0.0 0.0 102.0 29.0 0.0 0.0 0.0 13.0 0.0 1.0 6.0 0.0 0.0 0.0 34.0 
25_3_008_35
0.0 0.0 12.0 8.0 2.0 3.0 0.0 0.0 0.0 0.0 4.0 10.0 8.0 11.0 0.0 0.0 2.0 9.0 24.0 7.0 0.0 0.0 0.0 0.0 36.0 5.0 0.0 0.0 0.0 0.0 -1.0 21.0 0.0 0.0 6.0 10.0 2.0 5.0 -1.0 21.0 0.0 10.0 74.0 30.0 0.0 0.0 0.0 0.0 8.0 28.0 11.0 10.0 0.0 0.0 -2.0 11.0 10.0 6.0 1.0 0.0 0.0 0.0 -7.0 64.0 7.0 27.0 34.0 6.0 0.0 0.0 0.0 0.0 0.0 20.0 59.0 35.0 2.0 0.0 0.0 0.0 0.0 28.0 10.0 0.0 0.0 2.0 5.0 16.0 3.0 8.0 2.0 0.0 0.0 1.0 86.0 49.0 0.0 0.0 8.0 17.0 1.0 1.0 2.0 0.0 0.0 0.0 0.0 13.0 33.0 42.0 1.0 0.0 0.0 0.0 0.0 0.0 0.0 18.0 102.0 7.0 2.0 2.0 0.0 0.0 0.0 1.0 40.0 16.0 
25_3_008_36
0.0 0.0 4.0 9.0 0.0 1.0 2.0 0.0 0.0 0.0 10.0 18.0 3.0 0.0 0.0 0.0 9.0 4.0 3.0 0.0 0.0 0.0 -12.0 28.0 12.0 2.0 0.0 0.0 0.0 0.0 -30.0 77.0 0.0 0.0 0.0 6.0 3.0 9.0 8.0 0.0 0.0 1.0 33.0 45.0 6.0 0.0 0.0 0.0 5.0 16.0 19.0 4.0 1.0 0.0 -5.0 11.0 6.0 6.0 8.0 0.0 0.0 0.0 -14.0 102.0 7.0 4.0 7.0 7.0 4.0 2.0 -3.0 16.0 0.0 0.0 30.0 62.0 18.0 0.0 0.0 0.0 0.0 4.0 29.0 4.0 2.0 0.0 0.0 9.0 0.0 0.0 0.0 0.0 0.0 0.0 33.0 77.0 1.0 5.0 9.0 5.0 1.0 0.0 0.0 0.0 0.0 0.0 9.0 28.0 10.0 2.0 1.0 0.0 0.0 0.0 0.0 3.0 3.0 39.0 30.0 2.0 0.0 0.0 0.0 0.0 0.0 0.0 9.0 37.0 
25_3_008_37
0.0 1.0 8.0 3.0 1.0 0.0 0.0 0.0 8.0 4.0 6.0 8.0 0.0 0.0 0.0 -2.0 39.0 7.0 3.0 0.0 0.0 0.0 -1.0 -8.0 22.0 0.0 0.0 0.0 0.0 0.0 -23.0 57.0 0.0 0.0 0.0 2.0 6.0 3.0 6.0 0.0 0.0 0.0 12.0 25.0 15.0 0.0 0.0 0.0 14.0 2.0 16.0 9.0 0.0 0.0 -1.0 0.0 3.0 0.0 0.0 0.0 0.0 0.0 -21.0 102.0 0.0 0.0 0.0 1.0 4.0 3.0 5.0 3.0 0.0 0.0 1.0 28.0 43.0 0.0 0.0 0.0 0.0 0.0 11.0 22.0 8.0 3.0 0.0 0.0 0.0 0.0 0.0 0.0 0.0 0.0 -5.0 76.0 13.0 2.0 2.0 1.0 0.0 0.0 0.0 -3.0 0.0 1.0 11.0 24.0 3.0 0.0 0.0 0.0 0.0 0.0 0.0 3.0 14.0 12.0 12.0 1.0 0.0 0.0 0.0 0.0 0.0 2.0 19.0 6.0 
25_3_008_38
0.0 0.0 0.0 0.0 0.0 0.0 0.0 3.0 0.0 0.0 0.0 81.0 11.0 0.0 0.0 0.0 0.0 0.0 0.0 24.0 22.0 0.0 0.0 0.0 0.0 1.0 0.0 0.0 1.0 4.0 12.0 3.0 1.0 0.0 0.0 0.0 0.0 0.0 -1.0 5.0 0.0 0.0 18.0 94.0 0.0 0.0 0.0 0.0 0.0 0.0 3.0 28.0 9.0 9.0 1.0 0.0 0.0 0.0 0.0 0.0 0.0 2.0 11.0 6.0 1.0 0.0 0.0 0.0 0.0 0.0 0.0 2.0 0.0 0.0 4.0 102.0 3.0 0.0 0.0 0.0 0.0 1.0 7.0 23.0 3.0 0.0 1.0 1.0 1.0 0.0 0.0 0.0 0.0 0.0 -5.0 23.0 2.0 0.0 0.0 0.0 0.0 0.0 0.0 2.0 0.0 0.0 0.0 58.0 18.0 0.0 0.0 0.0 0.0 0.0 2.0 34.0 8.0 0.0 0.0 0.0 0.0 0.0 0.0 0.0 0.0 0.0 -2.0 18.0 
25_3_008_39
0.0 0.0 0.0 2.0 8.0 6.0 1.0 0.0 0.0 0.0 0.0 21.0 12.0 0.0 0.0 0.0 10.0 2.0 6.0 33.0 7.0 0.0 0.0 -3.0 4.0 0.0 0.0 0.0 0.0 0.0 -16.0 64.0 0.0 0.0 0.0 8.0 5.0 4.0 1.0 0.0 0.0 0.0 24.0 53.0 3.0 0.0 0.0 0.0 5.0 1.0 6.0 27.0 27.0 0.0 0.0 2.0 0.0 0.0 0.0 0.0 0.0 0.0 3.0 95.0 6.0 5.0 6.0 1.0 0.0 0.0 -10.0 20.0 0.0 1.0 17.0 44.0 19.0 1.0 0.0 0.0 2.0 0.0 6.0 34.0 6.0 6.0 9.0 5.0 0.0 0.0 0.0 9.0 3.0 0.0 18.0 102.0 12.0 6.0 2.0 2.0 5.0 0.0 0.0 -3.0 0.0 2.0 34.0 11.0 0.0 0.0 0.0 0.0 6.0 2.0 1.0 3.0 2.0 8.0 23.0 3.0 0.0 0.0 0.0 0.0 0.0 11.0 84.0 27.0 
25_3_008_40
0.0 0.0 0.0 0.0 0.0 6.0 22.0 27.0 0.0 0.0 0.0 0.0 12.0 23.0 11.0 1.0 0.0 0.0 1.0 34.0 102.0 10.0 0.0 0.0 8.0 0.0 3.0 4.0 18.0 27.0 0.0 24.0 0.0 0.0 0.0 0.0 0.0 1.0 61.0 42.0 1.0 6.0 5.0 24.0 38.0 8.0 2.0 1.0 27.0 20.0 7.0 20.0 26.0 0.0 0.0 -13.0 0.0 0.0 11.0 78.0 23.0 0.0 0.0 0.0 2.0 0.0 0.0 9.0 1.0 4.0 42.0 27.0 0.0 2.0 57.0 62.0 0.0 0.0 0.0 0.0 17.0 28.0 7.0 14.0 20.0 4.0 0.0 -11.0 -3.0 9.0 13.0 13.0 7.0 38.0 8.0 0.0 16.0 0.0 3.0 23.0 3.0 0.0 8.0 3.0 -10.0 32.0 18.0 68.0 16.0 0.0 0.0 0.0 20.0 8.0 0.0 0.0 0.0 2.0 18.0 9.0 0.0 0.0 0.0 0.0 0.0 19.0 49.0 2.0 
25_3_008_41
0.0 0.0 0.0 0.0 0.0 20.0 26.0 7.0 0.0 2.0 4.0 39.0 18.0 29.0 21.0 6.0 0.0 0.0 3.0 70.0 34.0 0.0 0.0 0.0 29.0 13.0 13.0 42.0 7.0 0.0 0.0 1.0 6.0 6.0 16.0 12.0 1.0 0.0 0.0 1.0 30.0 61.0 43.0 9.0 0.0 0.0 0.0 2.0 0.0 0.0 16.0 67.0 3.0 1.0 7.0 3.0 0.0 0.0 0.0 33.0 102.0 20.0 38.0 3.0 1.0 6.0 14.0 42.0 0.0 0.0 0.0 0.0 12.0 19.0 14.0 42.0 8.0 0.0 0.0 4.0 15.0 28.0 13.0 2.0 0.0 0.0 2.0 30.0 11.0 3.0 0.0 1.0 28.0 5.0 2.0 12.0 22.0 3.0 1.0 7.0 0.0 0.0 0.0 14.0 0.0 0.0 0.0 5.0 34.0 32.0 13.0 7.0 13.0 8.0 5.0 25.0 40.0 16.0 0.0 8.0 18.0 65.0 2.0 0.0 0.0 0.0 0.0 0.0 
25_3_008_42
0.0 1.0 7.0 13.0 0.0 0.0 0.0 0.0 0.0 0.0 3.0 3.0 0.0 0.0 0.0 0.0 20.0 0.0 0.0 0.0 0.0 0.0 0.0 56.0 3.0 1.0 0.0 0.0 0.0 0.0 0.0 0.0 3.0 4.0 1.0 6.0 0.0 0.0 0.0 1.0 0.0 0.0 2.0 11.0 2.0 0.0 0.0 0.0 45.0 62.0 32.0 36.0 0.0 0.0 0.0 0.0 69.0 99.0 0.0 0.0 0.0 0.0 0.0 0.0 4.0 1.0 1.0 1.0 0.0 0.0 0.0 6.0 0.0 0.0 14.0 14.0 0.0 0.0 0.0 0.0 0.0 1.0 1.0 102.0 11.0 0.0 0.0 0.0 8.0 13.0 0.0 0.0 0.0 0.0 0.0 0.0 0.0 0.0 2.0 5.0 0.0 0.0 0.0 0.0 0.0 1.0 6.0 4.0 0.0 0.0 0.0 0.0 0.0 0.0 0.0 78.0 17.0 0.0 0.0 0.0 0.0 0.0 1.0 0.0 0.0 0.0 0.0 0.0 
25_3_008_43
0.0 0.0 1.0 30.0 2.0 0.0 0.0 0.0 0.0 0.0 0.0 71.0 15.0 0.0 0.0 0.0 0.0 0.0 0.0 12.0 2.0 0.0 0.0 0.0 1.0 0.0 0.0 0.0 0.0 0.0 0.0 1.0 0.0 0.0 3.0 24.0 3.0 0.0 0.0 0.0 0.0 0.0 5.0 102.0 6.0 2.0 1.0 0.0 0.0 0.0 1.0 19.0 4.0 0.0 0.0 0.0 0.0 0.0 1.0 1.0 1.0 1.0 0.0 0.0 0.0 0.0 0.0 21.0 10.0 0.0 0.0 0.0 0.0 0.0 39.0 89.0 0.0 0.0 0.0 0.0 0.0 0.0 7.0 8.0 0.0 0.0 0.0 0.0 0.0 0.0 5.0 2.0 0.0 0.0 0.0 0.0 0.0 0.0 1.0 31.0 3.0 0.0 0.0 0.0 0.0 0.0 29.0 66.0 0.0 0.0 0.0 0.0 0.0 0.0 7.0 2.0 0.0 0.0 0.0 0.0 0.0 0.0 0.0 0.0 0.0 1.0 1.0 0.0 
25_3_008_44
4.0 6.0 12.0 1.0 0.0 8.0 22.0 4.0 0.0 0.0 45.0 102.0 42.0 37.0 2.0 0.0 11.0 0.0 0.0 0.0 0.0 30.0 37.0 56.0 13.0 1.0 0.0 1.0 0.0 2.0 10.0 37.0 14.0 0.0 1.0 0.0 0.0 1.0 13.0 22.0 10.0 0.0 2.0 57.0 17.0 24.0 42.0 22.0 1.0 5.0 9.0 98.0 46.0 20.0 0.0 2.0 28.0 9.0 27.0 8.0 0.0 0.0 0.0 65.0 80.0 27.0 0.0 0.0 0.0 3.0 0.0 3.0 45.0 86.0 101.0 47.0 0.0 0.0 0.0 0.0 38.0 72.0 59.0 24.0 0.0 0.0 0.0 1.0 29.0 0.0 14.0 16.0 0.0 0.0 0.0 53.0 0.0 3.0 0.0 20.0 75.0 7.0 0.0 0.0 0.0 1.0 20.0 76.0 58.0 0.0 0.0 0.0 33.0 11.0 6.0 0.0 7.0 2.0 5.0 24.0 12.0 9.0 6.0 0.0 0.0 0.0 7.0 29.0 
25_3_008_45
0.0 43.0 30.0 6.0 12.0 14.0 0.0 0.0 0.0 31.0 17.0 7.0 20.0 15.0 0.0 0.0 19.0 18.0 13.0 2.0 8.0 0.0 0.0 2.0 1.0 0.0 0.0 0.0 25.0 18.0 6.0 6.0 0.0 0.0 0.0 3.0 10.0 80.0 37.0 2.0 0.0 0.0 42.0 102.0 45.0 13.0 0.0 0.0 8.0 25.0 28.0 10.0 0.0 1.0 32.0 8.0 10.0 2.0 1.0 0.0 3.0 5.0 29.0 34.0 29.0 24.0 10.0 0.0 0.0 35.0 21.0 13.0 0.0 0.0 23.0 76.0 84.0 69.0 0.0 0.0 0.0 0.0 0.0 6.0 18.0 74.0 82.0 4.0 0.0 0.0 0.0 0.0 35.0 35.0 60.0 2.0 8.0 16.0 8.0 0.0 0.0 3.0 0.0 1.0 2.0 1.0 77.0 30.0 0.0 0.0 0.0 0.0 5.0 0.0 2.0 4.0 0.0 7.0 75.0 34.0 3.0 0.0 0.0 3.0 23.0 19.0 28.0 2.0 
25_3_008_46
0.0 0.0 0.0 12.0 30.0 3.0 3.0 0.0 0.0 0.0 0.0 6.0 24.0 8.0 29.0 2.0 0.0 0.0 30.0 80.0 48.0 0.0 0.0 0.0 18.0 11.0 17.0 17.0 1.0 4.0 -3.0 4.0 3.0 0.0 3.0 17.0 15.0 1.0 2.0 -1.0 0.0 0.0 1.0 4.0 22.0 8.0 12.0 25.0 0.0 0.0 11.0 102.0 102.0 2.0 0.0 0.0 0.0 0.0 20.0 77.0 27.0 10.0 2.0 0.0 39.0 8.0 8.0 1.0 0.0 0.0 0.0 -14.0 73.0 10.0 14.0 7.0 0.0 0.0 0.0 -30.0 0.0 3.0 46.0 78.0 19.0 0.0 0.0 0.0 0.0 0.0 0.0 10.0 47.0 26.0 17.0 6.0 53.0 5.0 0.0 0.0 0.0 0.0 0.0 -21.0 0.0 25.0 8.0 0.0 0.0 2.0 0.0 0.0 0.0 7.0 7.0 7.0 11.0 1.0 0.0 0.0 0.0 0.0 1.0 10.0 26.0 4.0 0.0 1.0 
25_3_008_47
0.0 1.0 3.0 1.0 0.0 0.0 0.0 0.0 0.0 0.0 43.0 30.0 0.0 0.0 0.0 0.0 0.0 7.0 12.0 12.0 1.0 0.0 0.0 1.0 0.0 0.0 0.0 8.0 0.0 0.0 2.0 7.0 0.0 0.0 2.0 8.0 0.0 0.0 0.0 0.0 0.0 0.0 24.0 95.0 0.0 0.0 0.0 0.0 6.0 1.0 0.0 11.0 4.0 1.0 4.0 22.0 1.0 0.0 0.0 15.0 1.0 0.0 0.0 10.0 0.0 0.0 2.0 8.0 0.0 0.0 0.0 0.0 0.0 0.0 2.0 102.0 11.0 0.0 0.0 0.0 12.0 6.0 6.0 2.0 3.0 2.0 0.0 11.0 2.0 0.0 4.0 6.0 0.0 0.0 0.0 4.0 0.0 0.0 1.0 11.0 0.0 0.0 0.0 0.0 1.0 0.0 11.0 57.0 2.0 0.0 0.0 2.0 0.0 0.0 9.0 9.0 6.0 10.0 0.0 0.0 1.0 4.0 9.0 2.0 0.0 0.0 0.0 0.0 
25_3_008_48
0.0 0.0 0.0 0.0 0.0 0.0 0.0 0.0 0.0 0.0 0.0 8.0 1.0 0.0 0.0 0.0 0.0 0.0 2.0 86.0 1.0 0.0 0.0 0.0 0.0 0.0 0.0 0.0 0.0 0.0 5.0 2.0 0.0 2.0 0.0 0.0 0.0 0.0 0.0 0.0 0.0 1.0 4.0 9.0 0.0 0.0 0.0 0.0 0.0 0.0 4.0 102.0 1.0 0.0 0.0 0.0 0.0 0.0 0.0 0.0 0.0 0.0 4.0 12.0 0.0 0.0 1.0 0.0 0.0 0.0 0.0 0.0 0.0 2.0 57.0 4.0 0.0 0.0 0.0 0.0 0.0 0.0 23.0 52.0 2.0 0.0 0.0 0.0 0.0 0.0 0.0 0.0 0.0 0.0 1.0 18.0 0.0 0.0 6.0 8.0 0.0 0.0 0.0 0.0 0.0 2.0 27.0 20.0 0.0 0.0 0.0 0.0 0.0 0.0 1.0 27.0 2.0 0.0 0.0 0.0 0.0 0.0 0.0 0.0 0.0 0.0 3.0 12.0 
25_3_008_49
0.0 0.0 0.0 0.0 0.0 3.0 8.0 0.0 1.0 2.0 3.0 0.0 0.0 0.0 8.0 9.0 0.0 0.0 65.0 102.0 6.0 0.0 0.0 0.0 0.0 0.0 12.0 13.0 6.0 27.0 17.0 0.0 0.0 0.0 0.0 0.0 0.0 0.0 9.0 2.0 0.0 1.0 10.0 17.0 1.0 0.0 0.0 0.0 0.0 0.0 18.0 101.0 21.0 0.0 0.0 0.0 0.0 0.0 2.0 28.0 12.0 2.0 0.0 0.0 19.0 65.0 5.0 0.0 0.0 0.0 0.0 0.0 8.0 50.0 45.0 0.0 0.0 0.0 0.0 4.0 0.0 0.0 7.0 36.0 60.0 7.0 2.0 7.0 0.0 0.0 4.0 7.0 37.0 14.0 8.0 0.0 33.0 48.0 1.0 0.0 0.0 2.0 2.0 1.0 64.0 36.0 19.0 0.0 0.0 0.0 0.0 12.0 59.0 22.0 1.0 2.0 0.0 0.0 0.0 3.0 3.0 1.0 1.0 1.0 30.0 8.0 0.0 0.0 
25_3_008_50
0.0 0.0 2.0 15.0 8.0 2.0 2.0 0.0 1.0 1.0 3.0 12.0 33.0 45.0 4.0 3.0 27.0 8.0 0.0 2.0 4.0 0.0 0.0 21.0 8.0 30.0 3.0 0.0 0.0 0.0 0.0 0.0 2.0 0.0 0.0 3.0 3.0 2.0 6.0 11.0 23.0 9.0 5.0 22.0 31.0 11.0 19.0 11.0 5.0 27.0 31.0 102.0 35.0 0.0 0.0 0.0 28.0 54.0 3.0 0.0 0.0 0.0 8.0 24.0 0.0 0.0 32.0 10.0 6.0 3.0 0.0 0.0 10.0 66.0 49.0 2.0 0.0 0.0 0.0 0.0 0.0 4.0 59.0 54.0 17.0 4.0 0.0 0.0 15.0 0.0 0.0 0.0 0.0 6.0 26.0 61.0 0.0 18.0 72.0 4.0 0.0 0.0 0.0 0.0 1.0 38.0 15.0 1.0 1.0 0.0 0.0 0.0 15.0 5.0 0.0 0.0 5.0 10.0 2.0 3.0 0.0 0.0 0.0 0.0 1.0 21.0 28.0 9.0 
25_3_008_51
0.0 0.0 0.0 2.0 8.0 51.0 33.0 0.0 0.0 0.0 0.0 20.0 24.0 47.0 4.0 0.0 21.0 1.0 0.0 0.0 0.0 0.0 0.0 44.0 2.0 11.0 34.0 1.0 0.0 0.0 5.0 5.0 7.0 5.0 7.0 6.0 3.0 15.0 1.0 0.0 0.0 0.0 17.0 102.0 2.0 0.0 0.0 0.0 16.0 21.0 42.0 6.0 0.0 0.0 0.0 9.0 73.0 24.0 42.0 1.0 0.0 0.0 0.0 33.0 22.0 58.0 4.0 0.0 0.0 0.0 0.0 0.0 0.0 21.0 26.0 45.0 7.0 0.0 0.0 0.0 0.0 0.0 28.0 74.0 7.0 0.0 0.0 0.0 6.0 2.0 0.0 5.0 1.0 2.0 24.0 36.0 6.0 33.0 1.0 0.0 0.0 0.0 0.0 0.0 11.0 29.0 5.0 0.0 0.0 0.0 0.0 1.0 0.0 0.0 4.0 19.0 24.0 9.0 0.0 0.0 0.0 3.0 0.0 0.0 4.0 15.0 5.0 1.0 
25_3_008_52
7.0 0.0 0.0 2.0 2.0 0.0 1.0 17.0 0.0 0.0 5.0 47.0 6.0 0.0 0.0 0.0 11.0 5.0 22.0 8.0 0.0 0.0 1.0 2.0 17.0 6.0 0.0 0.0 0.0 0.0 3.0 7.0 14.0 0.0 0.0 0.0 0.0 3.0 3.0 59.0 0.0 0.0 9.0 102.0 20.0 0.0 0.0 0.0 6.0 5.0 4.0 21.0 14.0 3.0 0.0 0.0 27.0 5.0 0.0 0.0 0.0 0.0 2.0 13.0 1.0 1.0 0.0 0.0 2.0 9.0 43.0 14.0 0.0 0.0 7.0 24.0 46.0 34.0 0.0 0.0 0.0 0.0 0.0 22.0 77.0 20.0 0.0 0.0 5.0 22.0 3.0 1.0 0.0 2.0 9.0 3.0 0.0 0.0 0.0 0.0 0.0 5.0 12.0 1.0 0.0 0.0 0.0 1.0 6.0 13.0 0.0 0.0 0.0 0.0 0.0 17.0 90.0 4.0 0.0 0.0 0.0 4.0 2.0 7.0 51.0 57.0 0.0 0.0 
25_3_008_53
0.0 0.0 0.0 0.0 0.0 25.0 32.0 2.0 0.0 0.0 1.0 17.0 28.0 12.0 0.0 0.0 0.0 0.0 9.0 23.0 3.0 9.0 15.0 0.0 0.0 0.0 0.0 27.0 11.0 9.0 4.0 0.0 1.0 0.0 0.0 0.0 0.0 1.0 14.0 24.0 0.0 0.0 14.0 102.0 13.0 0.0 0.0 0.0 0.0 0.0 2.0 1.0 0.0 1.0 21.0 23.0 0.0 0.0 0.0 1.0 28.0 29.0 29.0 9.0 0.0 1.0 3.0 1.0 1.0 4.0 10.0 4.0 0.0 0.0 6.0 84.0 9.0 3.0 3.0 0.0 0.0 0.0 0.0 4.0 7.0 4.0 34.0 3.0 3.0 0.0 12.0 5.0 1.0 1.0 12.0 78.0 1.0 13.0 6.0 0.0 0.0 0.0 0.0 0.0 0.0 3.0 12.0 30.0 5.0 0.0 0.0 0.0 5.0 4.0 13.0 20.0 0.0 0.0 0.0 2.0 22.0 48.0 20.0 3.0 0.0 0.0 -9.0 32.0 
25_3_008_54
0.0 0.0 0.0 13.0 0.0 0.0 0.0 0.0 0.0 0.0 0.0 10.0 1.0 0.0 0.0 0.0 0.0 0.0 4.0 70.0 2.0 0.0 0.0 0.0 0.0 0.0 0.0 0.0 0.0 0.0 25.0 97.0 0.0 0.0 3.0 16.0 0.0 0.0 0.0 0.0 0.0 0.0 4.0 14.0 0.0 0.0 0.0 0.0 0.0 0.0 15.0 66.0 1.0 0.0 3.0 0.0 0.0 0.0 0.0 0.0 0.0 0.0 80.0 102.0 0.0 0.0 1.0 16.0 0.0 0.0 0.0 0.0 0.0 0.0 3.0 23.0 2.0 0.0 0.0 0.0 0.0 0.0 4.0 33.0 5.0 2.0 54.0 19.0 0.0 0.0 0.0 0.0 0.0 0.0 69.0 54.0 0.0 0.0 2.0 4.0 0.0 0.0 0.0 0.0 0.0 0.0 1.0 16.0 3.0 7.0 2.0 0.0 0.0 0.0 0.0 0.0 1.0 7.0 97.0 21.0 0.0 0.0 0.0 0.0 0.0 0.0 11.0 10.0 
25_3_008_55
-2.0 5.0 30.0 18.0 0.0 0.0 0.0 0.0 -36.0 102.0 27.0 4.0 0.0 0.0 0.0 0.0 0.0 0.0 14.0 20.0 1.0 0.0 5.0 6.0 0.0 0.0 0.0 0.0 0.0 0.0 13.0 12.0 0.0 0.0 35.0 72.0 1.0 0.0 0.0 0.0 0.0 0.0 11.0 26.0 1.0 3.0 1.0 1.0 2.0 0.0 7.0 3.0 0.0 0.0 13.0 24.0 1.0 7.0 0.0 0.0 0.0 0.0 0.0 12.0 0.0 0.0 24.0 65.0 2.0 0.0 0.0 0.0 -3.0 7.0 2.0 23.0 5.0 4.0 1.0 0.0 0.0 0.0 0.0 1.0 4.0 3.0 22.0 2.0 0.0 21.0 0.0 3.0 4.0 2.0 0.0 -2.0 0.0 0.0 22.0 17.0 1.0 2.0 2.0 0.0 0.0 0.0 0.0 2.0 7.0 4.0 4.0 0.0 0.0 0.0 0.0 0.0 2.0 7.0 8.0 0.0 0.0 0.0 0.0 0.0 7.0 14.0 0.0 0.0 
25_3_008_56
26.0 13.0 15.0 14.0 0.0 0.0 0.0 6.0 14.0 3.0 0.0 0.0 0.0 0.0 0.0 12.0 8.0 0.0 0.0 0.0 0.0 2.0 26.0 25.0 0.0 0.0 0.0 0.0 6.0 4.0 16.0 4.0 53.0 2.0 28.0 70.0 4.0 0.0 20.0 30.0 23.0 0.0 0.0 0.0 0.0 11.0 10.0 43.0 81.0 10.0 4.0 11.0 5.0 0.0 0.0 16.0 27.0 3.0 4.0 2.0 0.0 0.0 2.0 16.0 0.0 0.0 0.0 28.0 44.0 56.0 85.0 32.0 17.0 3.0 0.0 23.0 84.0 25.0 5.0 4.0 29.0 7.0 18.0 54.0 3.0 0.0 0.0 3.0 102.0 4.0 0.0 0.0 0.0 0.0 0.0 50.0 16.0 4.0 0.0 28.0 25.0 0.0 2.0 32.0 18.0 19.0 27.0 70.0 41.0 0.0 3.0 1.0 1.0 2.0 9.0 33.0 14.0 0.0 0.0 0.0 48.0 4.0 3.0 3.0 0.0 0.0 0.0 22.0 
25_3_008_57
0.0 0.0 0.0 0.0 0.0 31.0 34.0 0.0 0.0 0.0 1.0 6.0 4.0 24.0 21.0 2.0 6.0 20.0 27.0 6.0 0.0 0.0 0.0 2.0 13.0 0.0 23.0 15.0 0.0 0.0 -8.0 17.0 15.0 0.0 0.0 0.0 0.0 0.0 -3.0 34.0 0.0 2.0 75.0 45.0 0.0 1.0 0.0 0.0 44.0 26.0 26.0 2.0 0.0 0.0 0.0 -17.0 10.0 1.0 5.0 27.0 5.0 0.0 -3.0 3.0 102.0 0.0 0.0 0.0 0.0 0.0 -5.0 -7.0 0.0 16.0 75.0 56.0 0.0 0.0 0.0 0.0 31.0 10.0 3.0 4.0 1.0 0.0 -2.0 4.0 7.0 0.0 0.0 0.0 7.0 2.0 2.0 8.0 5.0 0.0 0.0 0.0 17.0 27.0 0.0 1.0 0.0 2.0 16.0 21.0 43.0 16.0 0.0 0.0 0.0 2.0 1.0 0.0 0.0 21.0 72.0 41.0 0.0 0.0 0.0 1.0 21.0 50.0 8.0 0.0 
25_3_008_58
0.0 0.0 17.0 44.0 8.0 0.0 0.0 0.0 0.0 14.0 19.0 23.0 9.0 0.0 0.0 0.0 16.0 11.0 3.0 0.0 0.0 0.0 0.0 1.0 7.0 0.0 0.0 0.0 0.0 0.0 3.0 12.0 0.0 4.0 29.0 30.0 0.0 0.0 1.0 1.0 0.0 1.0 43.0 102.0 1.0 1.0 0.0 0.0 68.0 1.0 0.0 0.0 0.0 0.0 0.0 38.0 13.0 1.0 1.0 0.0 2.0 5.0 4.0 12.0 0.0 0.0 9.0 10.0 1.0 1.0 22.0 7.0 0.0 0.0 0.0 83.0 64.0 26.0 6.0 0.0 2.0 0.0 0.0 3.0 34.0 42.0 88.0 26.0 11.0 3.0 6.0 17.0 2.0 0.0 1.0 6.0 2.0 0.0 0.0 0.0 0.0 0.0 8.0 22.0 4.0 0.0 0.0 27.0 28.0 2.0 1.0 1.0 17.0 1.0 3.0 16.0 21.0 0.0 3.0 50.0 0.0 1.0 1.0 40.0 18.0 0.0 0.0 0.0 
25_3_008_59
0.0 0.0 0.0 0.0 0.0 13.0 32.0 3.0 9.0 0.0 5.0 0.0 5.0 15.0 40.0 25.0 0.0 0.0 3.0 89.0 52.0 1.0 0.0 0.0 0.0 1.0 8.0 33.0 34.0 3.0 0.0 1.0 3.0 1.0 4.0 8.0 5.0 2.0 1.0 0.0 23.0 57.0 67.0 4.0 0.0 0.0 0.0 3.0 41.0 29.0 20.0 45.0 9.0 0.0 0.0 6.0 0.0 0.0 0.0 43.0 15.0 0.0 8.0 28.0 0.0 0.0 8.0 43.0 6.0 0.0 0.0 0.0 0.0 0.0 12.0 102.0 3.0 0.0 0.0 0.0 32.0 31.0 36.0 0.0 0.0 0.0 2.0 26.0 19.0 15.0 12.0 8.0 0.0 0.0 0.0 20.0 29.0 37.0 6.0 6.0 0.0 0.0 0.0 0.0 1.0 2.0 4.0 39.0 17.0 0.0 0.0 0.0 0.0 0.0 7.0 16.0 35.0 40.0 5.0 0.0 17.0 2.0 2.0 2.0 17.0 25.0 3.0 14.0 
25_3_008_60
11.0 0.0 0.0 0.0 0.0 0.0 7.0 25.0 0.0 2.0 23.0 14.0 0.0 0.0 0.0 0.0 7.0 13.0 11.0 7.0 3.0 0.0 6.0 8.0 12.0 17.0 12.0 3.0 0.0 0.0 0.0 3.0 0.0 0.0 1.0 3.0 2.0 2.0 24.0 2.0 0.0 0.0 3.0 2.0 3.0 22.0 28.0 3.0 1.0 0.0 4.0 31.0 78.0 5.0 4.0 1.0 0.0 0.0 0.0 0.0 0.0 0.0 19.0 29.0 0.0 16.0 17.0 6.0 3.0 1.0 0.0 0.0 41.0 15.0 0.0 0.0 0.0 0.0 2.0 28.0 0.0 0.0 61.0 102.0 2.0 0.0 0.0 0.0 54.0 9.0 0.0 0.0 0.0 0.0 0.0 13.0 6.0 41.0 11.0 0.0 0.0 0.0 0.0 0.0 18.0 53.0 4.0 2.0 0.0 0.0 0.0 0.0 0.0 19.0 86.0 17.0 9.0 4.0 0.0 0.0 30.0 9.0 0.0 0.0 0.0 4.0 29.0 15.0 
25_3_008_61
0.0 0.0 0.0 3.0 19.0 45.0 3.0 0.0 0.0 4.0 4.0 1.0 1.0 26.0 16.0 0.0 1.0 25.0 13.0 1.0 0.0 0.0 2.0 3.0 0.0 50.0 11.0 1.0 0.0 0.0 1.0 0.0 32.0 33.0 8.0 3.0 0.0 0.0 0.0 0.0 0.0 0.0 2.0 4.0 3.0 32.0 32.0 13.0 0.0 4.0 33.0 58.0 35.0 7.0 0.0 0.0 30.0 11.0 1.0 2.0 0.0 7.0 9.0 24.0 63.0 12.0 1.0 0.0 0.0 0.0 0.0 24.0 42.0 44.0 42.0 0.0 0.0 0.0 8.0 46.0 1.0 11.0 102.0 47.0 7.0 0.0 10.0 5.0 1.0 0.0 0.0 0.0 0.0 20.0 40.0 7.0 7.0 6.0 6.0 8.0 3.0 0.0 0.0 0.0 23.0 102.0 35.0 11.0 9.0 2.0 3.0 3.0 27.0 7.0 3.0 0.0 0.0 0.0 9.0 90.0 2.0 0.0 0.0 0.0 0.0 3.0 13.0 15.0 
25_3_008_62
0.0 0.0 0.0 1.0 1.0 8.0 15.0 0.0 0.0 0.0 1.0 3.0 2.0 0.0 6.0 15.0 45.0 7.0 0.0 2.0 0.0 0.0 0.0 -9.0 0.0 0.0 0.0 3.0 2.0 0.0 26.0 49.0 0.0 -2.0 7.0 12.0 2.0 2.0 3.0 0.0 0.0 0.0 0.0 1.0 3.0 7.0 21.0 23.0 2.0 1.0 9.0 27.0 20.0 2.0 -5.0 28.0 0.0 0.0 0.0 0.0 0.0 0.0 15.0 102.0 0.0 -3.0 10.0 22.0 0.0 0.0 0.0 0.0 -2.0 4.0 6.0 0.0 0.0 0.0 4.0 59.0 0.0 -8.0 30.0 41.0 3.0 1.0 25.0 17.0 0.0 0.0 0.0 0.0 0.0 0.0 29.0 79.0 0.0 -12.0 33.0 0.0 0.0 0.0 0.0 0.0 0.0 -1.0 6.0 1.0 2.0 1.0 5.0 32.0 0.0 0.0 0.0 2.0 0.0 20.0 39.0 7.0 0.0 0.0 0.0 0.0 0.0 0.0 31.0 29.0 
25_3_008_63
0.0 0.0 0.0 0.0 2.0 76.0 45.0 20.0 0.0 0.0 0.0 0.0 0.0 47.0 46.0 13.0 0.0 0.0 0.0 3.0 7.0 5.0 19.0 13.0 10.0 0.0 0.0 6.0 6.0 0.0 4.0 23.0 0.0 0.0 0.0 0.0 0.0 5.0 102.0 53.0 1.0 0.0 9.0 49.0 36.0 52.0 25.0 9.0 0.0 0.0 0.0 7.0 13.0 5.0 9.0 6.0 5.0 0.0 0.0 20.0 26.0 0.0 0.0 4.0 5.0 27.0 0.0 0.0 0.0 2.0 26.0 9.0 9.0 20.0 21.0 14.0 5.0 2.0 5.0 4.0 0.0 0.0 0.0 11.0 16.0 25.0 1.0 0.0 0.0 0.0 1.0 35.0 17.0 0.0 0.0 0.0 6.0 9.0 0.0 0.0 0.0 1.0 42.0 7.0 2.0 0.0 0.0 0.0 1.0 13.0 27.0 2.0 0.0 0.0 1.0 36.0 13.0 0.0 0.0 0.0 0.0 0.0 2.0 17.0 12.0 0.0 0.0 0.0 
25_3_008_64
0.0 0.0 0.0 2.0 6.0 43.0 24.0 3.0 0.0 0.0 8.0 78.0 27.0 6.0 0.0 0.0 0.0 6.0 23.0 35.0 19.0 3.0 0.0 0.0 26.0 13.0 1.0 0.0 0.0 0.0 0.0 1.0 19.0 53.0 20.0 5.0 0.0 0.0 0.0 11.0 0.0 2.0 23.0 98.0 4.0 0.0 0.0 0.0 0.0 6.0 9.0 102.0 31.0 0.0 2.0 0.0 62.0 7.0 17.0 38.0 9.0 0.0 10.0 21.0 21.0 14.0 26.0 12.0 0.0 0.0 0.0 41.0 5.0 10.0 28.0 60.0 3.0 0.0 0.0 1.0 0.0 0.0 0.0 17.0 45.0 9.0 28.0 22.0 4.0 0.0 0.0 20.0 78.0 32.0 73.0 27.0 4.0 10.0 11.0 17.0 7.0 1.0 1.0 4.0 14.0 28.0 5.0 0.0 0.0 0.0 0.0 22.0 10.0 1.0 0.0 0.0 0.0 1.0 4.0 35.0 6.0 1.0 0.0 13.0 47.0 1.0 1.0 4.0 
25_3_008_65
2.0 0.0 3.0 7.0 32.0 37.0 1.0 5.0 35.0 10.0 0.0 2.0 0.0 0.0 0.0 18.0 10.0 40.0 5.0 0.0 0.0 0.0 0.0 0.0 0.0 37.0 13.0 19.0 13.0 0.0 0.0 0.0 13.0 10.0 1.0 25.0 39.0 14.0 6.0 7.0 6.0 29.0 33.0 102.0 35.0 0.0 0.0 0.0 45.0 71.0 4.0 0.0 0.0 0.0 6.0 29.0 0.0 14.0 3.0 0.0 5.0 44.0 11.0 0.0 12.0 65.0 43.0 0.0 0.0 0.0 0.0 0.0 0.0 2.0 62.0 73.0 17.0 7.0 0.0 0.0 21.0 0.0 0.0 0.0 0.0 12.0 39.0 79.0 17.0 0.0 0.0 0.0 2.0 26.0 23.0 40.0 0.0 22.0 13.0 3.0 0.0 0.0 0.0 0.0 6.0 4.0 0.0 1.0 9.0 12.0 2.0 3.0 0.0 0.0 0.0 0.0 2.0 29.0 35.0 10.0 8.0 3.0 0.0 0.0 0.0 0.0 15.0 66.0 
25_3_008_66
0.0 0.0 0.0 8.0 3.0 1.0 2.0 1.0 0.0 0.0 0.0 72.0 14.0 0.0 0.0 0.0 0.0 0.0 0.0 15.0 2.0 0.0 0.0 0.0 0.0 0.0 0.0 2.0 1.0 1.0 0.0 0.0 0.0 0.0 0.0 6.0 4.0 0.0 0.0 0.0 0.0 0.0 11.0 102.0 0.0 0.0 0.0 0.0 0.0 0.0 2.0 17.0 1.0 0.0 0.0 0.0 0.0 0.0 5.0 4.0 0.0 0.0 0.0 0.0 0.0 0.0 0.0 11.0 16.0 0.0 0.0 0.0 0.0 0.0 23.0 94.0 0.0 0.0 0.0 0.0 0.0 0.0 7.0 15.0 0.0 0.0 0.0 0.0 0.0 0.0 4.0 1.0 0.0 0.0 0.0 0.0 0.0 0.0 0.0 15.0 7.0 0.0 0.0 0.0 0.0 0.0 0.0 95.0 6.0 0.0 0.0 0.0 0.0 0.0 3.0 8.0 1.0 0.0 0.0 0.0 0.0 0.0 0.0 0.0 0.0 1.0 3.0 0.0 
25_3_008_67
0.0 0.0 2.0 0.0 0.0 0.0 3.0 2.0 0.0 0.0 0.0 0.0 0.0 3.0 12.0 7.0 0.0 0.0 71.0 34.0 1.0 0.0 0.0 0.0 0.0 8.0 87.0 6.0 0.0 2.0 2.0 0.0 0.0 0.0 0.0 0.0 0.0 4.0 11.0 1.0 1.0 2.0 15.0 10.0 0.0 0.0 1.0 4.0 0.0 0.0 39.0 102.0 20.0 1.0 0.0 0.0 0.0 0.0 0.0 4.0 9.0 28.0 14.0 0.0 0.0 1.0 1.0 0.0 0.0 0.0 2.0 1.0 0.0 0.0 10.0 28.0 0.0 0.0 0.0 0.0 0.0 0.0 15.0 68.0 12.0 0.0 0.0 0.0 0.0 0.0 2.0 21.0 9.0 0.0 0.0 0.0 4.0 23.0 15.0 0.0 0.0 0.0 0.0 0.0 4.0 23.0 18.0 1.0 0.0 0.0 0.0 4.0 0.0 0.0 1.0 24.0 48.0 4.0 1.0 0.0 0.0 0.0 3.0 3.0 14.0 6.0 4.0 0.0 
25_3_008_68
1.0 0.0 0.0 7.0 20.0 6.0 3.0 0.0 0.0 0.0 0.0 2.0 2.0 12.0 11.0 3.0 1.0 1.0 5.0 32.0 7.0 0.0 0.0 0.0 5.0 15.0 2.0 1.0 1.0 0.0 -1.0 4.0 0.0 2.0 1.0 33.0 61.0 0.0 0.0 0.0 31.0 3.0 3.0 3.0 5.0 0.0 -2.0 10.0 0.0 0.0 12.0 68.0 3.0 0.0 0.0 0.0 4.0 4.0 4.0 5.0 5.0 0.0 -7.0 29.0 0.0 0.0 0.0 15.0 29.0 0.0 0.0 0.0 7.0 1.0 0.0 23.0 61.0 5.0 -1.0 5.0 0.0 0.0 8.0 15.0 19.0 25.0 17.0 0.0 6.0 2.0 2.0 19.0 45.0 0.0 0.0 0.0 0.0 0.0 0.0 0.0 0.0 0.0 0.0 0.0 0.0 0.0 0.0 2.0 40.0 19.0 0.0 0.0 0.0 0.0 0.0 0.0 4.0 35.0 28.0 0.0 0.0 0.0 0.0 0.0 102.0 13.0 0.0 0.0 
25_3_008_69
0.0 0.0 1.0 0.0 0.0 0.0 0.0 0.0 0.0 0.0 17.0 18.0 0.0 0.0 0.0 0.0 0.0 0.0 25.0 18.0 1.0 0.0 0.0 0.0 0.0 0.0 2.0 29.0 1.0 0.0 0.0 0.0 0.0 1.0 1.0 0.0 0.0 0.0 0.0 0.0 0.0 0.0 31.0 58.0 0.0 0.0 0.0 0.0 0.0 17.0 39.0 3.0 0.0 0.0 0.0 0.0 3.0 2.0 1.0 20.0 7.0 0.0 4.0 8.0 0.0 2.0 0.0 0.0 0.0 0.0 0.0 0.0 0.0 0.0 5.0 102.0 1.0 0.0 0.0 0.0 4.0 0.0 17.0 24.0 2.0 0.0 0.0 18.0 0.0 0.0 0.0 29.0 6.0 0.0 10.0 28.0 0.0 1.0 0.0 0.0 0.0 0.0 0.0 0.0 0.0 0.0 0.0 68.0 6.0 0.0 0.0 0.0 0.0 0.0 4.0 43.0 5.0 0.0 0.0 21.0 16.0 4.0 4.0 14.0 1.0 0.0 0.0 18.0 
25_3_008_70
0.0 0.0 7.0 1.0 4.0 8.0 4.0 0.0 1.0 11.0 20.0 26.0 25.0 3.0 3.0 1.0 15.0 5.0 0.0 0.0 0.0 0.0 15.0 20.0 0.0 0.0 0.0 0.0 0.0 0.0 22.0 14.0 10.0 5.0 0.0 0.0 0.0 22.0 32.0 21.0 0.0 0.0 17.0 90.0 65.0 7.0 0.0 0.0 16.0 6.0 0.0 0.0 0.0 0.0 9.0 42.0 8.0 2.0 0.0 0.0 0.0 0.0 5.0 8.0 50.0 27.0 0.0 0.0 0.0 0.0 0.0 15.0 0.0 11.0 92.0 102.0 0.0 0.0 0.0 0.0 87.0 24.0 14.0 0.0 0.0 0.0 0.0 8.0 37.0 31.0 0.0 0.0 0.0 0.0 0.0 0.0 7.0 43.0 3.0 4.0 1.0 0.0 0.0 0.0 0.0 18.0 58.0 23.0 18.0 5.0 0.0 0.0 23.0 9.0 4.0 1.0 3.0 21.0 43.0 32.0 7.0 4.0 0.0 0.0 9.0 14.0 12.0 0.0 
25_3_008_71
0.0 0.0 0.0 5.0 44.0 34.0 2.0 1.0 4.0 0.0 0.0 3.0 25.0 49.0 20.0 6.0 50.0 0.0 0.0 0.0 0.0 0.0 10.0 102.0 51.0 0.0 0.0 0.0 0.0 0.0 0.0 27.0 0.0 0.0 0.0 0.0 15.0 70.0 9.0 0.0 0.0 0.0 2.0 39.0 40.0 19.0 0.0 0.0 2.0 0.0 0.0 0.0 0.0 0.0 16.0 75.0 62.0 0.0 0.0 0.0 0.0 0.0 0.0 21.0 0.0 0.0 33.0 17.0 6.0 6.0 0.0 0.0 0.0 0.0 23.0 58.0 2.0 10.0 7.0 0.0 0.0 2.0 7.0 0.0 0.0 1.0 37.0 29.0 18.0 5.0 4.0 0.0 0.0 0.0 3.0 51.0 0.0 0.0 15.0 13.0 15.0 41.0 1.0 0.0 0.0 0.0 0.0 0.0 10.0 37.0 19.0 0.0 0.0 1.0 11.0 29.0 2.0 3.0 0.0 0.0 21.0 12.0 16.0 1.0 0.0 0.0 0.0 5.0 
25_3_008_72
0.0 0.0 0.0 0.0 1.0 3.0 5.0 18.0 4.0 5.0 13.0 0.0 0.0 0.0 -6.0 40.0 3.0 37.0 24.0 0.0 0.0 0.0 8.0 8.0 3.0 5.0 0.0 0.0 0.0 0.0 21.0 31.0 0.0 0.0 0.0 15.0 30.0 6.0 12.0 1.0 0.0 0.0 32.0 39.0 1.0 0.0 6.0 2.0 8.0 3.0 0.0 0.0 0.0 0.0 -4.0 102.0 8.0 22.0 10.0 0.0 0.0 0.0 2.0 14.0 0.0 0.0 0.0 21.0 50.0 6.0 0.0 0.0 0.0 0.0 0.0 77.0 18.0 0.0 0.0 0.0 27.0 29.0 6.0 0.0 0.0 0.0 -8.0 43.0 10.0 80.0 28.0 0.0 0.0 0.0 0.0 0.0 0.0 0.0 0.0 5.0 58.0 8.0 0.0 0.0 0.0 0.0 0.0 39.0 85.0 1.0 0.0 0.0 7.0 37.0 15.0 47.0 34.0 0.0 0.0 2.0 9.0 19.0 20.0 2.0 5.0 3.0 3.0 2.0 
25_3_008_73
0.0 0.0 0.0 0.0 12.0 38.0 23.0 14.0 35.0 6.0 3.0 0.0 1.0 0.0 6.0 27.0 15.0 4.0 0.0 0.0 0.0 0.0 -9.0 30.0 -4.0 32.0 24.0 0.0 0.0 0.0 0.0 0.0 0.0 0.0 0.0 1.0 29.0 22.0 1.0 0.0 18.0 0.0 0.0 0.0 5.0 29.0 12.0 6.0 9.0 41.0 18.0 29.0 3.0 1.0 -3.0 0.0 -23.0 102.0 16.0 0.0 0.0 0.0 0.0 1.0 0.0 0.0 12.0 3.0 7.0 12.0 0.0 0.0 0.0 0.0 15.0 7.0 3.0 17.0 1.0 0.0 0.0 0.0 5.0 29.0 30.0 56.0 3.0 0.0 0.0 0.0 0.0 0.0 15.0 83.0 17.0 0.0 -1.0 3.0 6.0 0.0 1.0 11.0 9.0 0.0 20.0 0.0 4.0 2.0 0.0 14.0 15.0 15.0 0.0 0.0 0.0 0.0 7.0 39.0 4.0 17.0 0.0 3.0 19.0 3.0 10.0 30.0 0.0 0.0 
25_3_008_74
3.0 7.0 12.0 9.0 0.0 0.0 0.0 0.0 0.0 0.0 37.0 30.0 0.0 0.0 0.0 0.0 17.0 1.0 39.0 39.0 0.0 0.0 0.0 9.0 56.0 9.0 4.0 0.0 0.0 0.0 0.0 29.0 3.0 33.0 16.0 0.0 0.0 0.0 0.0 0.0 0.0 1.0 33.0 29.0 2.0 0.0 0.0 0.0 4.0 3.0 16.0 102.0 2.0 0.0 0.0 0.0 80.0 12.0 0.0 0.0 0.0 0.0 0.0 24.0 0.0 17.0 12.0 0.0 0.0 0.0 0.0 0.0 0.0 11.0 67.0 2.0 0.0 0.0 0.0 0.0 0.0 0.0 33.0 43.0 6.0 14.0 0.0 0.0 7.0 7.0 49.0 4.0 1.0 3.0 4.0 7.0 0.0 7.0 30.0 0.0 0.0 0.0 0.0 0.0 0.0 5.0 60.0 3.0 0.0 0.0 2.0 5.0 0.0 0.0 26.0 13.0 0.0 1.0 10.0 4.0 0.0 0.0 102.0 20.0 0.0 0.0 0.0 0.0 
25_3_008_75
0.0 1.0 7.0 9.0 2.0 0.0 0.0 0.0 5.0 25.0 44.0 16.0 0.0 0.0 0.0 0.0 38.0 35.0 6.0 0.0 0.0 0.0 0.0 29.0 0.0 0.0 8.0 58.0 12.0 0.0 0.0 0.0 0.0 0.0 5.0 26.0 7.0 0.0 0.0 0.0 0.0 0.0 16.0 102.0 0.0 0.0 0.0 1.0 24.0 19.0 4.0 0.0 0.0 0.0 2.0 51.0 6.0 27.0 41.0 6.0 0.0 0.0 0.0 1.0 9.0 13.0 12.0 11.0 0.0 0.0 0.0 0.0 0.0 0.0 4.0 52.0 24.0 0.0 0.0 0.0 0.0 0.0 12.0 37.0 26.0 17.0 8.0 1.0 11.0 9.0 7.0 0.0 6.0 12.0 8.0 19.0 48.0 6.0 0.0 0.0 0.0 0.0 0.0 13.0 2.0 0.0 4.0 22.0 2.0 0.0 0.0 2.0 0.0 0.0 0.0 0.0 5.0 23.0 37.0 22.0 0.0 0.0 0.0 15.0 69.0 55.0 1.0 0.0 
25_3_008_76
0.0 0.0 10.0 10.0 0.0 0.0 0.0 0.0 -40.0 102.0 37.0 8.0 0.0 0.0 0.0 0.0 6.0 12.0 18.0 24.0 7.0 0.0 0.0 -4.0 0.0 1.0 0.0 0.0 0.0 0.0 6.0 14.0 0.0 0.0 16.0 60.0 0.0 0.0 0.0 0.0 0.0 0.0 24.0 46.0 1.0 1.0 5.0 5.0 0.0 -1.0 20.0 25.0 1.0 0.0 0.0 0.0 1.0 0.0 0.0 0.0 0.0 0.0 5.0 33.0 0.0 0.0 12.0 81.0 1.0 0.0 0.0 0.0 0.0 0.0 2.0 20.0 6.0 3.0 11.0 0.0 0.0 0.0 1.0 34.0 8.0 1.0 8.0 3.0 1.0 0.0 0.0 1.0 0.0 0.0 14.0 8.0 0.0 0.0 22.0 47.0 0.0 0.0 0.0 0.0 -3.0 8.0 7.0 14.0 1.0 0.0 0.0 0.0 0.0 0.0 1.0 5.0 3.0 3.0 8.0 1.0 0.0 0.0 0.0 0.0 4.0 3.0 5.0 0.0 
25_3_008_77
0.0 0.0 20.0 21.0 5.0 0.0 0.0 0.0 8.0 1.0 5.0 1.0 0.0 3.0 -12.0 37.0 1.0 0.0 2.0 28.0 4.0 0.0 -7.0 21.0 1.0 0.0 0.0 0.0 0.0 0.0 -40.0 102.0 0.0 0.0 0.0 1.0 40.0 16.0 0.0 0.0 0.0 0.0 3.0 25.0 17.0 37.0 0.0 2.0 0.0 0.0 8.0 23.0 6.0 2.0 4.0 5.0 0.0 0.0 0.0 0.0 0.0 0.0 18.0 49.0 0.0 0.0 0.0 14.0 23.0 9.0 0.0 0.0 0.0 0.0 7.0 35.0 15.0 5.0 0.0 0.0 0.0 0.0 0.0 0.0 18.0 25.0 15.0 1.0 3.0 2.0 1.0 0.0 0.0 5.0 30.0 13.0 12.0 6.0 12.0 8.0 0.0 0.0 0.0 -5.0 0.0 0.0 0.0 10.0 9.0 4.0 0.0 0.0 0.0 0.0 0.0 2.0 14.0 2.0 1.0 0.0 8.0 0.0 0.0 0.0 0.0 1.0 -2.0 8.0 
25_3_008_78
0.0 0.0 0.0 0.0 0.0 0.0 0.0 0.0 0.0 0.0 1.0 61.0 1.0 0.0 0.0 0.0 0.0 0.0 0.0 13.0 15.0 6.0 3.0 3.0 6.0 6.0 1.0 1.0 1.0 4.0 2.0 2.0 0.0 0.0 0.0 0.0 0.0 0.0 0.0 0.0 0.0 0.0 13.0 91.0 0.0 0.0 0.0 0.0 12.0 1.0 0.0 0.0 0.0 7.0 2.0 13.0 0.0 0.0 7.0 13.0 4.0 10.0 0.0 0.0 0.0 1.0 0.0 0.0 0.0 0.0 0.0 0.0 0.0 0.0 9.0 102.0 0.0 0.0 0.0 0.0 5.0 1.0 5.0 0.0 0.0 0.0 0.0 26.0 0.0 0.0 49.0 5.0 0.0 0.0 0.0 0.0 0.0 0.0 0.0 0.0 0.0 0.0 0.0 0.0 0.0 0.0 1.0 63.0 20.0 0.0 0.0 0.0 2.0 4.0 11.0 2.0 7.0 9.0 0.0 2.0 0.0 0.0 17.0 19.0 1.0 0.0 0.0 0.0 
25_3_008_79
0.0 0.0 0.0 0.0 0.0 5.0 39.0 37.0 -6.0 25.0 23.0 21.0 3.0 4.0 -1.0 10.0 -23.0 101.0 0.0 0.0 0.0 0.0 0.0 -2.0 -2.0 3.0 25.0 19.0 5.0 0.0 0.0 0.0 0.0 0.0 0.0 0.0 0.0 0.0 -16.0 74.0 3.0 6.0 30.0 102.0 0.0 0.0 0.0 -2.0 5.0 33.0 4.0 2.0 0.0 0.0 -3.0 2.0 -13.0 40.0 5.0 1.0 0.0 1.0 0.0 0.0 0.0 0.0 0.0 0.0 0.0 0.0 3.0 24.0 0.0 2.0 13.0 78.0 9.0 0.0 0.0 0.0 0.0 0.0 0.0 4.0 28.0 21.0 6.0 1.0 0.0 0.0 0.0 1.0 5.0 18.0 21.0 3.0 6.0 2.0 1.0 0.0 0.0 0.0 0.0 2.0 0.0 0.0 1.0 31.0 16.0 0.0 0.0 0.0 0.0 0.0 0.0 0.0 8.0 3.0 0.0 14.0 0.0 0.0 0.0 0.0 0.0 27.0 9.0 4.0 
25_3_008_80
11.0 0.0 0.0 0.0 0.0 1.0 1.0 21.0 0.0 0.0 0.0 18.0 11.0 0.0 0.0 0.0 0.0 0.0 16.0 40.0 3.0 0.0 0.0 0.0 13.0 7.0 4.0 0.0 0.0 0.0 0.0 3.0 20.0 0.0 0.0 0.0 0.0 1.0 2.0 57.0 0.0 0.0 0.0 9.0 27.0 4.0 1.0 0.0 0.0 0.0 10.0 102.0 8.0 1.0 0.0 0.0 3.0 5.0 1.0 2.0 3.0 4.0 1.0 2.0 3.0 0.0 0.0 0.0 2.0 2.0 29.0 36.0 4.0 4.0 20.0 6.0 7.0 4.0 0.0 0.0 0.0 0.0 7.0 46.0 31.0 33.0 0.0 0.0 0.0 0.0 0.0 6.0 30.0 8.0 0.0 0.0 0.0 0.0 0.0 0.0 0.0 5.0 32.0 3.0 0.0 0.0 0.0 0.0 13.0 19.0 1.0 0.0 0.0 0.0 0.0 1.0 27.0 28.0 1.0 0.0 0.0 0.0 0.0 23.0 56.0 0.0 0.0 0.0 
25_3_008_81
0.0 0.0 12.0 63.0 2.0 0.0 0.0 0.0 0.0 0.0 7.0 40.0 4.0 2.0 0.0 0.0 0.0 1.0 0.0 0.0 3.0 12.0 3.0 0.0 0.0 0.0 0.0 0.0 0.0 1.0 7.0 8.0 0.0 0.0 10.0 102.0 0.0 0.0 0.0 0.0 0.0 0.0 8.0 23.0 0.0 0.0 18.0 14.0 0.0 1.0 2.0 24.0 9.0 5.0 0.0 0.0 0.0 0.0 0.0 0.0 0.0 0.0 -3.0 24.0 0.0 0.0 2.0 101.0 2.0 0.0 0.0 0.0 4.0 0.0 0.0 14.0 5.0 0.0 2.0 21.0 0.0 0.0 14.0 37.0 0.0 0.0 0.0 0.0 0.0 0.0 0.0 0.0 0.0 0.0 -6.0 29.0 0.0 0.0 0.0 62.0 11.0 0.0 0.0 0.0 1.0 0.0 0.0 14.0 12.0 1.0 0.0 0.0 1.0 -1.0 7.0 22.0 0.0 0.0 0.0 0.0 0.0 0.0 0.0 0.0 0.0 0.0 -3.0 19.0 
25_3_008_82
0.0 0.0 0.0 0.0 0.0 0.0 0.0 0.0 0.0 0.0 7.0 74.0 0.0 0.0 0.0 0.0 8.0 0.0 6.0 3.0 0.0 2.0 1.0 16.0 0.0 0.0 8.0 6.0 3.0 6.0 0.0 0.0 0.0 1.0 0.0 0.0 0.0 0.0 0.0 0.0 0.0 0.0 12.0 102.0 0.0 0.0 0.0 0.0 4.0 1.0 2.0 6.0 0.0 0.0 0.0 26.0 0.0 0.0 53.0 5.0 0.0 0.0 0.0 0.0 0.0 1.0 0.0 0.0 0.0 0.0 0.0 0.0 0.0 0.0 0.0 77.0 28.0 0.0 0.0 0.0 2.0 5.0 7.0 4.0 21.0 14.0 0.0 2.0 0.0 0.0 22.0 25.0 8.0 0.0 0.0 0.0 0.0 0.0 0.0 0.0 0.0 0.0 0.0 0.0 0.0 0.0 0.0 2.0 16.0 3.0 0.0 0.0 0.0 0.0 0.0 4.0 23.0 48.0 2.0 0.0 0.0 1.0 3.0 70.0 28.0 0.0 0.0 0.0 
25_3_008_83
0.0 0.0 4.0 8.0 12.0 3.0 0.0 0.0 0.0 5.0 13.0 7.0 0.0 0.0 0.0 0.0 0.0 1.0 36.0 33.0 0.0 0.0 0.0 0.0 2.0 10.0 1.0 0.0 0.0 0.0 4.0 14.0 0.0 3.0 33.0 13.0 5.0 0.0 0.0 0.0 1.0 12.0 20.0 28.0 1.0 0.0 0.0 0.0 0.0 8.0 52.0 52.0 0.0 0.0 0.0 0.0 7.0 5.0 0.0 0.0 0.0 0.0 -30.0 102.0 2.0 61.0 47.0 6.0 0.0 0.0 0.0 0.0 4.0 30.0 33.0 13.0 0.0 2.0 3.0 0.0 0.0 1.0 76.0 38.0 0.0 0.0 1.0 4.0 2.0 0.0 0.0 0.0 0.0 0.0 26.0 75.0 0.0 4.0 10.0 15.0 21.0 5.0 23.0 18.0 0.0 0.0 26.0 58.0 2.0 7.0 37.0 11.0 0.0 0.0 12.0 30.0 0.0 0.0 25.0 14.0 0.0 0.0 0.0 0.0 0.0 2.0 75.0 33.0 
25_3_008_84
0.0 0.0 2.0 3.0 6.0 0.0 0.0 0.0 0.0 0.0 3.0 47.0 12.0 0.0 0.0 0.0 7.0 5.0 7.0 9.0 1.0 0.0 -13.0 32.0 30.0 0.0 0.0 0.0 0.0 0.0 -11.0 28.0 0.0 0.0 2.0 6.0 20.0 5.0 0.0 0.0 0.0 0.0 8.0 39.0 24.0 0.0 0.0 0.0 0.0 8.0 19.0 55.0 19.0 0.0 0.0 0.0 38.0 0.0 0.0 0.0 0.0 0.0 -25.0 85.0 0.0 0.0 12.0 33.0 3.0 0.0 0.0 0.0 0.0 12.0 35.0 34.0 3.0 0.0 0.0 0.0 0.0 0.0 15.0 77.0 22.0 1.0 0.0 0.0 0.0 0.0 0.0 0.0 0.0 0.0 -14.0 102.0 0.0 0.0 38.0 44.0 1.0 0.0 0.0 0.0 1.0 16.0 47.0 2.0 3.0 0.0 -6.0 45.0 0.0 0.0 0.0 61.0 39.0 0.0 12.0 14.0 0.0 0.0 0.0 4.0 2.0 0.0 3.0 75.0 
25_3_008_85
0.0 0.0 0.0 0.0 0.0 16.0 74.0 1.0 0.0 0.0 0.0 0.0 0.0 10.0 41.0 1.0 0.0 0.0 8.0 1.0 0.0 3.0 12.0 1.0 4.0 15.0 31.0 2.0 0.0 0.0 0.0 -1.0 0.0 0.0 0.0 0.0 0.0 40.0 29.0 0.0 0.0 0.0 0.0 0.0 6.0 47.0 46.0 1.0 0.0 0.0 36.0 70.0 32.0 2.0 0.0 0.0 0.0 8.0 7.0 2.0 5.0 12.0 34.0 8.0 0.0 0.0 0.0 0.0 0.0 74.0 48.0 0.0 0.0 0.0 5.0 9.0 46.0 36.0 2.0 9.0 0.0 0.0 12.0 97.0 17.0 8.0 23.0 5.0 0.0 0.0 0.0 14.0 14.0 12.0 71.0 9.0 0.0 0.0 0.0 0.0 1.0 16.0 40.0 24.0 0.0 0.0 0.0 48.0 102.0 10.0 0.0 0.0 2.0 0.0 4.0 81.0 14.0 0.0 -3.0 53.0 0.0 0.0 0.0 5.0 5.0 2.0 8.0 27.0 
25_3_008_86
0.0 0.0 0.0 5.0 0.0 0.0 9.0 13.0 9.0 -1.0 7.0 7.0 22.0 14.0 1.0 1.0 24.0 5.0 4.0 0.0 0.0 0.0 -9.0 49.0 0.0 0.0 0.0 0.0 0.0 0.0 15.0 73.0 0.0 -1.0 3.0 0.0 0.0 0.0 8.0 53.0 0.0 -12.0 39.0 77.0 23.0 2.0 9.0 13.0 0.0 -7.0 20.0 0.0 0.0 0.0 24.0 93.0 0.0 0.0 0.0 0.0 0.0 0.0 17.0 92.0 0.0 0.0 1.0 0.0 0.0 0.0 5.0 64.0 -4.0 -25.0 102.0 30.0 4.0 2.0 -1.0 14.0 0.0 0.0 0.0 0.0 0.0 1.0 45.0 73.0 0.0 0.0 0.0 0.0 0.0 0.0 23.0 64.0 0.0 0.0 0.0 0.0 0.0 0.0 -1.0 42.0 0.0 -5.0 16.0 4.0 10.0 22.0 16.0 0.0 0.0 0.0 0.0 0.0 0.0 14.0 58.0 39.0 0.0 0.0 0.0 0.0 0.0 1.0 16.0 18.0 
25_3_008_87
0.0 0.0 32.0 62.0 0.0 0.0 0.0 0.0 0.0 1.0 5.0 1.0 0.0 9.0 47.0 6.0 3.0 0.0 0.0 0.0 0.0 4.0 69.0 24.0 0.0 0.0 0.0 0.0 0.0 6.0 36.0 22.0 0.0 0.0 27.0 33.0 1.0 0.0 13.0 5.0 0.0 0.0 15.0 30.0 0.0 3.0 42.0 17.0 102.0 10.0 0.0 0.0 0.0 0.0 0.0 27.0 38.0 0.0 0.0 0.0 0.0 0.0 0.0 40.0 0.0 0.0 1.0 6.0 1.0 1.0 40.0 33.0 0.0 0.0 0.0 46.0 25.0 6.0 15.0 7.0 0.0 0.0 0.0 0.0 0.0 59.0 70.0 14.0 5.0 0.0 0.0 0.0 0.0 0.0 18.0 68.0 0.0 0.0 0.0 0.0 5.0 13.0 26.0 6.0 0.0 0.0 0.0 16.0 11.0 0.0 2.0 2.0 26.0 5.0 0.0 0.0 0.0 0.0 4.0 14.0 13.0 0.0 0.0 0.0 0.0 0.0 0.0 30.0 
25_3_008_88
0.0 0.0 0.0 0.0 0.0 0.0 0.0 0.0 0.0 0.0 12.0 71.0 0.0 0.0 0.0 0.0 0.0 0.0 4.0 37.0 3.0 0.0 1.0 2.0 0.0 4.0 10.0 11.0 0.0 0.0 -2.0 10.0 1.0 0.0 0.0 0.0 0.0 0.0 0.0 0.0 0.0 1.0 16.0 102.0 0.0 0.0 0.0 0.0 0.0 0.0 3.0 20.0 9.0 1.0 0.0 0.0 0.0 0.0 12.0 24.0 0.0 0.0 0.0 0.0 4.0 0.0 0.0 0.0 0.0 0.0 -1.0 4.0 2.0 0.0 1.0 62.0 38.0 0.0 0.0 0.0 0.0 0.0 3.0 29.0 28.0 0.0 0.0 0.0 0.0 0.0 16.0 22.0 0.0 0.0 0.0 0.0 3.0 0.0 0.0 0.0 0.0 0.0 0.0 0.0 0.0 0.0 0.0 7.0 8.0 0.0 0.0 0.0 0.0 0.0 3.0 77.0 43.0 0.0 0.0 0.0 0.0 0.0 2.0 10.0 0.0 0.0 1.0 0.0 
25_3_008_89
0.0 2.0 0.0 1.0 3.0 0.0 0.0 0.0 1.0 16.0 31.0 0.0 0.0 0.0 0.0 0.0 0.0 0.0 102.0 88.0 0.0 0.0 0.0 0.0 1.0 0.0 0.0 0.0 0.0 0.0 0.0 8.0 0.0 16.0 85.0 6.0 0.0 0.0 0.0 0.0 0.0 42.0 74.0 6.0 0.0 0.0 0.0 0.0 0.0 0.0 26.0 71.0 3.0 0.0 0.0 0.0 0.0 0.0 0.0 0.0 0.0 0.0 5.0 19.0 0.0 6.0 37.0 14.0 2.0 1.0 0.0 0.0 0.0 0.0 19.0 23.0 3.0 0.0 0.0 0.0 0.0 0.0 21.0 50.0 0.0 0.0 0.0 0.0 0.0 0.0 0.0 0.0 0.0 0.0 14.0 19.0 1.0 32.0 21.0 3.0 0.0 0.0 0.0 0.0 13.0 15.0 2.0 20.0 1.0 0.0 13.0 9.0 0.0 0.0 2.0 35.0 0.0 0.0 2.0 3.0 0.0 0.0 0.0 0.0 0.0 0.0 12.0 19.0 
25_3_008_90
5.0 0.0 0.0 5.0 5.0 0.0 -12.0 27.0 0.0 0.0 8.0 41.0 1.0 0.0 -2.0 6.0 3.0 2.0 2.0 0.0 0.0 0.0 -27.0 102.0 1.0 0.0 0.0 0.0 0.0 0.0 -18.0 67.0 0.0 8.0 26.0 5.0 0.0 0.0 -12.0 32.0 0.0 0.0 5.0 61.0 3.0 0.0 -11.0 38.0 0.0 0.0 2.0 2.0 0.0 0.0 -1.0 77.0 7.0 0.0 0.0 0.0 0.0 0.0 -15.0 85.0 0.0 0.0 0.0 0.0 24.0 32.0 3.0 0.0 7.0 1.0 15.0 45.0 0.0 0.0 -3.0 21.0 0.0 0.0 1.0 1.0 0.0 0.0 -10.0 84.0 1.0 0.0 0.0 0.0 0.0 0.0 -29.0 95.0 0.0 1.0 26.0 21.0 6.0 1.0 0.0 0.0 0.0 0.0 14.0 15.0 4.0 3.0 0.0 0.0 0.0 0.0 0.0 0.0 0.0 0.0 28.0 30.0 0.0 0.0 0.0 0.0 0.0 0.0 1.0 41.0 
25_3_008_91
0.0 0.0 0.0 2.0 6.0 0.0 0.0 0.0 0.0 0.0 0.0 49.0 96.0 0.0 0.0 0.0 0.0 0.0 0.0 7.0 42.0 8.0 0.0 0.0 5.0 0.0 0.0 0.0 1.0 1.0 -4.0 10.0 0.0 1.0 5.0 1.0 0.0 0.0 0.0 0.0 0.0 0.0 10.0 102.0 2.0 0.0 0.0 0.0 0.0 0.0 1.0 15.0 34.0 10.0 0.0 0.0 0.0 0.0 0.0 3.0 47.0 4.0 0.0 0.0 0.0 1.0 0.0 0.0 0.0 2.0 0.0 1.0 0.0 0.0 2.0 88.0 27.0 0.0 0.0 0.0 0.0 0.0 0.0 9.0 17.0 4.0 2.0 0.0 5.0 7.0 14.0 6.0 17.0 4.0 0.0 0.0 0.0 0.0 0.0 0.0 1.0 0.0 0.0 0.0 0.0 0.0 0.0 14.0 22.0 0.0 0.0 0.0 0.0 0.0 7.0 38.0 42.0 0.0 0.0 0.0 0.0 0.0 10.0 25.0 7.0 0.0 -4.0 9.0 
25_3_008_92
0.0 0.0 0.0 0.0 0.0 0.0 0.0 0.0 0.0 0.0 0.0 3.0 1.0 0.0 0.0 0.0 0.0 0.0 22.0 62.0 0.0 0.0 0.0 0.0 1.0 2.0 0.0 0.0 0.0 0.0 1.0 6.0 0.0 0.0 0.0 0.0 0.0 0.0 0.0 0.0 0.0 0.0 0.0 10.0 0.0 0.0 0.0 0.0 0.0 0.0 14.0 102.0 0.0 0.0 0.0 0.0 0.0 0.0 0.0 0.0 0.0 0.0 6.0 18.0 0.0 0.0 0.0 0.0 0.0 0.0 0.0 0.0 0.0 0.0 2.0 14.0 0.0 0.0 0.0 0.0 1.0 1.0 17.0 92.0 0.0 0.0 0.0 0.0 4.0 0.0 0.0 0.0 0.0 0.0 0.0 28.0 0.0 0.0 0.0 0.0 0.0 0.0 0.0 0.0 0.0 0.0 2.0 17.0 0.0 0.0 0.0 0.0 2.0 0.0 4.0 80.0 0.0 0.0 0.0 0.0 3.0 0.0 0.0 0.0 0.0 0.0 0.0 29.0 
25_3_008_93
2.0 0.0 0.0 0.0 0.0 0.0 0.0 0.0 0.0 0.0 2.0 86.0 6.0 0.0 0.0 0.0 0.0 0.0 1.0 10.0 0.0 0.0 0.0 0.0 0.0 0.0 3.0 0.0 0.0 0.0 0.0 0.0 0.0 0.0 0.0 6.0 5.0 2.0 0.0 0.0 0.0 0.0 9.0 102.0 0.0 0.0 0.0 0.0 0.0 0.0 2.0 15.0 2.0 0.0 0.0 0.0 0.0 0.0 1.0 4.0 1.0 0.0 0.0 0.0 0.0 0.0 0.0 13.0 12.0 0.0 0.0 0.0 0.0 0.0 4.0 96.0 14.0 0.0 0.0 0.0 0.0 0.0 6.0 14.0 1.0 0.0 0.0 0.0 0.0 0.0 5.0 1.0 0.0 0.0 0.0 0.0 0.0 0.0 0.0 11.0 9.0 0.0 0.0 0.0 0.0 0.0 0.0 62.0 22.0 0.0 0.0 0.0 0.0 0.0 0.0 30.0 6.0 0.0 0.0 0.0 0.0 0.0 0.0 0.0 1.0 1.0 0.0 0.0 
25_3_008_94
3.0 2.0 8.0 3.0 2.0 0.0 1.0 6.0 2.0 8.0 7.0 1.0 4.0 8.0 2.0 0.0 21.0 9.0 0.0 2.0 0.0 0.0 0.0 0.0 9.0 13.0 11.0 0.0 0.0 0.0 0.0 0.0 0.0 0.0 0.0 1.0 20.0 14.0 0.0 0.0 0.0 0.0 0.0 0.0 18.0 16.0 15.0 4.0 7.0 21.0 16.0 68.0 12.0 0.0 0.0 0.0 15.0 31.0 23.0 0.0 0.0 0.0 0.0 8.0 0.0 0.0 0.0 13.0 2.0 1.0 0.0 0.0 2.0 7.0 15.0 19.0 8.0 2.0 0.0 3.0 0.0 0.0 33.0 102.0 12.0 0.0 0.0 0.0 28.0 6.0 0.0 5.0 2.0 0.0 0.0 23.0 0.0 0.0 0.0 4.0 5.0 1.0 0.0 0.0 0.0 0.0 0.0 20.0 20.0 1.0 2.0 0.0 0.0 0.0 0.0 24.0 65.0 7.0 0.0 0.0 4.0 0.0 0.0 1.0 44.0 9.0 0.0 4.0 
25_3_008_95
0.0 0.0 87.0 29.0 0.0 0.0 0.0 0.0 0.0 0.0 4.0 5.0 0.0 6.0 95.0 8.0 10.0 3.0 31.0 19.0 6.0 7.0 13.0 13.0 51.0 0.0 0.0 0.0 1.0 19.0 29.0 35.0 0.0 0.0 10.0 14.0 1.0 8.0 53.0 6.0 0.0 0.0 18.0 62.0 2.0 2.0 68.0 22.0 20.0 4.0 26.0 32.0 10.0 44.0 3.0 0.0 38.0 1.0 0.0 0.0 0.0 4.0 24.0 102.0 0.0 0.0 0.0 0.0 1.0 25.0 56.0 5.0 0.0 0.0 7.0 60.0 6.0 3.0 8.0 5.0 17.0 6.0 0.0 0.0 6.0 96.0 31.0 30.0 0.0 0.0 0.0 0.0 2.0 30.0 49.0 19.0 0.0 0.0 0.0 5.0 20.0 18.0 2.0 0.0 0.0 0.0 1.0 20.0 16.0 1.0 0.0 0.0 27.0 5.0 0.0 0.0 1.0 1.0 2.0 14.0 8.0 0.0 0.0 0.0 0.0 0.0 5.0 44.0 
25_3_008_96
0.0 0.0 0.0 0.0 0.0 0.0 0.0 0.0 0.0 0.0 0.0 0.0 0.0 0.0 0.0 3.0 0.0 0.0 24.0 77.0 0.0 0.0 0.0 0.0 0.0 0.0 0.0 7.0 1.0 1.0 4.0 12.0 0.0 0.0 0.0 0.0 0.0 0.0 0.0 0.0 0.0 0.0 1.0 7.0 0.0 0.0 0.0 0.0 0.0 0.0 6.0 102.0 2.0 0.0 0.0 0.0 2.0 0.0 0.0 2.0 4.0 0.0 -1.0 4.0 3.0 0.0 0.0 0.0 0.0 0.0 0.0 -1.0 0.0 0.0 4.0 19.0 1.0 0.0 0.0 0.0 0.0 0.0 12.0 83.0 3.0 0.0 0.0 0.0 0.0 0.0 2.0 11.0 4.0 0.0 0.0 0.0 3.0 0.0 0.0 0.0 0.0 0.0 0.0 0.0 3.0 0.0 0.0 6.0 1.0 0.0 -1.0 3.0 0.0 0.0 0.0 38.0 48.0 0.0 0.0 0.0 0.0 0.0 5.0 18.0 2.0 0.0 0.0 0.0 
25_3_008_97
0.0 0.0 0.0 0.0 0.0 0.0 0.0 0.0 0.0 1.0 0.0 0.0 0.0 0.0 0.0 0.0 0.0 0.0 26.0 81.0 0.0 0.0 0.0 0.0 3.0 0.0 2.0 5.0 0.0 0.0 3.0 28.0 0.0 0.0 0.0 0.0 0.0 0.0 0.0 0.0 0.0 0.0 1.0 8.0 0.0 0.0 0.0 0.0 0.0 0.0 40.0 102.0 0.0 1.0 0.0 0.0 2.0 5.0 4.0 0.0 0.0 0.0 7.0 25.0 0.0 1.0 0.0 0.0 0.0 0.0 0.0 0.0 1.0 1.0 1.0 8.0 1.0 0.0 0.0 0.0 0.0 0.0 0.0 75.0 50.0 2.0 0.0 0.0 0.0 7.0 11.0 1.0 8.0 23.0 1.0 1.0 0.0 0.0 0.0 0.0 0.0 0.0 0.0 0.0 0.0 0.0 0.0 1.0 0.0 0.0 0.0 0.0 0.0 0.0 0.0 0.0 26.0 19.0 0.0 0.0 0.0 0.0 0.0 33.0 17.0 37.0 1.0 0.0 
25_3_008_98
28.0 0.0 0.0 0.0 0.0 0.0 1.0 35.0 1.0 0.0 0.0 63.0 55.0 0.0 0.0 0.0 7.0 1.0 0.0 0.0 0.0 0.0 10.0 57.0 27.0 0.0 0.0 0.0 0.0 0.0 0.0 65.0 28.0 0.0 0.0 0.0 0.0 0.0 0.0 36.0 12.0 1.0 12.0 75.0 6.0 0.0 0.0 8.0 2.0 0.0 0.0 0.0 0.0 6.0 16.0 24.0 14.0 0.0 0.0 0.0 0.0 1.0 8.0 102.0 14.0 0.0 0.0 4.0 2.0 0.0 0.0 12.0 27.0 0.0 1.0 8.0 15.0 5.0 0.0 16.0 0.0 0.0 0.0 0.0 0.0 15.0 46.0 8.0 0.0 0.0 0.0 0.0 0.0 2.0 14.0 65.0 0.0 0.0 0.0 8.0 1.0 0.0 0.0 0.0 15.0 0.0 0.0 0.0 0.0 0.0 0.0 42.0 4.0 3.0 0.0 0.0 0.0 0.0 0.0 7.0 0.0 0.0 0.0 0.0 0.0 0.0 23.0 47.0 
25_3_008_99
-3.0 8.0 7.0 12.0 12.0 3.0 0.0 0.0 14.0 2.0 0.0 3.0 18.0 25.0 0.0 -6.0 5.0 15.0 0.0 0.0 1.0 28.0 1.0 -2.0 39.0 1.0 0.0 0.0 0.0 16.0 1.0 -16.0 0.0 0.0 0.0 0.0 24.0 37.0 13.0 0.0 0.0 0.0 2.0 26.0 23.0 53.0 13.0 0.0 17.0 1.0 0.0 1.0 0.0 59.0 10.0 11.0 27.0 0.0 0.0 0.0 7.0 83.0 2.0 1.0 0.0 0.0 0.0 1.0 5.0 9.0 11.0 0.0 0.0 0.0 1.0 23.0 23.0 20.0 4.0 0.0 10.0 2.0 2.0 41.0 41.0 19.0 0.0 -5.0 102.0 18.0 6.0 4.0 0.0 0.0 2.0 -24.0 0.0 0.0 0.0 0.0 0.0 4.0 19.0 5.0 0.0 0.0 0.0 0.0 25.0 15.0 1.0 0.0 0.0 0.0 0.0 11.0 62.0 12.0 0.0 0.0 0.0 0.0 0.0 0.0 26.0 36.0 37.0 3.0 
25_3_008_100
0.0 2.0 3.0 3.0 10.0 2.0 0.0 0.0 0.0 0.0 7.0 23.0 19.0 2.0 0.0 0.0 0.0 0.0 15.0 35.0 31.0 0.0 0.0 0.0 29.0 7.0 11.0 2.0 0.0 0.0 -2.0 3.0 0.0 0.0 11.0 27.0 12.0 4.0 0.0 0.0 0.0 20.0 25.0 17.0 8.0 0.0 0.0 0.0 0.0 15.0 21.0 75.0 24.0 0.0 0.0 0.0 1.0 0.0 4.0 19.0 2.0 0.0 -6.0 28.0 0.0 0.0 14.0 25.0 7.0 0.0 0.0 0.0 0.0 16.0 65.0 36.0 13.0 0.0 0.0 0.0 1.0 0.0 1.0 17.0 36.0 8.0 10.0 24.0 0.0 0.0 0.0 42.0 27.0 0.0 -1.0 12.0 0.0 0.0 31.0 55.0 9.0 0.0 0.0 0.0 12.0 7.0 38.0 17.0 15.0 17.0 0.0 8.0 0.0 0.0 0.0 23.0 12.0 0.0 7.0 102.0 0.0 0.0 2.0 73.0 20.0 0.0 0.0 2.0 
25_3_008_101
8.0 0.0 0.0 0.0 0.0 0.0 1.0 8.0 0.0 0.0 1.0 67.0 9.0 0.0 0.0 0.0 4.0 0.0 0.0 0.0 0.0 3.0 21.0 60.0 0.0 0.0 1.0 49.0 27.0 0.0 0.0 0.0 3.0 0.0 0.0 0.0 0.0 0.0 2.0 15.0 0.0 0.0 8.0 65.0 7.0 0.0 0.0 0.0 30.0 6.0 2.0 0.0 0.0 5.0 32.0 60.0 0.0 0.0 11.0 82.0 16.0 0.0 0.0 0.0 35.0 4.0 0.0 0.0 0.0 0.0 0.0 7.0 1.0 5.0 23.0 86.0 0.0 0.0 0.0 0.0 102.0 34.0 4.0 2.0 0.0 0.0 0.0 12.0 2.0 26.0 40.0 30.0 0.0 0.0 0.0 0.0 35.0 4.0 0.0 0.0 0.0 0.0 0.0 0.0 9.0 8.0 10.0 59.0 0.0 0.0 0.0 0.0 15.0 29.0 18.0 45.0 4.0 0.0 0.0 0.0 31.0 25.0 1.0 0.0 0.0 0.0 0.0 16.0 
25_3_008_102
0.0 0.0 0.0 5.0 6.0 2.0 0.0 0.0 0.0 0.0 6.0 3.0 12.0 20.0 0.0 0.0 0.0 0.0 3.0 14.0 37.0 5.0 0.0 0.0 4.0 0.0 0.0 0.0 15.0 8.0 0.0 0.0 0.0 0.0 0.0 2.0 10.0 11.0 2.0 0.0 0.0 0.0 9.0 13.0 18.0 6.0 0.0 0.0 4.0 1.0 4.0 11.0 15.0 0.0 -1.0 13.0 0.0 0.0 0.0 0.0 35.0 16.0 -2.0 22.0 0.0 0.0 0.0 11.0 6.0 1.0 3.0 0.0 0.0 0.0 0.0 17.0 15.0 2.0 0.0 0.0 11.0 1.0 22.0 54.0 6.0 0.0 0.0 -4.0 20.0 0.0 0.0 0.0 0.0 0.0 -39.0 102.0 0.0 0.0 0.0 0.0 5.0 5.0 0.0 0.0 0.0 0.0 0.0 16.0 20.0 3.0 0.0 0.0 0.0 0.0 0.0 11.0 32.0 27.0 3.0 0.0 0.0 0.0 0.0 2.0 5.0 30.0 11.0 2.0 
25_3_008_103
1.0 3.0 0.0 0.0 3.0 51.0 7.0 2.0 15.0 4.0 13.0 6.0 3.0 11.0 9.0 2.0 5.0 71.0 25.0 4.0 0.0 0.0 0.0 0.0 17.0 94.0 0.0 0.0 0.0 0.0 0.0 0.0 17.0 2.0 0.0 0.0 0.0 0.0 0.0 6.0 0.0 2.0 40.0 55.0 0.0 0.0 0.0 0.0 7.0 7.0 1.0 10.0 17.0 14.0 12.0 9.0 3.0 5.0 0.0 0.0 28.0 102.0 10.0 0.0 50.0 33.0 0.0 0.0 0.0 0.0 0.0 2.0 11.0 31.0 5.0 15.0 22.0 6.0 0.0 0.0 19.0 18.0 0.0 0.0 0.0 11.0 42.0 20.0 17.0 58.0 0.0 0.0 0.0 9.0 13.0 6.0 3.0 1.0 0.0 0.0 0.0 14.0 3.0 0.0 5.0 4.0 0.0 0.0 0.0 14.0 2.0 0.0 6.0 10.0 0.0 0.0 0.0 13.0 2.0 0.0 1.0 21.0 0.0 0.0 2.0 3.0 0.0 0.0 
25_3_008_104
2.0 102.0 26.0 0.0 0.0 3.0 27.0 10.0 4.0 42.0 54.0 20.0 0.0 0.0 0.0 1.0 0.0 68.0 66.0 0.0 12.0 20.0 0.0 0.0 6.0 75.0 4.0 0.0 0.0 57.0 20.0 0.0 2.0 0.0 0.0 6.0 9.0 21.0 27.0 2.0 0.0 2.0 21.0 92.0 18.0 0.0 0.0 0.0 6.0 14.0 1.0 0.0 3.0 34.0 39.0 61.0 3.0 20.0 8.0 0.0 0.0 64.0 75.0 17.0 28.0 56.0 2.0 0.0 0.0 0.0 0.0 0.0 0.0 38.0 13.0 43.0 39.0 10.0 0.0 0.0 9.0 39.0 15.0 0.0 1.0 18.0 28.0 22.0 5.0 77.0 32.0 0.0 0.0 0.0 0.0 0.0 19.0 37.0 0.0 0.0 0.0 1.0 16.0 6.0 3.0 38.0 0.0 0.0 0.0 11.0 11.0 1.0 0.0 4.0 3.0 0.0 0.0 12.0 17.0 0.0 0.0 0.0 0.0 0.0 0.0 20.0 9.0 0.0 
25_3_008_105
3.0 13.0 9.0 0.0 0.0 0.0 0.0 -2.0 0.0 9.0 14.0 0.0 0.0 4.0 3.0 0.0 0.0 6.0 9.0 1.0 3.0 36.0 2.0 0.0 0.0 0.0 7.0 6.0 16.0 41.0 0.0 0.0 0.0 0.0 0.0 0.0 3.0 50.0 25.0 0.0 1.0 15.0 17.0 13.0 9.0 26.0 15.0 -1.0 27.0 0.0 0.0 0.0 0.0 27.0 -11.0 68.0 0.0 0.0 0.0 0.0 18.0 38.0 1.0 0.0 0.0 33.0 52.0 7.0 7.0 24.0 13.0 0.0 9.0 18.0 35.0 54.0 6.0 6.0 0.0 -3.0 0.0 0.0 0.0 0.0 0.0 1.0 -2.0 102.0 0.0 16.0 32.0 0.0 1.0 0.0 -9.0 24.0 -15.0 87.0 11.0 0.0 4.0 51.0 4.0 0.0 11.0 25.0 0.0 0.0 0.0 46.0 50.0 -1.0 0.0 0.0 0.0 0.0 2.0 30.0 50.0 15.0 0.0 0.0 14.0 6.0 6.0 74.0 30.0 0.0 
25_3_008_106
-12.0 34.0 4.0 0.0 0.0 0.0 0.0 0.0 23.0 11.0 0.0 0.0 1.0 0.0 0.0 -12.0 17.0 2.0 0.0 1.0 37.0 7.0 0.0 -6.0 1.0 0.0 0.0 1.0 48.0 8.0 0.0 0.0 -1.0 4.0 8.0 7.0 2.0 0.0 0.0 0.0 -2.0 13.0 1.0 0.0 1.0 21.0 16.0 0.0 46.0 22.0 3.0 25.0 22.0 5.0 0.0 -23.0 102.0 6.0 0.0 0.0 18.0 0.0 0.0 -33.0 0.0 0.0 0.0 1.0 19.0 26.0 0.0 0.0 0.0 0.0 4.0 5.0 2.0 11.0 22.0 8.0 0.0 0.0 10.0 81.0 28.0 4.0 0.0 0.0 0.0 0.0 0.0 1.0 0.0 21.0 31.0 10.0 0.0 0.0 0.0 0.0 0.0 12.0 7.0 3.0 0.0 0.0 0.0 0.0 20.0 26.0 0.0 0.0 0.0 0.0 0.0 0.0 27.0 47.0 0.0 0.0 0.0 0.0 0.0 0.0 1.0 39.0 19.0 0.0 
25_3_008_107
0.0 0.0 0.0 0.0 0.0 4.0 26.0 3.0 0.0 0.0 23.0 65.0 0.0 4.0 4.0 0.0 0.0 0.0 19.0 49.0 21.0 65.0 23.0 0.0 0.0 0.0 0.0 0.0 19.0 46.0 20.0 29.0 9.0 0.0 0.0 0.0 0.0 0.0 0.0 14.0 0.0 0.0 19.0 98.0 0.0 0.0 0.0 0.0 0.0 0.0 0.0 0.0 1.0 16.0 70.0 51.0 0.0 0.0 0.0 61.0 41.0 5.0 0.0 0.0 0.0 0.0 0.0 0.0 1.0 0.0 5.0 14.0 2.0 0.0 24.0 64.0 1.0 0.0 8.0 12.0 12.0 1.0 1.0 7.0 4.0 4.0 57.0 57.0 0.0 0.0 14.0 102.0 2.0 0.0 0.0 0.0 21.0 2.0 8.0 1.0 0.0 0.0 0.0 8.0 21.0 4.0 38.0 44.0 0.0 0.0 0.0 12.0 63.0 18.0 14.0 1.0 0.0 0.0 0.0 25.0 0.0 0.0 33.0 40.0 0.0 0.0 0.0 0.0 
25_3_008_108
-4.0 17.0 0.0 0.0 0.0 0.0 0.0 0.0 11.0 21.0 0.0 0.0 0.0 0.0 0.0 -8.0 -37.0 102.0 0.0 0.0 0.0 0.0 0.0 0.0 -29.0 98.0 0.0 0.0 0.0 0.0 0.0 0.0 -11.0 43.0 30.0 0.0 0.0 0.0 0.0 0.0 70.0 18.0 0.0 0.0 0.0 0.0 -1.0 -28.0 0.0 4.0 31.0 24.0 2.0 0.0 0.0 0.0 -2.0 7.0 0.0 0.0 0.0 3.0 9.0 0.0 0.0 2.0 5.0 1.0 0.0 1.0 2.0 6.0 5.0 8.0 5.0 2.0 0.0 0.0 -2.0 3.0 -4.0 14.0 11.0 5.0 0.0 0.0 1.0 1.0 0.0 0.0 0.0 0.0 0.0 0.0 14.0 3.0 0.0 0.0 7.0 4.0 0.0 2.0 2.0 0.0 0.0 0.0 16.0 3.0 0.0 0.0 1.0 0.0 0.0 0.0 0.0 0.0 0.0 0.0 16.0 5.0 0.0 0.0 0.0 0.0 0.0 0.0 8.0 1.0 
25_3_008_109
0.0 0.0 0.0 0.0 0.0 0.0 0.0 0.0 0.0 0.0 5.0 9.0 0.0 0.0 0.0 0.0 0.0 0.0 32.0 70.0 0.0 0.0 0.0 0.0 0.0 0.0 2.0 24.0 8.0 6.0 3.0 0.0 0.0 0.0 0.0 0.0 0.0 0.0 1.0 0.0 0.0 0.0 6.0 32.0 0.0 0.0 0.0 0.0 0.0 0.0 12.0 102.0 1.0 0.0 0.0 0.0 0.0 0.0 0.0 7.0 3.0 3.0 12.0 0.0 0.0 0.0 0.0 1.0 0.0 0.0 1.0 1.0 0.0 0.0 17.0 45.0 0.0 0.0 0.0 0.0 0.0 0.0 30.0 61.0 0.0 0.0 0.0 0.0 0.0 0.0 0.0 0.0 1.0 0.0 2.0 0.0 0.0 0.0 0.0 3.0 0.0 0.0 0.0 0.0 0.0 0.0 23.0 51.0 0.0 0.0 0.0 0.0 0.0 0.0 20.0 28.0 0.0 0.0 0.0 0.0 0.0 0.0 1.0 0.0 0.0 0.0 1.0 4.0 
25_3_008_110
4.0 0.0 0.0 0.0 13.0 8.0 0.0 0.0 1.0 0.0 0.0 2.0 0.0 0.0 -13.0 36.0 0.0 2.0 21.0 33.0 0.0 0.0 0.0 0.0 10.0 0.0 0.0 0.0 0.0 0.0 -31.0 102.0 0.0 16.0 45.0 12.0 2.0 0.0 0.0 0.0 10.0 3.0 11.0 1.0 0.0 0.0 -24.0 76.0 0.0 0.0 7.0 72.0 0.0 0.0 0.0 0.0 0.0 0.0 0.0 0.0 0.0 0.0 -5.0 92.0 0.0 3.0 14.0 16.0 22.0 10.0 0.0 0.0 0.0 2.0 0.0 0.0 4.0 6.0 -7.0 73.0 0.0 0.0 20.0 57.0 0.0 0.0 -2.0 7.0 0.0 0.0 0.0 0.0 0.0 0.0 5.0 76.0 1.0 1.0 3.0 4.0 33.0 19.0 0.0 0.0 0.0 4.0 11.0 12.0 16.0 3.0 0.0 11.0 0.0 0.0 28.0 22.0 0.0 0.0 0.0 10.0 0.0 0.0 0.0 0.0 0.0 0.0 -2.0 63.0 
25_3_008_111
0.0 0.0 16.0 94.0 1.0 0.0 0.0 0.0 0.0 0.0 7.0 28.0 2.0 1.0 34.0 15.0 9.0 0.0 3.0 5.0 1.0 11.0 44.0 6.0 45.0 9.0 0.0 0.0 0.0 7.0 39.0 16.0 0.0 0.0 44.0 102.0 0.0 0.0 0.0 0.0 0.0 0.0 0.0 7.0 1.0 1.0 52.0 65.0 9.0 5.0 12.0 80.0 10.0 0.0 0.0 0.0 60.0 20.0 0.0 0.0 0.0 1.0 2.0 28.0 0.0 0.0 10.0 97.0 2.0 1.0 1.0 0.0 0.0 0.0 0.0 0.0 0.0 0.0 43.0 92.0 0.0 0.0 0.0 71.0 36.0 12.0 18.0 1.0 0.0 0.0 0.0 0.0 0.0 57.0 72.0 3.0 0.0 0.0 0.0 38.0 38.0 9.0 9.0 0.0 1.0 0.0 0.0 0.0 0.0 0.0 38.0 34.0 2.0 0.0 0.0 23.0 18.0 1.0 3.0 6.0 23.0 16.0 0.0 0.0 0.0 0.0 0.0 13.0 
25_3_008_112
3.0 1.0 0.0 3.0 24.0 24.0 3.0 1.0 69.0 0.0 0.0 1.0 11.0 6.0 0.0 -24.0 84.0 3.0 0.0 0.0 0.0 0.0 0.0 -24.0 7.0 1.0 0.0 12.0 7.0 0.0 0.0 -2.0 74.0 3.0 0.0 4.0 5.0 0.0 0.0 -25.0 4.0 13.0 1.0 15.0 45.0 12.0 0.0 -4.0 55.0 27.0 9.0 62.0 8.0 0.0 0.0 -21.0 57.0 3.0 0.0 1.0 0.0 0.0 -45.0 85.0 65.0 0.0 0.0 0.0 0.0 8.0 0.0 -22.0 39.0 59.0 4.0 0.0 6.0 4.0 0.0 -25.0 2.0 0.0 26.0 43.0 29.0 22.0 0.0 0.0 0.0 0.0 0.0 0.0 2.0 11.0 -33.0 102.0 0.0 0.0 0.0 0.0 0.0 8.0 -2.0 13.0 0.0 1.0 2.0 1.0 10.0 15.0 0.0 0.0 0.0 1.0 0.0 1.0 12.0 18.0 0.0 0.0 0.0 0.0 0.0 0.0 17.0 19.0 0.0 0.0 
25_3_008_113
0.0 0.0 0.0 0.0 4.0 26.0 45.0 0.0 0.0 0.0 0.0 0.0 0.0 29.0 62.0 0.0 0.0 -8.0 34.0 21.0 4.0 9.0 8.0 0.0 0.0 5.0 4.0 0.0 0.0 0.0 48.0 64.0 0.0 0.0 0.0 0.0 0.0 2.0 60.0 15.0 0.0 0.0 0.0 2.0 3.0 16.0 10.0 0.0 0.0 -14.0 61.0 61.0 0.0 0.0 9.0 17.0 0.0 0.0 0.0 0.0 0.0 0.0 93.0 102.0 43.0 31.0 7.0 0.0 0.0 0.0 -10.0 13.0 68.0 8.0 1.0 2.0 0.0 0.0 -6.0 -10.0 0.0 0.0 2.0 45.0 11.0 6.0 59.0 39.0 0.0 0.0 0.0 0.0 0.0 0.0 61.0 70.0 0.0 -1.0 4.0 7.0 27.0 4.0 6.0 6.0 15.0 17.0 0.0 0.0 0.0 0.0 -22.0 65.0 0.0 0.0 0.0 0.0 0.0 2.0 58.0 67.0 0.0 0.0 0.0 0.0 0.0 0.0 12.0 20.0 
25_3_008_114
1.0 0.0 0.0 0.0 0.0 0.0 0.0 2.0 0.0 0.0 1.0 2.0 0.0 0.0 0.0 5.0 0.0 0.0 65.0 33.0 0.0 0.0 0.0 0.0 0.0 0.0 12.0 7.0 1.0 0.0 0.0 0.0 0.0 0.0 0.0 0.0 0.0 0.0 -1.0 3.0 1.0 1.0 3.0 11.0 0.0 0.0 0.0 0.0 0.0 0.0 9.0 102.0 1.0 0.0 0.0 0.0 0.0 0.0 17.0 4.0 0.0 0.0 0.0 0.0 5.0 0.0 0.0 0.0 0.0 0.0 -1.0 3.0 1.0 0.0 3.0 19.0 0.0 0.0 0.0 0.0 0.0 0.0 38.0 87.0 0.0 0.0 0.0 0.0 0.0 2.0 36.0 2.0 0.0 0.0 0.0 0.0 0.0 0.0 0.0 0.0 0.0 0.0 0.0 1.0 0.0 2.0 54.0 12.0 0.0 0.0 0.0 2.0 0.0 0.0 61.0 35.0 0.0 0.0 0.0 0.0 0.0 0.0 1.0 0.0 0.0 2.0 1.0 0.0 
25_3_008_115
9.0 1.0 6.0 15.0 1.0 0.0 0.0 18.0 10.0 6.0 40.0 2.0 0.0 0.0 0.0 9.0 0.0 18.0 80.0 6.0 0.0 0.0 0.0 0.0 0.0 15.0 21.0 33.0 0.0 0.0 0.0 0.0 13.0 3.0 19.0 19.0 0.0 0.0 0.0 34.0 3.0 1.0 99.0 67.0 0.0 0.0 0.0 0.0 2.0 19.0 40.0 3.0 4.0 9.0 12.0 5.0 0.0 41.0 45.0 25.0 52.0 11.0 0.0 0.0 76.0 36.0 19.0 2.0 0.0 0.0 0.0 10.0 13.0 19.0 13.0 68.0 24.0 2.0 0.0 0.0 0.0 0.0 0.0 0.0 0.0 32.0 66.0 25.0 22.0 2.0 7.0 12.0 102.0 63.0 12.0 34.0 59.0 30.0 15.0 1.0 0.0 0.0 7.0 32.0 24.0 0.0 0.0 0.0 0.0 4.0 55.0 92.0 0.0 0.0 0.0 1.0 11.0 56.0 19.0 0.0 3.0 4.0 5.0 5.0 13.0 8.0 5.0 4.0 
25_3_008_116
0.0 0.0 9.0 38.0 1.0 0.0 0.0 0.0 1.0 2.0 2.0 11.0 1.0 1.0 3.0 4.0 1.0 13.0 17.0 0.0 0.0 0.0 0.0 1.0 0.0 8.0 22.0 0.0 0.0 0.0 0.0 0.0 0.0 0.0 0.0 13.0 25.0 2.0 0.0 0.0 0.0 0.0 1.0 3.0 31.0 46.0 0.0 0.0 0.0 1.0 14.0 22.0 22.0 4.0 0.0 0.0 0.0 1.0 13.0 10.0 0.0 0.0 0.0 0.0 0.0 0.0 0.0 0.0 0.0 0.0 0.0 0.0 0.0 0.0 1.0 21.0 8.0 5.0 0.0 0.0 0.0 1.0 26.0 102.0 0.0 0.0 0.0 0.0 3.0 2.0 0.0 0.0 0.0 0.0 2.0 11.0 0.0 0.0 0.0 0.0 0.0 0.0 0.0 0.0 0.0 0.0 0.0 29.0 1.0 0.0 0.0 0.0 0.0 0.0 4.0 94.0 0.0 0.0 0.0 0.0 0.0 0.0 0.0 0.0 0.0 0.0 3.0 18.0 
25_3_008_117
0.0 0.0 0.0 4.0 68.0 0.0 0.0 0.0 17.0 0.0 0.0 1.0 13.0 1.0 0.0 6.0 29.0 7.0 0.0 0.0 0.0 0.0 0.0 1.0 0.0 0.0 3.0 77.0 56.0 0.0 0.0 0.0 0.0 0.0 0.0 20.0 49.0 0.0 0.0 0.0 1.0 0.0 5.0 59.0 31.0 0.0 0.0 0.0 28.0 0.0 0.0 0.0 0.0 0.0 1.0 24.0 0.0 0.0 0.0 9.0 30.0 1.0 0.0 0.0 0.0 0.0 20.0 41.0 2.0 0.0 0.0 0.0 0.0 0.0 31.0 102.0 0.0 0.0 0.0 0.0 63.0 17.0 5.0 1.0 0.0 0.0 0.0 5.0 26.0 0.0 0.0 0.0 0.0 2.0 2.0 13.0 0.0 0.0 15.0 56.0 8.0 0.0 0.0 0.0 0.0 0.0 10.0 56.0 21.0 0.0 0.0 0.0 13.0 3.0 10.0 14.0 14.0 2.0 15.0 15.0 7.0 0.0 0.0 0.0 0.0 0.0 16.0 45.0 
25_3_008_118
0.0 0.0 0.0 3.0 8.0 16.0 17.0 2.0 0.0 0.0 0.0 0.0 24.0 77.0 9.0 0.0 0.0 0.0 0.0 0.0 3.0 6.0 3.0 71.0 0.0 0.0 0.0 0.0 10.0 6.0 2.0 10.0 0.0 0.0 0.0 0.0 1.0 1.0 5.0 46.0 0.0 0.0 0.0 0.0 27.0 18.0 14.0 23.0 0.0 0.0 0.0 20.0 50.0 3.0 -2.0 32.0 0.0 0.0 0.0 3.0 0.0 0.0 -8.0 39.0 0.0 0.0 0.0 5.0 2.0 0.0 -14.0 53.0 5.0 2.0 2.0 0.0 0.0 0.0 -28.0 99.0 0.0 0.0 14.0 62.0 15.0 0.0 -6.0 18.0 0.0 0.0 0.0 0.0 0.0 0.0 -20.0 75.0 0.0 0.0 0.0 4.0 14.0 0.0 0.0 2.0 21.0 0.0 0.0 0.0 0.0 0.0 -45.0 102.0 0.0 6.0 37.0 40.0 1.0 0.0 0.0 0.0 0.0 0.0 0.0 0.0 0.0 0.0 -24.0 84.0 
25_3_008_119
0.0 0.0 3.0 4.0 1.0 1.0 4.0 0.0 0.0 0.0 0.0 0.0 4.0 35.0 41.0 4.0 0.0 0.0 0.0 10.0 102.0 15.0 0.0 0.0 0.0 0.0 0.0 0.0 0.0 10.0 48.0 27.0 0.0 0.0 4.0 4.0 0.0 0.0 16.0 25.0 0.0 0.0 0.0 0.0 5.0 9.0 61.0 31.0 0.0 0.0 0.0 87.0 34.0 1.0 0.0 0.0 0.0 0.0 0.0 0.0 0.0 5.0 68.0 18.0 0.0 0.0 0.0 2.0 0.0 0.0 23.0 61.0 2.0 15.0 32.0 16.0 0.0 0.0 5.0 21.0 0.0 2.0 55.0 16.0 0.0 1.0 17.0 22.0 0.0 0.0 3.0 0.0 0.0 0.0 22.0 15.0 16.0 15.0 1.0 0.0 0.0 0.0 -16.0 65.0 1.0 38.0 55.0 7.0 0.0 0.0 0.0 4.0 0.0 0.0 1.0 1.0 0.0 0.0 33.0 39.0 0.0 0.0 1.0 8.0 1.0 0.0 2.0 0.0 
25_3_008_120
0.0 0.0 0.0 0.0 0.0 0.0 0.0 0.0 0.0 0.0 0.0 0.0 0.0 0.0 0.0 0.0 0.0 0.0 16.0 75.0 0.0 0.0 0.0 0.0 0.0 0.0 1.0 4.0 0.0 0.0 0.0 0.0 0.0 0.0 0.0 0.0 0.0 0.0 0.0 0.0 0.0 0.0 0.0 9.0 0.0 0.0 0.0 0.0 0.0 0.0 12.0 102.0 0.0 0.0 0.0 0.0 0.0 0.0 0.0 3.0 0.0 0.0 0.0 0.0 0.0 0.0 0.0 0.0 0.0 0.0 0.0 0.0 0.0 0.0 4.0 16.0 0.0 0.0 0.0 0.0 0.0 0.0 13.0 96.0 0.0 0.0 0.0 0.0 0.0 0.0 0.0 2.0 0.0 0.0 0.0 0.0 0.0 0.0 0.0 0.0 0.0 0.0 0.0 0.0 0.0 0.0 1.0 17.0 0.0 0.0 0.0 0.0 0.0 0.0 5.0 75.0 0.0 0.0 0.0 0.0 0.0 0.0 0.0 1.0 0.0 0.0 0.0 0.0 
