25_3_004_0
6.0 0.0 0.0 0.0 0.0 0.0 0.0 1.0 2.0 0.0 26.0 66.0 0.0 0.0 0.0 0.0 0.0 0.0 10.0 27.0 0.0 0.0 0.0 0.0 0.0 0.0 1.0 0.0 0.0 0.0 0.0 0.0 7.0 6.0 0.0 0.0 0.0 0.0 0.0 0.0 0.0 2.0 21.0 102.0 0.0 0.0 0.0 0.0 0.0 0.0 1.0 19.0 2.0 1.0 0.0 0.0 0.0 0.0 0.0 0.0 0.0 0.0 0.0 1.0 7.0 21.0 0.0 0.0 0.0 1.0 0.0 1.0 0.0 9.0 17.0 29.0 15.0 1.0 0.0 0.0 0.0 0.0 0.0 0.0 44.0 35.0 0.0 0.0 0.0 0.0 0.0 1.0 19.0 0.0 0.0 0.0 5.0 1.0 1.0 0.0 0.0 0.0 1.0 3.0 0.0 2.0 4.0 12.0 1.0 0.0 0.0 0.0 6.0 2.0 2.0 6.0 4.0 0.0 0.0 1.0 0.0 0.0 6.0 25.0 11.0 0.0 0.0 0.0 
25_3_004_1
0.0 0.0 0.0 0.0 0.0 0.0 2.0 7.0 0.0 0.0 15.0 81.0 9.0 0.0 1.0 0.0 1.0 1.0 0.0 0.0 0.0 0.0 14.0 36.0 4.0 0.0 0.0 0.0 0.0 1.0 10.0 12.0 1.0 0.0 0.0 0.0 0.0 0.0 0.0 13.0 0.0 0.0 8.0 102.0 7.0 0.0 0.0 1.0 12.0 13.0 5.0 2.0 1.0 2.0 0.0 5.0 35.0 27.0 0.0 0.0 0.0 3.0 4.0 2.0 5.0 0.0 0.0 0.0 0.0 0.0 0.0 11.0 1.0 0.0 0.0 56.0 37.0 0.0 0.0 0.0 5.0 0.0 0.0 7.0 23.0 6.0 11.0 8.0 3.0 0.0 0.0 1.0 11.0 14.0 7.0 5.0 8.0 0.0 0.0 0.0 0.0 0.0 0.0 4.0 5.0 5.0 2.0 6.0 6.0 0.0 0.0 0.0 0.0 6.0 28.0 25.0 34.0 0.0 0.0 0.0 19.0 9.0 3.0 1.0 0.0 0.0 0.0 1.0 
25_3_004_2
0.0 0.0 15.0 24.0 31.0 13.0 2.0 0.0 7.0 15.0 0.0 4.0 12.0 7.0 9.0 0.0 0.0 6.0 7.0 50.0 39.0 1.0 0.0 0.0 0.0 0.0 0.0 56.0 35.0 0.0 0.0 0.0 6.0 14.0 6.0 8.0 0.0 0.0 2.0 0.0 0.0 3.0 5.0 9.0 30.0 11.0 4.0 5.0 0.0 0.0 0.0 50.0 30.0 12.0 0.0 0.0 0.0 0.0 0.0 89.0 60.0 28.0 0.0 0.0 9.0 0.0 11.0 24.0 13.0 23.0 14.0 6.0 22.0 18.0 9.0 0.0 0.0 0.0 3.0 25.0 0.0 0.0 22.0 44.0 0.0 3.0 9.0 22.0 0.0 0.0 0.0 0.0 44.0 102.0 34.0 41.0 0.0 0.0 8.0 42.0 23.0 1.0 0.0 0.0 17.0 12.0 0.0 20.0 33.0 3.0 0.0 1.0 3.0 10.0 5.0 0.0 0.0 0.0 41.0 55.0 0.0 0.0 0.0 4.0 1.0 0.0 24.0 29.0 
25_3_004_3
0.0 60.0 47.0 5.0 14.0 21.0 0.0 0.0 102.0 72.0 0.0 0.0 10.0 21.0 1.0 0.0 100.0 45.0 0.0 0.0 0.0 0.0 1.0 1.0 9.0 0.0 0.0 0.0 0.0 0.0 8.0 8.0 0.0 0.0 0.0 0.0 6.0 49.0 31.0 4.0 0.0 0.0 35.0 83.0 57.0 19.0 0.0 0.0 75.0 12.0 15.0 2.0 0.0 0.0 22.0 44.0 101.0 0.0 0.0 0.0 0.0 0.0 0.0 59.0 27.0 47.0 12.0 0.0 0.0 0.0 0.0 10.0 0.0 39.0 36.0 100.0 39.0 5.0 0.0 0.0 1.0 0.0 0.0 0.0 1.0 13.0 79.0 31.0 70.0 11.0 0.0 4.0 7.0 0.0 0.0 49.0 1.0 55.0 48.0 1.0 0.0 0.0 15.0 4.0 26.0 24.0 0.0 0.0 3.0 19.0 27.0 9.0 27.0 15.0 7.0 0.0 0.0 4.0 1.0 3.0 0.0 20.0 45.0 8.0 1.0 0.0 0.0 0.0 
25_3_004_4
1.0 2.0 1.0 0.0 1.0 2.0 2.0 13.0 0.0 4.0 8.0 5.0 5.0 11.0 1.0 0.0 0.0 0.0 0.0 0.0 0.0 9.0 52.0 2.0 0.0 0.0 0.0 1.0 19.0 11.0 0.0 0.0 1.0 0.0 0.0 0.0 1.0 4.0 7.0 8.0 8.0 6.0 6.0 16.0 4.0 0.0 0.0 0.0 3.0 2.0 0.0 0.0 0.0 0.0 -36.0 102.0 0.0 3.0 14.0 8.0 1.0 0.0 0.0 0.0 2.0 0.0 0.0 0.0 37.0 13.0 0.0 0.0 0.0 0.0 3.0 22.0 22.0 5.0 0.0 0.0 5.0 10.0 0.0 0.0 1.0 5.0 0.0 31.0 0.0 22.0 12.0 0.0 1.0 5.0 7.0 0.0 0.0 0.0 0.0 3.0 13.0 2.0 0.0 0.0 0.0 0.0 0.0 1.0 22.0 29.0 0.0 0.0 0.0 0.0 0.0 0.0 1.0 54.0 2.0 0.0 0.0 0.0 0.0 0.0 0.0 32.0 11.0 0.0 
25_3_004_5
1.0 0.0 3.0 1.0 0.0 0.0 2.0 8.0 2.0 10.0 1.0 0.0 0.0 3.0 3.0 1.0 0.0 3.0 7.0 8.0 1.0 0.0 0.0 0.0 1.0 6.0 12.0 0.0 0.0 0.0 0.0 1.0 1.0 0.0 0.0 0.0 7.0 35.0 2.0 1.0 0.0 3.0 0.0 0.0 5.0 38.0 4.0 0.0 0.0 14.0 25.0 24.0 8.0 0.0 0.0 0.0 0.0 17.0 28.0 0.0 0.0 0.0 0.0 0.0 0.0 3.0 0.0 0.0 2.0 7.0 0.0 0.0 0.0 0.0 4.0 14.0 2.0 8.0 0.0 0.0 0.0 0.0 10.0 102.0 1.0 0.0 0.0 0.0 0.0 0.0 1.0 0.0 0.0 0.0 1.0 0.0 0.0 5.0 0.0 0.0 0.0 0.0 0.0 0.0 0.0 2.0 4.0 10.0 0.0 0.0 0.0 0.0 0.0 0.0 0.0 77.0 5.0 0.0 0.0 0.0 0.0 0.0 0.0 0.0 0.0 0.0 0.0 0.0 
25_3_004_6
20.0 32.0 19.0 0.0 0.0 9.0 5.0 -7.0 2.0 10.0 4.0 0.0 2.0 30.0 10.0 0.0 6.0 0.0 4.0 18.0 22.0 5.0 0.0 -2.0 20.0 0.0 0.0 0.0 1.0 21.0 1.0 9.0 0.0 0.0 0.0 0.0 0.0 39.0 44.0 7.0 0.0 0.0 12.0 15.0 17.0 29.0 8.0 0.0 8.0 2.0 11.0 88.0 18.0 2.0 1.0 -2.0 0.0 0.0 0.0 0.0 0.0 14.0 37.0 73.0 8.0 20.0 27.0 4.0 4.0 3.0 0.0 23.0 0.0 42.0 23.0 1.0 8.0 10.0 1.0 1.0 0.0 0.0 25.0 25.0 9.0 24.0 51.0 0.0 0.0 0.0 0.0 0.0 2.0 14.0 102.0 38.0 0.0 0.0 0.0 3.0 9.0 9.0 9.0 6.0 0.0 2.0 9.0 1.0 6.0 34.0 3.0 2.0 24.0 21.0 4.0 0.0 0.0 25.0 13.0 50.0 0.0 0.0 0.0 1.0 1.0 2.0 0.0 31.0 
25_3_004_7
0.0 0.0 1.0 28.0 1.0 0.0 1.0 2.0 0.0 0.0 9.0 95.0 7.0 0.0 17.0 15.0 0.0 0.0 0.0 0.0 0.0 0.0 12.0 32.0 4.0 0.0 0.0 0.0 0.0 0.0 10.0 14.0 0.0 0.0 5.0 37.0 0.0 0.0 0.0 4.0 3.0 0.0 10.0 102.0 4.0 0.0 3.0 18.0 15.0 14.0 0.0 0.0 0.0 0.0 0.0 14.0 28.0 45.0 0.0 0.0 0.0 0.0 0.0 9.0 0.0 0.0 18.0 47.0 3.0 0.0 0.0 2.0 8.0 0.0 12.0 58.0 8.0 2.0 2.0 9.0 1.0 9.0 13.0 4.0 4.0 15.0 6.0 0.0 7.0 8.0 0.0 0.0 3.0 24.0 10.0 2.0 2.0 0.0 0.0 14.0 9.0 0.0 0.0 1.0 0.0 0.0 0.0 37.0 39.0 2.0 1.0 0.0 8.0 0.0 0.0 0.0 0.0 0.0 8.0 17.0 0.0 0.0 0.0 3.0 9.0 6.0 5.0 4.0 
25_3_004_8
13.0 9.0 4.0 3.0 3.0 0.0 0.0 4.0 15.0 32.0 6.0 0.0 0.0 0.0 0.0 0.0 2.0 3.0 7.0 11.0 0.0 0.0 1.0 5.0 1.0 0.0 0.0 0.0 0.0 0.0 11.0 71.0 0.0 0.0 3.0 11.0 63.0 10.0 0.0 0.0 9.0 8.0 0.0 0.0 15.0 20.0 6.0 4.0 5.0 6.0 6.0 12.0 1.0 0.0 9.0 12.0 0.0 0.0 0.0 0.0 0.0 0.0 28.0 85.0 0.0 0.0 15.0 28.0 0.0 0.0 0.0 0.0 0.0 0.0 18.0 21.0 3.0 0.0 0.0 0.0 0.0 0.0 3.0 10.0 0.0 0.0 102.0 43.0 0.0 0.0 2.0 2.0 0.0 0.0 35.0 1.0 0.0 3.0 33.0 1.0 0.0 0.0 0.0 0.0 1.0 3.0 47.0 1.0 0.0 0.0 21.0 13.0 0.0 0.0 0.0 0.0 0.0 0.0 69.0 74.0 0.0 0.0 6.0 2.0 0.0 0.0 0.0 0.0 
25_3_004_9
0.0 0.0 0.0 0.0 43.0 102.0 0.0 0.0 0.0 0.0 0.0 0.0 19.0 49.0 24.0 11.0 1.0 0.0 0.0 0.0 0.0 0.0 41.0 47.0 2.0 13.0 6.0 0.0 0.0 0.0 0.0 0.0 0.0 0.0 2.0 0.0 26.0 45.0 0.0 0.0 0.0 0.0 4.0 42.0 83.0 75.0 3.0 0.0 0.0 0.0 0.0 4.0 6.0 17.0 25.0 1.0 0.0 0.0 0.0 3.0 5.0 29.0 6.0 0.0 0.0 1.0 11.0 2.0 0.0 0.0 0.0 0.0 0.0 0.0 49.0 58.0 0.0 0.0 0.0 0.0 0.0 1.0 0.0 0.0 0.0 2.0 8.0 17.0 0.0 0.0 2.0 9.0 4.0 3.0 0.0 0.0 0.0 1.0 8.0 16.0 0.0 0.0 0.0 0.0 0.0 1.0 19.0 32.0 0.0 0.0 0.0 0.0 6.0 4.0 3.0 1.0 0.0 0.0 0.0 7.0 4.0 8.0 12.0 1.0 0.0 0.0 0.0 1.0 
25_3_004_10
0.0 0.0 0.0 1.0 2.0 2.0 7.0 10.0 0.0 0.0 2.0 0.0 3.0 7.0 4.0 1.0 6.0 6.0 1.0 0.0 6.0 18.0 0.0 0.0 0.0 0.0 0.0 0.0 0.0 12.0 22.0 11.0 9.0 1.0 0.0 0.0 1.0 0.0 0.0 8.0 1.0 0.0 0.0 7.0 9.0 1.0 0.0 0.0 14.0 9.0 10.0 32.0 3.0 0.0 0.0 -1.0 0.0 1.0 0.0 0.0 0.0 0.0 -33.0 102.0 3.0 0.0 0.0 2.0 42.0 4.0 0.0 1.0 5.0 7.0 7.0 3.0 1.0 0.0 0.0 0.0 0.0 0.0 8.0 33.0 6.0 8.0 9.0 1.0 4.0 3.0 0.0 0.0 0.0 0.0 5.0 43.0 0.0 0.0 0.0 2.0 29.0 2.0 0.0 0.0 0.0 0.0 0.0 0.0 36.0 17.0 0.0 0.0 2.0 0.0 0.0 5.0 21.0 25.0 -1.0 3.0 6.0 10.0 0.0 0.0 3.0 24.0 0.0 0.0 
25_3_004_11
21.0 5.0 0.0 0.0 1.0 4.0 2.0 3.0 3.0 4.0 11.0 12.0 18.0 17.0 0.0 1.0 2.0 7.0 17.0 20.0 26.0 0.0 0.0 0.0 0.0 0.0 0.0 0.0 102.0 59.0 0.0 0.0 6.0 11.0 5.0 1.0 1.0 2.0 12.0 10.0 8.0 19.0 15.0 14.0 3.0 0.0 0.0 6.0 14.0 7.0 13.0 83.0 5.0 0.0 0.0 29.0 5.0 0.0 0.0 3.0 4.0 4.0 12.0 24.0 7.0 39.0 7.0 0.0 1.0 18.0 5.0 4.0 16.0 18.0 7.0 4.0 12.0 18.0 33.0 10.0 8.0 1.0 19.0 74.0 10.0 2.0 2.0 19.0 39.0 17.0 3.0 0.0 0.0 0.0 0.0 7.0 7.0 6.0 1.0 0.0 0.0 14.0 24.0 13.0 0.0 26.0 41.0 11.0 8.0 8.0 9.0 0.0 0.0 8.0 30.0 18.0 18.0 9.0 1.0 0.0 0.0 8.0 47.0 4.0 0.0 1.0 0.0 0.0 
25_3_004_12
0.0 0.0 0.0 0.0 2.0 10.0 14.0 8.0 1.0 0.0 0.0 1.0 41.0 17.0 2.0 0.0 0.0 5.0 29.0 16.0 24.0 34.0 9.0 0.0 2.0 30.0 13.0 0.0 0.0 0.0 1.0 0.0 17.0 4.0 2.0 1.0 0.0 0.0 0.0 12.0 2.0 7.0 18.0 9.0 0.0 0.0 0.0 0.0 3.0 1.0 80.0 100.0 0.0 0.0 0.0 0.0 13.0 4.0 0.0 0.0 0.0 2.0 15.0 35.0 32.0 30.0 0.0 0.0 0.0 0.0 0.0 0.0 0.0 37.0 40.0 0.0 0.0 0.0 0.0 0.0 1.0 3.0 20.0 102.0 22.0 0.0 0.0 0.0 44.0 1.0 0.0 0.0 0.0 2.0 1.0 39.0 16.0 44.0 0.0 0.0 0.0 0.0 0.0 0.0 2.0 52.0 10.0 0.0 0.0 0.0 0.0 0.0 0.0 13.0 22.0 8.0 8.0 0.0 0.0 0.0 8.0 6.0 10.0 1.0 3.0 3.0 1.0 3.0 
25_3_004_13
0.0 0.0 0.0 1.0 13.0 38.0 0.0 0.0 0.0 0.0 0.0 2.0 57.0 75.0 0.0 0.0 0.0 0.0 0.0 24.0 48.0 41.0 18.0 3.0 0.0 0.0 0.0 3.0 1.0 2.0 2.0 4.0 0.0 2.0 4.0 0.0 0.0 0.0 0.0 0.0 0.0 0.0 7.0 10.0 0.0 0.0 0.0 0.0 0.0 0.0 10.0 102.0 0.0 0.0 1.0 0.0 1.0 0.0 0.0 0.0 0.0 6.0 16.0 17.0 0.0 0.0 4.0 0.0 0.0 0.0 0.0 0.0 0.0 0.0 40.0 16.0 0.0 0.0 0.0 0.0 0.0 0.0 22.0 46.0 1.0 0.0 2.0 5.0 2.0 0.0 0.0 0.0 0.0 0.0 3.0 16.0 0.0 1.0 2.0 0.0 0.0 0.0 0.0 0.0 0.0 0.0 25.0 41.0 0.0 0.0 0.0 0.0 0.0 0.0 3.0 11.0 1.0 0.0 0.0 5.0 3.0 0.0 0.0 0.0 0.0 0.0 2.0 7.0 
25_3_004_14
0.0 13.0 15.0 7.0 5.0 0.0 0.0 0.0 11.0 9.0 1.0 0.0 0.0 0.0 2.0 10.0 4.0 5.0 22.0 24.0 1.0 0.0 0.0 0.0 0.0 0.0 2.0 9.0 5.0 2.0 3.0 6.0 17.0 67.0 7.0 0.0 0.0 0.0 11.0 3.0 26.0 6.0 0.0 0.0 0.0 0.0 17.0 63.0 0.0 5.0 36.0 74.0 8.0 0.0 0.0 0.0 30.0 7.0 4.0 0.0 0.0 0.0 10.0 14.0 3.0 0.0 0.0 0.0 0.0 61.0 74.0 17.0 0.0 0.0 0.0 0.0 3.0 42.0 86.0 15.0 0.0 0.0 6.0 102.0 86.0 1.0 0.0 0.0 28.0 3.0 1.0 2.0 4.0 3.0 2.0 8.0 6.0 6.0 0.0 0.0 0.0 34.0 17.0 1.0 2.0 8.0 1.0 0.0 1.0 10.0 3.0 0.0 0.0 1.0 1.0 29.0 82.0 1.0 0.0 0.0 3.0 10.0 3.0 7.0 81.0 38.0 0.0 0.0 
25_3_004_15
67.0 2.0 1.0 13.0 27.0 0.0 0.0 6.0 16.0 11.0 7.0 3.0 0.0 0.0 1.0 2.0 0.0 9.0 14.0 14.0 0.0 1.0 1.0 0.0 0.0 0.0 10.0 66.0 21.0 0.0 0.0 0.0 0.0 0.0 0.0 17.0 91.0 28.0 2.0 0.0 8.0 0.0 0.0 0.0 4.0 25.0 46.0 18.0 0.0 0.0 27.0 66.0 8.0 3.0 0.0 0.0 0.0 1.0 22.0 35.0 11.0 0.0 0.0 0.0 0.0 0.0 2.0 32.0 49.0 24.0 0.0 0.0 1.0 16.0 25.0 37.0 11.0 4.0 0.0 1.0 0.0 0.0 26.0 64.0 6.0 0.0 0.0 0.0 0.0 0.0 102.0 66.0 0.0 0.0 0.0 0.0 0.0 0.0 65.0 24.0 0.0 0.0 0.0 0.0 0.0 1.0 24.0 29.0 0.0 0.0 0.0 0.0 0.0 0.0 16.0 41.0 8.0 3.0 0.0 0.0 0.0 0.0 50.0 92.0 49.0 1.0 0.0 0.0 
25_3_004_16
0.0 0.0 0.0 0.0 0.0 0.0 0.0 5.0 0.0 0.0 6.0 87.0 6.0 0.0 0.0 0.0 0.0 -3.0 10.0 29.0 16.0 0.0 0.0 0.0 0.0 0.0 0.0 0.0 1.0 2.0 11.0 10.0 0.0 0.0 0.0 0.0 0.0 0.0 -4.0 11.0 0.0 0.0 20.0 102.0 0.0 0.0 0.0 0.0 0.0 0.0 4.0 29.0 9.0 6.0 1.0 0.0 0.0 0.0 0.0 0.0 0.0 3.0 8.0 8.0 1.0 0.0 0.0 0.0 0.0 0.0 -3.0 7.0 0.0 -1.0 8.0 99.0 8.0 0.0 0.0 0.0 0.0 0.0 6.0 25.0 7.0 0.0 1.0 0.0 0.0 1.0 1.0 0.0 0.0 0.0 -2.0 26.0 2.0 0.0 0.0 0.0 0.0 0.0 0.0 2.0 0.0 0.0 0.0 37.0 27.0 0.0 0.0 0.0 0.0 0.0 1.0 40.0 17.0 0.0 0.0 0.0 0.0 0.0 0.0 0.0 0.0 0.0 0.0 17.0 
25_3_004_17
3.0 0.0 2.0 13.0 70.0 12.0 0.0 1.0 10.0 1.0 0.0 0.0 2.0 16.0 21.0 17.0 0.0 0.0 5.0 40.0 8.0 2.0 9.0 0.0 0.0 0.0 12.0 12.0 3.0 0.0 0.0 0.0 0.0 0.0 0.0 0.0 36.0 47.0 4.0 2.0 0.0 0.0 9.0 29.0 31.0 22.0 3.0 1.0 0.0 7.0 28.0 30.0 6.0 0.0 0.0 1.0 0.0 0.0 23.0 57.0 5.0 0.0 0.0 0.0 1.0 0.0 26.0 17.0 2.0 0.0 3.0 8.0 0.0 0.0 34.0 86.0 1.0 0.0 0.0 0.0 0.0 0.0 12.0 14.0 1.0 0.0 1.0 0.0 0.0 0.0 10.0 94.0 42.0 9.0 0.0 0.0 0.0 3.0 26.0 31.0 0.0 0.0 0.0 0.0 0.0 0.0 22.0 39.0 0.0 0.0 0.0 0.0 0.0 1.0 4.0 2.0 1.0 0.0 11.0 10.0 0.0 0.0 0.0 0.0 7.0 75.0 102.0 19.0 
25_3_004_18
0.0 0.0 0.0 0.0 2.0 16.0 1.0 0.0 0.0 0.0 3.0 15.0 10.0 2.0 0.0 0.0 2.0 20.0 44.0 6.0 0.0 0.0 0.0 0.0 9.0 0.0 0.0 0.0 0.0 0.0 2.0 25.0 0.0 0.0 0.0 1.0 10.0 11.0 5.0 0.0 0.0 0.0 15.0 102.0 10.0 6.0 0.0 0.0 2.0 0.0 15.0 24.0 3.0 1.0 17.0 7.0 8.0 0.0 0.0 0.0 0.0 0.0 25.0 55.0 0.0 0.0 0.0 4.0 2.0 0.0 5.0 6.0 0.0 0.0 0.0 76.0 54.0 0.0 0.0 0.0 0.0 0.0 0.0 0.0 35.0 20.0 5.0 0.0 9.0 1.0 0.0 0.0 0.0 0.0 11.0 45.0 0.0 0.0 0.0 0.0 0.0 0.0 1.0 5.0 0.0 0.0 5.0 21.0 17.0 0.0 0.0 0.0 0.0 0.0 0.0 6.0 37.0 24.0 0.0 0.0 0.0 0.0 0.0 0.0 1.0 16.0 12.0 3.0 
25_3_004_19
0.0 0.0 0.0 1.0 5.0 2.0 1.0 1.0 0.0 0.0 0.0 15.0 5.0 0.0 0.0 0.0 7.0 0.0 0.0 8.0 1.0 0.0 -7.0 88.0 2.0 0.0 0.0 1.0 0.0 0.0 -1.0 15.0 0.0 0.0 0.0 11.0 7.0 0.0 0.0 0.0 0.0 0.0 1.0 17.0 1.0 0.0 0.0 0.0 37.0 0.0 4.0 29.0 0.0 0.0 0.0 53.0 18.0 0.0 0.0 0.0 0.0 0.0 0.0 41.0 0.0 0.0 1.0 17.0 3.0 0.0 0.0 0.0 0.0 0.0 6.0 23.0 0.0 0.0 0.0 0.0 6.0 0.0 9.0 39.0 0.0 0.0 -1.0 53.0 0.0 0.0 0.0 0.0 0.0 0.0 -6.0 102.0 0.0 0.0 3.0 12.0 0.0 0.0 0.0 0.0 0.0 0.0 8.0 23.0 0.0 0.0 0.0 0.0 0.0 0.0 6.0 25.0 0.0 0.0 17.0 42.0 0.0 0.0 0.0 0.0 0.0 0.0 10.0 54.0 
25_3_004_20
0.0 0.0 2.0 23.0 4.0 0.0 0.0 0.0 0.0 0.0 2.0 71.0 31.0 0.0 0.0 0.0 0.0 0.0 0.0 20.0 25.0 0.0 0.0 0.0 1.0 0.0 0.0 0.0 0.0 0.0 0.0 0.0 0.0 0.0 13.0 29.0 1.0 0.0 0.0 0.0 0.0 0.0 4.0 44.0 8.0 12.0 2.0 2.0 0.0 0.0 0.0 88.0 39.0 0.0 0.0 0.0 1.0 0.0 0.0 0.0 0.0 0.0 0.0 2.0 0.0 2.0 22.0 26.0 0.0 0.0 0.0 0.0 14.0 13.0 20.0 16.0 0.0 0.0 0.0 6.0 0.0 0.0 34.0 102.0 0.0 0.0 0.0 0.0 0.0 0.0 0.0 1.0 0.0 0.0 0.0 0.0 0.0 8.0 46.0 3.0 0.0 0.0 0.0 0.0 0.0 9.0 57.0 6.0 0.0 0.0 0.0 0.0 0.0 0.0 38.0 8.0 0.0 0.0 0.0 0.0 0.0 0.0 0.0 0.0 0.0 0.0 0.0 1.0 
25_3_004_21
0.0 1.0 0.0 0.0 0.0 0.0 0.0 0.0 0.0 0.0 0.0 85.0 11.0 0.0 0.0 0.0 0.0 0.0 1.0 14.0 1.0 0.0 0.0 0.0 0.0 0.0 0.0 0.0 0.0 0.0 0.0 0.0 1.0 1.0 0.0 0.0 0.0 0.0 0.0 0.0 0.0 0.0 16.0 102.0 1.0 0.0 0.0 0.0 0.0 0.0 0.0 19.0 4.0 4.0 0.0 0.0 0.0 0.0 0.0 0.0 0.0 8.0 0.0 0.0 0.0 33.0 12.0 0.0 0.0 0.0 0.0 0.0 0.0 13.0 17.0 28.0 9.0 2.0 0.0 0.0 0.0 0.0 0.0 0.0 14.0 54.0 0.0 0.0 0.0 0.0 0.0 0.0 0.0 42.0 7.0 0.0 0.0 0.0 0.0 0.0 1.0 8.0 0.0 0.0 0.0 0.0 0.0 0.0 1.0 4.0 0.0 0.0 0.0 1.0 1.0 1.0 2.0 2.0 0.0 0.0 0.0 0.0 0.0 0.0 1.0 2.0 1.0 0.0 
25_3_004_22
0.0 0.0 4.0 7.0 1.0 0.0 0.0 0.0 0.0 8.0 13.0 9.0 1.0 0.0 0.0 0.0 12.0 21.0 3.0 0.0 0.0 0.0 -9.0 22.0 0.0 0.0 0.0 0.0 0.0 0.0 -20.0 66.0 0.0 0.0 0.0 5.0 3.0 9.0 7.0 0.0 0.0 0.0 15.0 56.0 7.0 0.0 0.0 0.0 9.0 10.0 10.0 0.0 0.0 0.0 -9.0 24.0 8.0 6.0 0.0 0.0 0.0 0.0 -24.0 102.0 6.0 8.0 11.0 5.0 0.0 1.0 0.0 4.0 0.0 0.0 35.0 46.0 11.0 0.0 0.0 0.0 0.0 3.0 28.0 1.0 0.0 1.0 7.0 7.0 1.0 0.0 0.0 0.0 0.0 0.0 22.0 75.0 0.0 3.0 5.0 4.0 0.0 0.0 0.0 0.0 0.0 0.0 6.0 26.0 11.0 5.0 0.0 0.0 0.0 0.0 2.0 0.0 0.0 23.0 44.0 3.0 4.0 0.0 0.0 0.0 0.0 0.0 4.0 25.0 
25_3_004_23
0.0 0.0 2.0 1.0 0.0 0.0 0.0 0.0 0.0 0.0 28.0 13.0 0.0 0.0 0.0 0.0 0.0 0.0 33.0 53.0 4.0 0.0 0.0 0.0 0.0 0.0 0.0 0.0 0.0 0.0 3.0 19.0 0.0 1.0 3.0 0.0 0.0 0.0 0.0 0.0 0.0 0.0 25.0 69.0 0.0 0.0 0.0 0.0 0.0 0.0 16.0 28.0 4.0 0.0 0.0 0.0 3.0 0.0 0.0 0.0 0.0 0.0 1.0 20.0 0.0 3.0 1.0 0.0 0.0 0.0 0.0 0.0 0.0 0.0 3.0 102.0 5.0 0.0 0.0 0.0 16.0 1.0 7.0 24.0 5.0 0.0 0.0 8.0 3.0 2.0 1.0 4.0 1.0 0.0 0.0 5.0 0.0 2.0 0.0 0.0 0.0 0.0 0.0 0.0 0.0 0.0 1.0 57.0 11.0 0.0 0.0 0.0 3.0 1.0 2.0 20.0 18.0 3.0 1.0 0.0 2.0 4.0 9.0 2.0 0.0 0.0 0.0 0.0 
25_3_004_24
0.0 0.0 0.0 0.0 0.0 0.0 10.0 93.0 1.0 0.0 0.0 0.0 0.0 0.0 6.0 45.0 7.0 6.0 0.0 0.0 0.0 0.0 0.0 3.0 1.0 13.0 2.0 0.0 0.0 0.0 0.0 0.0 0.0 0.0 0.0 0.0 0.0 0.0 56.0 102.0 0.0 0.0 0.0 0.0 0.0 3.0 37.0 22.0 0.0 2.0 8.0 7.0 7.0 2.0 0.0 0.0 2.0 19.0 29.0 0.0 0.0 0.0 0.0 0.0 0.0 0.0 0.0 11.0 51.0 75.0 44.0 16.0 4.0 1.0 0.0 0.0 0.0 0.0 6.0 12.0 0.0 0.0 6.0 19.0 8.0 11.0 2.0 0.0 0.0 0.0 0.0 9.0 4.0 43.0 9.0 3.0 0.0 0.0 2.0 101.0 3.0 0.0 0.0 0.0 0.0 0.0 0.0 0.0 0.0 0.0 16.0 20.0 0.0 0.0 0.0 0.0 8.0 41.0 9.0 4.0 0.0 0.0 0.0 0.0 10.0 22.0 0.0 0.0 
25_3_004_25
0.0 0.0 0.0 0.0 0.0 0.0 0.0 0.0 0.0 0.0 6.0 27.0 0.0 0.0 0.0 0.0 0.0 0.0 6.0 4.0 0.0 0.0 0.0 0.0 0.0 0.0 0.0 0.0 0.0 0.0 0.0 3.0 2.0 0.0 0.0 0.0 0.0 0.0 0.0 0.0 0.0 0.0 1.0 39.0 8.0 0.0 0.0 0.0 0.0 0.0 6.0 6.0 0.0 0.0 0.0 0.0 0.0 0.0 0.0 0.0 0.0 0.0 3.0 6.0 8.0 2.0 0.0 0.0 0.0 0.0 0.0 -3.0 0.0 0.0 24.0 30.0 0.0 0.0 0.0 0.0 0.0 0.0 0.0 2.0 0.0 0.0 0.0 0.0 0.0 0.0 0.0 0.0 0.0 0.0 0.0 7.0 102.0 4.0 0.0 0.0 0.0 0.0 0.0 -44.0 3.0 20.0 5.0 1.0 0.0 0.0 -2.0 4.0 0.0 0.0 0.0 0.0 0.0 0.0 0.0 2.0 0.0 0.0 0.0 0.0 0.0 0.0 0.0 6.0 
25_3_004_26
0.0 0.0 0.0 0.0 0.0 23.0 9.0 0.0 0.0 0.0 0.0 0.0 6.0 46.0 20.0 3.0 0.0 0.0 6.0 57.0 25.0 13.0 0.0 0.0 6.0 28.0 7.0 5.0 0.0 0.0 0.0 0.0 2.0 1.0 2.0 1.0 0.0 0.0 0.0 1.0 25.0 20.0 10.0 2.0 0.0 0.0 0.0 6.0 0.0 0.0 11.0 92.0 7.0 2.0 0.0 0.0 7.0 13.0 8.0 70.0 20.0 1.0 0.0 0.0 8.0 6.0 18.0 3.0 0.0 0.0 0.0 0.0 14.0 49.0 19.0 6.0 0.0 0.0 0.0 0.0 3.0 8.0 14.0 9.0 2.0 0.0 19.0 13.0 0.0 0.0 0.0 72.0 102.0 6.0 6.0 2.0 3.0 1.0 0.0 0.0 2.0 3.0 11.0 9.0 1.0 1.0 2.0 36.0 41.0 11.0 0.0 3.0 24.0 7.0 0.0 0.0 0.0 0.0 4.0 29.0 11.0 8.0 2.0 32.0 13.0 0.0 0.0 0.0 
25_3_004_27
4.0 2.0 0.0 38.0 30.0 0.0 0.0 1.0 10.0 6.0 5.0 9.0 9.0 0.0 0.0 2.0 5.0 8.0 9.0 5.0 0.0 0.0 0.0 0.0 0.0 20.0 36.0 11.0 0.0 0.0 0.0 0.0 0.0 0.0 0.0 32.0 71.0 0.0 0.0 0.0 1.0 0.0 1.0 9.0 31.0 14.0 2.0 0.0 1.0 8.0 21.0 23.0 7.0 0.0 0.0 0.0 0.0 0.0 6.0 18.0 17.0 22.0 2.0 6.0 0.0 0.0 2.0 11.0 10.0 0.0 0.0 0.0 2.0 4.0 2.0 56.0 51.0 0.0 0.0 0.0 0.0 4.0 16.0 68.0 3.0 0.0 0.0 0.0 0.0 0.0 0.0 0.0 0.0 0.0 -25.0 90.0 0.0 0.0 0.0 0.0 0.0 0.0 0.0 0.0 0.0 0.0 0.0 13.0 66.0 7.0 0.0 0.0 0.0 0.0 0.0 3.0 102.0 55.0 0.0 0.0 30.0 2.0 0.0 0.0 46.0 7.0 0.0 7.0 
25_3_004_28
0.0 0.0 0.0 0.0 7.0 7.0 0.0 0.0 0.0 0.0 3.0 23.0 15.0 4.0 0.0 0.0 22.0 1.0 6.0 20.0 0.0 0.0 -6.0 7.0 0.0 0.0 0.0 0.0 0.0 0.0 -8.0 52.0 0.0 0.0 0.0 5.0 4.0 4.0 2.0 0.0 0.0 0.0 12.0 72.0 2.0 0.0 0.0 0.0 0.0 0.0 0.0 10.0 30.0 5.0 0.0 8.0 0.0 0.0 0.0 0.0 0.0 0.0 -9.0 99.0 3.0 0.0 3.0 6.0 1.0 0.0 -1.0 6.0 0.0 0.0 8.0 36.0 35.0 1.0 0.0 0.0 0.0 0.0 3.0 25.0 13.0 7.0 8.0 11.0 0.0 0.0 0.0 12.0 3.0 0.0 -1.0 102.0 26.0 2.0 3.0 0.0 0.0 0.0 0.0 -9.0 0.0 2.0 33.0 20.0 0.0 0.0 0.0 0.0 1.0 4.0 3.0 5.0 1.0 1.0 2.0 18.0 0.0 0.0 0.0 0.0 4.0 6.0 53.0 31.0 
25_3_004_29
0.0 1.0 1.0 0.0 0.0 0.0 0.0 0.0 0.0 0.0 36.0 36.0 0.0 0.0 0.0 0.0 0.0 2.0 13.0 20.0 0.0 0.0 0.0 0.0 0.0 0.0 0.0 0.0 0.0 0.0 6.0 9.0 0.0 2.0 2.0 0.0 0.0 0.0 0.0 0.0 0.0 0.0 25.0 88.0 0.0 0.0 0.0 0.0 12.0 0.0 2.0 19.0 3.0 0.0 1.0 8.0 4.0 0.0 0.0 0.0 0.0 0.0 0.0 12.0 0.0 2.0 1.0 1.0 0.0 0.0 0.0 0.0 0.0 0.0 5.0 102.0 4.0 0.0 0.0 0.0 4.0 3.0 7.0 2.0 8.0 3.0 0.0 3.0 7.0 3.0 4.0 0.0 0.0 0.0 0.0 1.0 0.0 1.0 1.0 1.0 0.0 0.0 0.0 0.0 0.0 1.0 19.0 56.0 0.0 0.0 0.0 0.0 1.0 2.0 26.0 9.0 3.0 0.0 0.0 0.0 1.0 10.0 10.0 3.0 1.0 0.0 0.0 0.0 
25_3_004_30
0.0 0.0 9.0 10.0 3.0 0.0 0.0 0.0 0.0 0.0 0.0 15.0 16.0 0.0 0.0 0.0 7.0 14.0 7.0 3.0 0.0 0.0 0.0 9.0 32.0 0.0 0.0 0.0 0.0 0.0 0.0 70.0 3.0 16.0 18.0 8.0 0.0 0.0 0.0 0.0 2.0 17.0 9.0 11.0 1.0 0.0 0.0 0.0 16.0 7.0 9.0 27.0 0.0 0.0 0.0 3.0 40.0 4.0 4.0 0.0 0.0 0.0 1.0 19.0 12.0 43.0 6.0 0.0 0.0 0.0 2.0 8.0 8.0 7.0 0.0 0.0 2.0 4.0 18.0 11.0 5.0 1.0 8.0 43.0 19.0 0.0 0.0 0.0 18.0 0.0 0.0 0.0 0.0 1.0 30.0 44.0 0.0 0.0 0.0 0.0 2.0 33.0 32.0 0.0 0.0 0.0 0.0 0.0 4.0 0.0 18.0 4.0 0.0 0.0 0.0 38.0 26.0 0.0 0.0 0.0 11.0 0.0 0.0 4.0 0.0 0.0 18.0 102.0 
25_3_004_31
4.0 6.0 11.0 14.0 4.0 4.0 1.0 -1.0 0.0 11.0 21.0 7.0 19.0 32.0 0.0 0.0 0.0 22.0 7.0 2.0 17.0 56.0 13.0 0.0 16.0 1.0 1.0 0.0 2.0 55.0 10.0 -5.0 0.0 0.0 0.0 3.0 5.0 35.0 7.0 0.0 0.0 1.0 24.0 30.0 11.0 6.0 0.0 0.0 25.0 1.0 0.0 0.0 3.0 12.0 -8.0 51.0 9.0 0.0 0.0 0.0 0.0 28.0 7.0 0.0 0.0 0.0 0.0 7.0 27.0 15.0 0.0 0.0 0.0 0.0 32.0 91.0 25.0 1.0 0.0 0.0 52.0 10.0 20.0 11.0 0.0 0.0 -42.0 102.0 9.0 0.0 0.0 0.0 0.0 10.0 2.0 44.0 0.0 0.0 7.0 37.0 2.0 4.0 2.0 0.0 0.0 0.0 52.0 69.0 2.0 0.0 0.0 11.0 0.0 0.0 0.0 23.0 34.0 4.0 0.0 68.0 0.0 0.0 0.0 0.0 0.0 5.0 31.0 84.0 
25_3_004_32
0.0 0.0 0.0 34.0 6.0 0.0 0.0 0.0 0.0 0.0 0.0 11.0 20.0 2.0 11.0 1.0 0.0 0.0 0.0 37.0 29.0 0.0 0.0 0.0 1.0 0.0 0.0 0.0 0.0 0.0 0.0 1.0 0.0 0.0 12.0 32.0 0.0 0.0 0.0 0.0 22.0 3.0 5.0 8.0 1.0 0.0 0.0 14.0 0.0 0.0 3.0 102.0 10.0 0.0 0.0 0.0 0.0 0.0 0.0 1.0 1.0 0.0 0.0 0.0 0.0 1.0 23.0 29.0 1.0 0.0 0.0 0.0 8.0 10.0 11.0 16.0 1.0 0.0 0.0 3.0 0.0 0.0 46.0 39.0 0.0 0.0 0.0 0.0 0.0 0.0 1.0 0.0 0.0 0.0 0.0 0.0 0.0 1.0 28.0 4.0 0.0 0.0 0.0 0.0 0.0 0.0 53.0 7.0 0.0 0.0 0.0 0.0 0.0 0.0 10.0 3.0 0.0 0.0 0.0 0.0 0.0 0.0 0.0 0.0 0.0 0.0 1.0 0.0 
25_3_004_33
4.0 3.0 13.0 1.0 0.0 0.0 0.0 3.0 0.0 0.0 20.0 16.0 0.0 0.0 0.0 0.0 12.0 8.0 7.0 0.0 0.0 0.0 0.0 3.0 0.0 2.0 2.0 3.0 1.0 0.0 0.0 0.0 3.0 3.0 3.0 0.0 0.0 5.0 8.0 1.0 0.0 0.0 29.0 51.0 5.0 4.0 0.0 0.0 8.0 4.0 6.0 0.0 0.0 0.0 5.0 40.0 0.0 0.0 0.0 0.0 0.0 0.0 4.0 3.0 5.0 1.0 0.0 0.0 0.0 0.0 2.0 6.0 0.0 0.0 19.0 102.0 1.0 0.0 0.0 0.0 0.0 0.0 1.0 0.0 0.0 0.0 13.0 62.0 1.0 0.0 3.0 1.0 0.0 0.0 5.0 12.0 11.0 6.0 2.0 0.0 2.0 0.0 0.0 0.0 1.0 1.0 32.0 41.0 1.0 0.0 2.0 7.0 0.0 0.0 3.0 1.0 0.0 0.0 9.0 35.0 6.0 0.0 1.0 0.0 0.0 0.0 0.0 19.0 
25_3_004_34
0.0 0.0 0.0 0.0 0.0 3.0 56.0 4.0 2.0 0.0 0.0 0.0 4.0 2.0 26.0 12.0 1.0 1.0 13.0 37.0 22.0 0.0 -1.0 2.0 22.0 6.0 4.0 16.0 1.0 0.0 0.0 -10.0 2.0 0.0 0.0 0.0 0.0 4.0 27.0 28.0 0.0 2.0 80.0 21.0 1.0 5.0 3.0 0.0 10.0 53.0 63.0 6.0 0.0 0.0 0.0 -8.0 17.0 18.0 4.0 0.0 7.0 7.0 0.0 -8.0 102.0 0.0 0.0 0.0 0.0 0.0 -7.0 -6.0 -4.0 22.0 43.0 88.0 1.0 0.0 0.0 0.0 17.0 0.0 9.0 9.0 1.0 0.0 -3.0 36.0 0.0 0.0 0.0 0.0 0.0 27.0 22.0 6.0 4.0 0.0 0.0 0.0 0.0 9.0 -17.0 70.0 10.0 2.0 2.0 9.0 17.0 29.0 3.0 -4.0 0.0 0.0 0.0 5.0 31.0 19.0 23.0 36.0 0.0 0.0 1.0 5.0 11.0 15.0 8.0 29.0 
25_3_004_35
0.0 0.0 0.0 0.0 6.0 17.0 5.0 15.0 2.0 6.0 0.0 12.0 34.0 8.0 0.0 -2.0 -19.0 43.0 12.0 9.0 3.0 2.0 0.0 0.0 0.0 0.0 0.0 3.0 1.0 6.0 22.0 3.0 1.0 0.0 0.0 0.0 0.0 0.0 0.0 49.0 0.0 -4.0 27.0 77.0 3.0 1.0 0.0 0.0 6.0 6.0 22.0 10.0 0.0 0.0 -2.0 6.0 0.0 0.0 0.0 0.0 0.0 2.0 21.0 25.0 6.0 0.0 0.0 0.0 0.0 0.0 -2.0 47.0 -2.0 8.0 6.0 51.0 42.0 0.0 0.0 0.0 3.0 11.0 1.0 25.0 55.0 10.0 0.0 -3.0 11.0 0.0 0.0 0.0 0.0 4.0 -18.0 102.0 35.0 21.0 0.0 0.0 0.0 0.0 -11.0 10.0 -19.0 88.0 0.0 0.0 0.0 0.0 0.0 1.0 -5.0 9.0 7.0 4.0 2.0 10.0 22.0 1.0 0.0 0.0 0.0 1.0 8.0 24.0 8.0 0.0 
25_3_004_36
0.0 0.0 32.0 11.0 2.0 3.0 47.0 3.0 0.0 0.0 0.0 3.0 14.0 12.0 75.0 13.0 10.0 6.0 0.0 0.0 2.0 0.0 -5.0 50.0 6.0 52.0 16.0 0.0 0.0 0.0 0.0 3.0 0.0 0.0 0.0 0.0 0.0 0.0 102.0 63.0 0.0 0.0 2.0 18.0 12.0 1.0 4.0 0.0 0.0 11.0 26.0 52.0 15.0 0.0 0.0 0.0 5.0 20.0 9.0 0.0 0.0 2.0 8.0 8.0 4.0 11.0 0.0 0.0 0.0 2.0 20.0 21.0 0.0 18.0 25.0 4.0 2.0 1.0 0.0 0.0 0.0 0.0 15.0 13.0 8.0 28.0 42.0 3.0 0.0 0.0 0.0 9.0 31.0 46.0 4.0 0.0 0.0 0.0 0.0 4.0 1.0 20.0 22.0 0.0 0.0 0.0 1.0 17.0 27.0 8.0 0.0 0.0 4.0 7.0 0.0 0.0 0.0 3.0 11.0 35.0 0.0 2.0 8.0 10.0 8.0 2.0 0.0 1.0 
25_3_004_37
1.0 0.0 0.0 0.0 0.0 1.0 9.0 2.0 0.0 0.0 1.0 73.0 26.0 0.0 0.0 0.0 12.0 1.0 0.0 0.0 0.0 0.0 0.0 52.0 6.0 0.0 2.0 2.0 0.0 0.0 1.0 13.0 15.0 9.0 0.0 0.0 0.0 0.0 0.0 2.0 0.0 1.0 19.0 102.0 2.0 0.0 0.0 0.0 13.0 0.0 0.0 0.0 0.0 0.0 0.0 61.0 12.0 0.0 3.0 5.0 0.0 0.0 0.0 7.0 2.0 3.0 0.0 1.0 14.0 8.0 3.0 1.0 0.0 5.0 7.0 60.0 15.0 0.0 0.0 0.0 8.0 4.0 0.0 0.0 2.0 2.0 4.0 35.0 3.0 1.0 4.0 0.0 0.0 0.0 0.0 4.0 0.0 0.0 0.0 11.0 18.0 1.0 0.0 0.0 0.0 0.0 0.0 18.0 30.0 0.0 0.0 0.0 0.0 0.0 0.0 0.0 11.0 12.0 12.0 2.0 0.0 0.0 0.0 0.0 1.0 6.0 1.0 0.0 
25_3_004_38
4.0 2.0 1.0 0.0 0.0 0.0 0.0 -1.0 12.0 7.0 10.0 2.0 0.0 0.0 0.0 -3.0 0.0 0.0 0.0 0.0 0.0 0.0 -25.0 66.0 2.0 0.0 0.0 0.0 0.0 0.0 -10.0 34.0 0.0 0.0 0.0 3.0 2.0 1.0 4.0 0.0 2.0 1.0 4.0 30.0 5.0 4.0 0.0 0.0 0.0 0.0 0.0 0.0 0.0 3.0 -2.0 72.0 15.0 1.0 1.0 0.0 2.0 2.0 -7.0 14.0 0.0 0.0 0.0 9.0 10.0 0.0 2.0 4.0 0.0 0.0 0.0 54.0 7.0 1.0 0.0 0.0 0.0 0.0 0.0 0.0 0.0 1.0 20.0 82.0 0.0 0.0 0.0 1.0 14.0 6.0 0.0 0.0 0.0 0.0 0.0 10.0 3.0 0.0 2.0 2.0 0.0 0.0 1.0 45.0 9.0 0.0 0.0 0.0 0.0 0.0 0.0 0.0 0.0 0.0 -16.0 102.0 0.0 1.0 8.0 2.0 0.0 0.0 0.0 0.0 
25_3_004_39
0.0 0.0 0.0 0.0 0.0 0.0 0.0 2.0 -5.0 14.0 0.0 0.0 0.0 0.0 0.0 2.0 -13.0 13.0 78.0 11.0 0.0 0.0 0.0 0.0 0.0 -5.0 23.0 6.0 1.0 0.0 2.0 5.0 0.0 0.0 0.0 0.0 0.0 0.0 0.0 2.0 -8.0 4.0 63.0 35.0 0.0 0.0 0.0 0.0 -26.0 76.0 11.0 5.0 1.0 0.0 0.0 1.0 0.0 0.0 3.0 19.0 0.0 0.0 -1.0 13.0 0.0 0.0 0.0 0.0 0.0 0.0 1.0 1.0 0.0 0.0 3.0 102.0 4.0 0.0 0.0 0.0 0.0 0.0 0.0 8.0 4.0 3.0 9.0 1.0 0.0 0.0 0.0 11.0 6.0 1.0 9.0 6.0 0.0 0.0 0.0 0.0 0.0 0.0 0.0 2.0 0.0 0.0 4.0 55.0 8.0 0.0 0.0 0.0 -3.0 6.0 5.0 9.0 2.0 1.0 1.0 0.0 0.0 0.0 0.0 2.0 4.0 2.0 3.0 3.0 
25_3_004_40
0.0 0.0 0.0 0.0 0.0 0.0 0.0 0.0 0.0 0.0 0.0 7.0 4.0 0.0 0.0 0.0 0.0 1.0 7.0 70.0 3.0 0.0 1.0 2.0 0.0 0.0 0.0 0.0 0.0 0.0 15.0 13.0 0.0 0.0 0.0 0.0 0.0 0.0 0.0 2.0 0.0 0.0 1.0 11.0 0.0 0.0 0.0 0.0 1.0 0.0 9.0 95.0 0.0 0.0 0.0 9.0 0.0 0.0 0.0 0.0 0.0 0.0 5.0 29.0 2.0 0.0 0.0 0.0 0.0 0.0 0.0 1.0 0.0 0.0 1.0 13.0 0.0 0.0 0.0 0.0 2.0 0.0 8.0 102.0 0.0 0.0 0.0 16.0 1.0 0.0 0.0 0.0 0.0 0.0 0.0 35.0 0.0 0.0 0.0 0.0 0.0 0.0 0.0 1.0 0.0 0.0 2.0 15.0 0.0 0.0 0.0 0.0 4.0 0.0 13.0 82.0 0.0 0.0 0.0 13.0 4.0 0.0 0.0 0.0 0.0 0.0 0.0 26.0 
25_3_004_41
0.0 5.0 6.0 0.0 0.0 3.0 12.0 5.0 0.0 4.0 19.0 2.0 1.0 6.0 3.0 0.0 0.0 29.0 32.0 6.0 9.0 0.0 0.0 0.0 0.0 15.0 34.0 16.0 4.0 0.0 0.0 0.0 4.0 33.0 9.0 0.0 0.0 0.0 -1.0 6.0 0.0 21.0 99.0 48.0 0.0 0.0 0.0 0.0 2.0 62.0 51.0 0.0 1.0 2.0 7.0 4.0 2.0 36.0 47.0 7.0 0.0 0.0 0.0 2.0 14.0 68.0 16.0 0.0 0.0 0.0 0.0 4.0 9.0 20.0 10.0 39.0 10.0 16.0 26.0 1.0 0.0 0.0 64.0 42.0 0.0 40.0 36.0 0.0 0.0 0.0 11.0 19.0 2.0 9.0 72.0 2.0 0.0 0.0 0.0 0.0 6.0 30.0 18.0 7.0 0.0 22.0 59.0 10.0 2.0 0.0 6.0 5.0 0.0 12.0 49.0 1.0 0.0 31.0 95.0 3.0 0.0 0.0 0.0 0.0 1.0 37.0 102.0 0.0 
25_3_004_42
12.0 15.0 40.0 12.0 0.0 0.0 0.0 13.0 0.0 0.0 0.0 10.0 22.0 3.0 16.0 4.0 0.0 0.0 0.0 0.0 0.0 1.0 37.0 43.0 0.0 0.0 0.0 0.0 15.0 12.0 5.0 2.0 20.0 0.0 2.0 61.0 11.0 0.0 0.0 63.0 14.0 12.0 12.0 35.0 8.0 0.0 8.0 22.0 70.0 17.0 0.0 0.0 0.0 0.0 10.0 30.0 5.0 0.0 0.0 8.0 3.0 0.0 3.0 11.0 11.0 0.0 0.0 72.0 34.0 0.0 1.0 7.0 56.0 9.0 4.0 43.0 8.0 0.0 0.0 8.0 15.0 0.0 0.0 0.0 0.0 0.0 21.0 102.0 6.0 2.0 5.0 1.0 0.0 0.0 0.0 19.0 0.0 0.0 0.0 64.0 33.0 0.0 0.0 0.0 23.0 0.0 0.0 3.0 7.0 2.0 4.0 23.0 9.0 1.0 0.0 0.0 0.0 0.0 19.0 59.0 5.0 16.0 3.0 0.0 0.0 0.0 0.0 3.0 
25_3_004_43
0.0 0.0 0.0 71.0 27.0 0.0 0.0 0.0 -2.0 3.0 13.0 11.0 5.0 2.0 1.0 0.0 0.0 2.0 0.0 5.0 9.0 3.0 6.0 7.0 0.0 0.0 0.0 0.0 2.0 1.0 3.0 10.0 0.0 0.0 11.0 99.0 0.0 0.0 0.0 0.0 0.0 -2.0 20.0 19.0 1.0 6.0 10.0 7.0 0.0 -1.0 4.0 9.0 11.0 8.0 4.0 0.0 0.0 0.0 0.0 0.0 0.0 0.0 -2.0 22.0 0.0 0.0 3.0 102.0 6.0 0.0 0.0 0.0 0.0 0.0 0.0 19.0 9.0 2.0 2.0 31.0 0.0 -1.0 10.0 38.0 0.0 0.0 0.0 0.0 0.0 0.0 0.0 0.0 0.0 0.0 -8.0 32.0 0.0 0.0 0.0 49.0 14.0 0.0 0.0 0.0 0.0 0.0 0.0 14.0 17.0 2.0 0.0 1.0 0.0 0.0 5.0 23.0 1.0 0.0 0.0 0.0 0.0 0.0 0.0 0.0 0.0 0.0 -3.0 20.0 
25_3_004_44
0.0 0.0 0.0 11.0 3.0 0.0 0.0 0.0 2.0 0.0 0.0 0.0 0.0 0.0 3.0 25.0 18.0 2.0 0.0 0.0 0.0 0.0 0.0 15.0 15.0 0.0 0.0 0.0 0.0 0.0 0.0 48.0 0.0 0.0 0.0 14.0 8.0 0.0 0.0 0.0 0.0 0.0 0.0 0.0 0.0 0.0 5.0 40.0 11.0 3.0 3.0 27.0 2.0 0.0 0.0 18.0 7.0 0.0 0.0 0.0 0.0 0.0 1.0 100.0 0.0 0.0 0.0 16.0 3.0 0.0 0.0 0.0 10.0 9.0 3.0 0.0 0.0 0.0 1.0 10.0 1.0 7.0 9.0 8.0 0.0 0.0 8.0 26.0 0.0 0.0 0.0 0.0 0.0 0.0 7.0 102.0 2.0 2.0 3.0 9.0 0.0 0.0 0.0 0.0 10.0 3.0 6.0 7.0 0.0 0.0 0.0 5.0 4.0 0.0 3.0 0.0 0.0 1.0 9.0 14.0 30.0 0.0 0.0 0.0 0.0 0.0 0.0 68.0 
25_3_004_45
25.0 6.0 9.0 14.0 5.0 0.0 0.0 6.0 11.0 5.0 4.0 3.0 0.0 0.0 0.0 0.0 0.0 2.0 30.0 30.0 0.0 0.0 0.0 0.0 0.0 37.0 38.0 20.0 0.0 0.0 0.0 0.0 0.0 0.0 0.0 7.0 18.0 19.0 7.0 5.0 0.0 6.0 14.0 43.0 21.0 6.0 0.0 0.0 8.0 13.0 14.0 14.0 13.0 3.0 -1.0 10.0 0.0 0.0 4.0 14.0 34.0 87.0 5.0 0.0 15.0 1.0 1.0 53.0 51.0 0.0 0.0 0.0 2.0 5.0 23.0 102.0 1.0 0.0 0.0 0.0 12.0 1.0 6.0 7.0 2.0 0.0 -29.0 100.0 0.0 0.0 0.0 0.0 1.0 4.0 3.0 22.0 0.0 0.0 0.0 43.0 76.0 1.0 0.0 0.0 0.0 0.0 3.0 26.0 49.0 57.0 1.0 0.0 17.0 1.0 2.0 22.0 47.0 0.0 -9.0 34.0 45.0 0.0 0.0 0.0 0.0 0.0 -8.0 35.0 
25_3_004_46
3.0 7.0 9.0 0.0 0.0 0.0 0.0 0.0 9.0 24.0 18.0 10.0 4.0 0.0 0.0 0.0 18.0 26.0 11.0 1.0 0.0 0.0 1.0 6.0 0.0 0.0 2.0 5.0 0.0 9.0 22.0 0.0 5.0 0.0 0.0 0.0 0.0 9.0 28.0 15.0 0.0 0.0 14.0 72.0 49.0 11.0 0.0 0.0 7.0 0.0 0.0 0.0 0.0 0.0 22.0 48.0 10.0 0.0 0.0 1.0 0.0 0.0 7.0 10.0 44.0 34.0 0.0 0.0 0.0 0.0 0.0 7.0 0.0 20.0 102.0 53.0 0.0 0.0 0.0 0.0 92.0 18.0 0.0 0.0 0.0 0.0 0.0 24.0 18.0 31.0 1.0 0.0 0.0 0.0 0.0 4.0 2.0 12.0 4.0 5.0 2.0 0.0 0.0 0.0 0.0 10.0 17.0 23.0 16.0 1.0 0.0 0.0 5.0 0.0 0.0 0.0 0.0 12.0 49.0 44.0 2.0 4.0 0.0 0.0 19.0 19.0 1.0 0.0 
25_3_004_47
0.0 0.0 0.0 0.0 0.0 67.0 102.0 21.0 0.0 0.0 0.0 0.0 65.0 84.0 42.0 0.0 0.0 0.0 0.0 0.0 1.0 29.0 64.0 0.0 0.0 0.0 0.0 1.0 9.0 19.0 14.0 32.0 0.0 0.0 0.0 0.0 0.0 64.0 43.0 28.0 6.0 -27.0 70.0 32.0 71.0 71.0 10.0 0.0 0.0 0.0 0.0 17.0 15.0 13.0 21.0 5.0 0.0 0.0 0.0 12.0 9.0 14.0 21.0 13.0 83.0 0.0 0.0 0.0 0.0 13.0 16.0 -11.0 20.0 21.0 22.0 21.0 19.0 6.0 1.0 -7.0 0.0 -15.0 36.0 20.0 18.0 6.0 2.0 1.0 -3.0 -1.0 19.0 0.0 5.0 0.0 4.0 79.0 4.0 1.0 0.0 0.0 0.0 11.0 5.0 1.0 -6.0 1.0 47.0 0.0 1.0 3.0 1.0 0.0 0.0 -25.0 70.0 18.0 0.0 0.0 0.0 0.0 -2.0 6.0 2.0 0.0 0.0 4.0 7.0 50.0 
25_3_004_48
0.0 0.0 0.0 12.0 0.0 0.0 0.0 0.0 0.0 0.0 0.0 10.0 2.0 0.0 0.0 0.0 0.0 0.0 7.0 54.0 0.0 0.0 0.0 0.0 0.0 0.0 0.0 11.0 1.0 0.0 38.0 48.0 0.0 0.0 5.0 14.0 0.0 0.0 0.0 0.0 0.0 0.0 3.0 8.0 2.0 0.0 0.0 0.0 0.0 0.0 8.0 61.0 3.0 0.0 4.0 0.0 0.0 0.0 0.0 0.0 0.0 0.0 102.0 64.0 0.0 0.0 4.0 13.0 0.0 0.0 0.0 0.0 0.0 0.0 1.0 12.0 0.0 0.0 0.0 0.0 0.0 0.0 2.0 24.0 7.0 11.0 61.0 8.0 0.0 0.0 0.0 0.0 0.0 0.0 74.0 41.0 0.0 0.0 3.0 4.0 0.0 0.0 0.0 0.0 0.0 0.0 0.0 0.0 2.0 3.0 34.0 1.0 0.0 0.0 0.0 0.0 0.0 19.0 96.0 0.0 0.0 0.0 0.0 1.0 0.0 0.0 13.0 0.0 
25_3_004_49
0.0 0.0 0.0 0.0 0.0 1.0 0.0 0.0 0.0 0.0 0.0 1.0 0.0 0.0 0.0 0.0 0.0 0.0 49.0 60.0 0.0 0.0 0.0 0.0 0.0 0.0 5.0 5.0 0.0 0.0 24.0 16.0 0.0 0.0 0.0 0.0 0.0 1.0 0.0 0.0 0.0 0.0 1.0 15.0 2.0 0.0 0.0 0.0 0.0 0.0 18.0 102.0 4.0 1.0 4.0 0.0 0.0 0.0 0.0 0.0 0.0 0.0 34.0 21.0 0.0 0.0 0.0 0.0 1.0 0.0 0.0 0.0 0.0 0.0 4.0 28.0 2.0 0.0 0.0 0.0 0.0 0.0 8.0 62.0 14.0 2.0 9.0 2.0 0.0 0.0 0.0 0.0 0.0 0.0 8.0 14.0 0.0 0.0 0.0 0.0 1.0 1.0 0.0 0.0 0.0 0.0 0.0 11.0 9.0 0.0 0.0 0.0 0.0 0.0 0.0 28.0 29.0 1.0 0.0 0.0 0.0 0.0 0.0 0.0 0.0 0.0 1.0 6.0 
25_3_004_50
0.0 0.0 0.0 4.0 16.0 49.0 3.0 0.0 4.0 0.0 0.0 3.0 2.0 14.0 20.0 11.0 13.0 18.0 1.0 0.0 0.0 0.0 0.0 8.0 7.0 24.0 0.0 0.0 0.0 0.0 0.0 0.0 24.0 28.0 7.0 3.0 0.0 0.0 0.0 3.0 0.0 0.0 0.0 2.0 3.0 43.0 31.0 10.0 1.0 25.0 27.0 47.0 29.0 6.0 0.0 0.0 60.0 3.0 0.0 0.0 0.0 0.0 10.0 22.0 62.0 7.0 1.0 0.0 0.0 0.0 0.0 28.0 26.0 50.0 48.0 0.0 0.0 0.0 5.0 37.0 0.0 9.0 102.0 47.0 3.0 1.0 15.0 5.0 15.0 2.0 0.0 0.0 0.0 18.0 27.0 16.0 10.0 10.0 10.0 5.0 0.0 0.0 0.0 0.0 16.0 97.0 37.0 17.0 3.0 2.0 4.0 15.0 11.0 5.0 2.0 0.0 0.0 0.0 37.0 88.0 1.0 2.0 1.0 0.0 0.0 11.0 8.0 5.0 
25_3_004_51
22.0 1.0 1.0 0.0 0.0 0.0 0.0 16.0 0.0 3.0 24.0 5.0 0.0 0.0 0.0 0.0 10.0 37.0 9.0 0.0 0.0 0.0 0.0 6.0 2.0 17.0 13.0 11.0 0.0 0.0 0.0 0.0 6.0 2.0 0.0 0.0 1.0 2.0 13.0 11.0 0.0 5.0 5.0 3.0 4.0 17.0 27.0 2.0 4.0 5.0 8.0 21.0 66.0 5.0 1.0 4.0 6.0 0.0 0.0 0.0 0.0 0.0 15.0 31.0 0.0 1.0 10.0 5.0 6.0 5.0 3.0 0.0 35.0 7.0 0.0 0.0 0.0 0.0 6.0 23.0 0.0 1.0 39.0 102.0 3.0 0.0 0.0 0.0 53.0 15.0 0.0 0.0 0.0 0.0 0.0 19.0 0.0 19.0 30.0 0.0 0.0 0.0 0.0 0.0 14.0 47.0 6.0 1.0 0.0 0.0 0.0 0.0 0.0 18.0 61.0 26.0 10.0 0.0 0.0 0.0 26.0 8.0 1.0 1.0 2.0 9.0 16.0 26.0 
25_3_004_52
0.0 0.0 1.0 7.0 6.0 0.0 0.0 0.0 0.0 0.0 1.0 18.0 2.0 0.0 0.0 0.0 0.0 1.0 29.0 47.0 0.0 0.0 0.0 0.0 0.0 0.0 2.0 6.0 0.0 0.0 0.0 0.0 0.0 0.0 1.0 6.0 3.0 1.0 1.0 0.0 0.0 0.0 0.0 36.0 6.0 0.0 0.0 0.0 0.0 0.0 16.0 77.0 0.0 0.0 0.0 0.0 0.0 0.0 4.0 4.0 0.0 0.0 0.0 0.0 0.0 0.0 6.0 6.0 1.0 0.0 0.0 0.0 0.0 0.0 0.0 24.0 12.0 3.0 0.0 0.0 0.0 0.0 6.0 46.0 38.0 60.0 0.0 0.0 0.0 0.0 0.0 0.0 19.0 35.0 0.0 0.0 0.0 0.0 0.0 2.0 1.0 0.0 0.0 0.0 0.0 0.0 0.0 1.0 0.0 3.0 52.0 21.0 0.0 0.0 0.0 0.0 8.0 102.0 17.0 0.0 0.0 0.0 0.0 0.0 66.0 77.0 0.0 0.0 
25_3_004_53
2.0 0.0 0.0 0.0 3.0 14.0 18.0 9.0 14.0 14.0 1.0 0.0 0.0 0.0 3.0 12.0 4.0 31.0 0.0 0.0 0.0 0.0 0.0 0.0 14.0 0.0 0.0 0.0 0.0 2.0 12.0 21.0 0.0 0.0 0.0 3.0 3.0 30.0 21.0 3.0 3.0 28.0 24.0 31.0 24.0 13.0 0.0 0.0 65.0 19.0 0.0 0.0 0.0 0.0 7.0 24.0 11.0 17.0 20.0 0.0 0.0 0.0 13.0 18.0 21.0 26.0 24.0 0.0 0.0 0.0 11.0 38.0 1.0 9.0 102.0 70.0 4.0 0.0 3.0 3.0 27.0 0.0 0.0 0.0 0.0 16.0 37.0 29.0 4.0 30.0 32.0 0.0 4.0 11.0 0.0 0.0 19.0 86.0 36.0 10.0 0.0 0.0 0.0 6.0 10.0 11.0 10.0 0.0 0.0 0.0 41.0 80.0 2.0 1.0 0.0 0.0 0.0 21.0 16.0 5.0 0.0 0.0 14.0 16.0 3.0 31.0 9.0 4.0 
25_3_004_54
0.0 0.0 0.0 0.0 0.0 31.0 36.0 0.0 0.0 0.0 0.0 3.0 5.0 47.0 32.0 0.0 0.0 0.0 1.0 20.0 18.0 14.0 3.0 0.0 0.0 0.0 9.0 15.0 12.0 29.0 1.0 0.0 0.0 0.0 0.0 0.0 0.0 26.0 54.0 6.0 0.0 0.0 10.0 88.0 19.0 19.0 3.0 0.0 0.0 0.0 7.0 7.0 4.0 4.0 15.0 15.0 0.0 0.0 30.0 102.0 2.0 0.0 0.0 0.0 2.0 34.0 20.0 1.0 5.0 8.0 2.0 3.0 0.0 19.0 65.0 76.0 0.0 0.0 0.0 0.0 4.0 1.0 6.0 2.0 0.0 0.0 -6.0 54.0 0.0 0.0 11.0 102.0 36.0 0.0 0.0 0.0 68.0 68.0 15.0 2.0 0.0 0.0 -5.0 -9.0 16.0 48.0 39.0 3.0 1.0 0.0 0.0 -4.0 53.0 8.0 7.0 0.0 0.0 0.0 -31.0 55.0 0.0 9.0 67.0 30.0 0.0 0.0 0.0 0.0 
25_3_004_55
21.0 0.0 0.0 0.0 0.0 0.0 -11.0 26.0 10.0 6.0 0.0 0.0 0.0 0.0 0.0 -3.0 -7.0 36.0 0.0 0.0 0.0 0.0 0.0 0.0 -18.0 80.0 0.0 0.0 0.0 0.0 0.0 0.0 31.0 0.0 0.0 0.0 0.0 0.0 1.0 31.0 0.0 33.0 9.0 5.0 1.0 1.0 0.0 2.0 -40.0 102.0 10.0 0.0 0.0 0.0 0.0 0.0 -14.0 31.0 8.0 9.0 10.0 0.0 0.0 0.0 0.0 0.0 0.0 0.0 0.0 0.0 6.0 58.0 4.0 2.0 7.0 54.0 1.0 0.0 0.0 -1.0 0.0 4.0 20.0 5.0 1.0 0.0 0.0 -1.0 -10.0 27.0 7.0 1.0 4.0 1.0 0.0 0.0 0.0 0.0 0.0 0.0 0.0 0.0 0.0 22.0 0.0 0.0 2.0 24.0 3.0 0.0 -1.0 4.0 0.0 0.0 0.0 0.0 16.0 9.0 1.0 0.0 0.0 0.0 0.0 0.0 3.0 25.0 6.0 0.0 
25_3_004_56
1.0 0.0 0.0 0.0 0.0 0.0 0.0 4.0 0.0 0.0 5.0 2.0 0.0 0.0 0.0 3.0 0.0 9.0 73.0 12.0 0.0 0.0 0.0 0.0 1.0 12.0 23.0 6.0 0.0 0.0 0.0 0.0 12.0 3.0 0.0 0.0 0.0 0.0 0.0 1.0 0.0 7.0 18.0 11.0 0.0 0.0 0.0 0.0 5.0 2.0 44.0 91.0 0.0 0.0 0.0 4.0 3.0 0.0 0.0 5.0 4.0 1.0 4.0 27.0 7.0 13.0 0.0 0.0 0.0 0.0 0.0 0.0 0.0 12.0 18.0 11.0 0.0 0.0 0.0 0.0 0.0 0.0 10.0 102.0 3.0 0.0 1.0 11.0 8.0 0.0 8.0 13.0 0.0 0.0 2.0 37.0 0.0 6.0 1.0 0.0 0.0 0.0 0.0 0.0 0.0 5.0 12.0 8.0 0.0 0.0 0.0 0.0 0.0 0.0 3.0 65.0 2.0 0.0 0.0 0.0 20.0 2.0 2.0 5.0 0.0 0.0 0.0 9.0 
25_3_004_57
3.0 4.0 6.0 7.0 37.0 35.0 2.0 2.0 58.0 4.0 0.0 3.0 1.0 0.0 1.0 25.0 6.0 22.0 17.0 2.0 1.0 0.0 0.0 0.0 3.0 42.0 18.0 11.0 10.0 0.0 0.0 0.0 15.0 7.0 2.0 38.0 41.0 8.0 5.0 5.0 19.0 37.0 32.0 102.0 32.0 0.0 0.0 0.0 74.0 66.0 7.0 0.0 0.0 0.0 1.0 35.0 0.0 1.0 5.0 0.0 3.0 49.0 24.0 0.0 9.0 64.0 49.0 1.0 0.0 0.0 0.0 0.0 0.0 1.0 53.0 60.0 33.0 11.0 0.0 0.0 31.0 5.0 6.0 0.0 0.0 16.0 26.0 75.0 20.0 0.0 0.0 0.0 0.0 14.0 18.0 82.0 0.0 16.0 8.0 4.0 2.0 0.0 0.0 0.0 1.0 7.0 1.0 6.0 14.0 8.0 0.0 2.0 0.0 0.0 0.0 4.0 2.0 36.0 71.0 14.0 0.0 1.0 2.0 0.0 0.0 0.0 54.0 60.0 
25_3_004_58
0.0 0.0 0.0 7.0 21.0 2.0 0.0 22.0 15.0 29.0 7.0 0.0 0.0 0.0 -30.0 95.0 7.0 99.0 84.0 0.0 0.0 0.0 0.0 0.0 66.0 63.0 1.0 0.0 0.0 0.0 0.0 -1.0 0.0 0.0 1.0 16.0 55.0 3.0 0.0 0.0 2.0 39.0 72.0 51.0 7.0 0.0 -1.0 4.0 5.0 25.0 21.0 6.0 8.0 4.0 -16.0 54.0 2.0 7.0 1.0 0.0 1.0 2.0 -16.0 69.0 0.0 7.0 23.0 17.0 5.0 2.0 1.0 0.0 0.0 0.0 16.0 85.0 26.0 42.0 34.0 0.0 0.0 0.0 0.0 0.0 37.0 102.0 64.0 5.0 0.0 0.0 0.0 1.0 11.0 8.0 8.0 5.0 0.0 8.0 28.0 13.0 6.0 0.0 0.0 1.0 0.0 0.0 0.0 3.0 0.0 5.0 82.0 62.0 0.0 0.0 11.0 46.0 26.0 8.0 12.0 0.0 0.0 0.0 0.0 6.0 38.0 16.0 0.0 0.0 
25_3_004_59
0.0 0.0 0.0 11.0 7.0 2.0 0.0 0.0 0.0 0.0 0.0 62.0 19.0 3.0 0.0 0.0 0.0 0.0 0.0 9.0 6.0 0.0 0.0 0.0 0.0 0.0 0.0 0.0 0.0 0.0 0.0 1.0 0.0 0.0 0.0 1.0 7.0 4.0 0.0 0.0 0.0 0.0 1.0 102.0 11.0 3.0 1.0 0.0 0.0 0.0 2.0 23.0 0.0 0.0 0.0 0.0 0.0 0.0 0.0 1.0 0.0 0.0 0.0 0.0 3.0 1.0 3.0 0.0 0.0 0.0 0.0 1.0 0.0 0.0 24.0 101.0 0.0 0.0 0.0 0.0 0.0 0.0 1.0 15.0 1.0 0.0 0.0 0.0 0.0 0.0 0.0 0.0 0.0 0.0 0.0 0.0 1.0 2.0 3.0 7.0 0.0 0.0 0.0 0.0 0.0 0.0 36.0 60.0 0.0 0.0 0.0 0.0 0.0 0.0 0.0 4.0 2.0 0.0 0.0 0.0 0.0 0.0 1.0 2.0 0.0 0.0 0.0 0.0 
25_3_004_60
7.0 8.0 1.0 23.0 22.0 0.0 0.0 0.0 42.0 23.0 3.0 21.0 11.0 0.0 0.0 0.0 0.0 0.0 2.0 83.0 23.0 0.0 0.0 0.0 0.0 0.0 1.0 3.0 0.0 0.0 0.0 0.0 0.0 0.0 0.0 40.0 52.0 1.0 0.0 0.0 5.0 3.0 2.0 10.0 20.0 5.0 1.0 0.0 0.0 0.0 9.0 102.0 2.0 0.0 0.0 0.0 0.0 0.0 0.0 3.0 1.0 0.0 0.0 0.0 0.0 0.0 26.0 49.0 0.0 0.0 0.0 0.0 0.0 0.0 8.0 43.0 0.0 0.0 0.0 0.0 0.0 0.0 22.0 90.0 0.0 0.0 0.0 0.0 0.0 3.0 3.0 0.0 0.0 0.0 0.0 0.0 0.0 0.0 13.0 33.0 0.0 0.0 0.0 0.0 0.0 0.0 0.0 22.0 14.0 2.0 0.0 0.0 0.0 0.0 0.0 85.0 3.0 0.0 0.0 0.0 0.0 0.0 0.0 1.0 0.0 0.0 0.0 0.0 
25_3_004_61
0.0 1.0 2.0 2.0 0.0 0.0 0.0 0.0 0.0 0.0 39.0 48.0 0.0 0.0 0.0 0.0 0.0 7.0 6.0 11.0 1.0 2.0 2.0 2.0 0.0 0.0 0.0 5.0 0.0 0.0 1.0 10.0 0.0 1.0 4.0 10.0 0.0 0.0 0.0 0.0 0.0 1.0 25.0 89.0 0.0 0.0 0.0 0.0 12.0 0.0 1.0 29.0 3.0 0.0 1.0 29.0 0.0 0.0 0.0 7.0 0.0 0.0 1.0 12.0 0.0 0.0 1.0 19.0 0.0 0.0 0.0 0.0 0.0 0.0 2.0 102.0 11.0 0.0 0.0 0.0 9.0 8.0 10.0 5.0 0.0 1.0 1.0 19.0 3.0 2.0 2.0 2.0 0.0 0.0 0.0 6.0 0.0 1.0 2.0 14.0 0.0 0.0 0.0 0.0 0.0 1.0 14.0 52.0 2.0 0.0 0.0 4.0 0.0 0.0 3.0 10.0 12.0 5.0 0.0 0.0 3.0 6.0 6.0 0.0 0.0 0.0 0.0 0.0 
25_3_004_62
0.0 0.0 0.0 4.0 3.0 6.0 7.0 0.0 7.0 0.0 0.0 0.0 2.0 1.0 5.0 20.0 11.0 2.0 2.0 7.0 0.0 1.0 15.0 11.0 0.0 0.0 0.0 0.0 0.0 0.0 38.0 44.0 0.0 -2.0 8.0 9.0 1.0 0.0 4.0 2.0 0.0 0.0 2.0 33.0 8.0 9.0 24.0 9.0 6.0 3.0 0.0 0.0 0.0 0.0 28.0 102.0 0.0 0.0 0.0 0.0 0.0 0.0 19.0 33.0 0.0 -5.0 17.0 5.0 0.0 0.0 6.0 23.0 -5.0 10.0 8.0 35.0 10.0 2.0 2.0 22.0 0.0 0.0 0.0 0.0 0.0 0.0 81.0 92.0 0.0 0.0 0.0 0.0 0.0 2.0 9.0 8.0 0.0 -1.0 4.0 2.0 0.0 0.0 12.0 18.0 2.0 0.0 2.0 0.0 2.0 17.0 26.0 0.0 0.0 0.0 0.0 0.0 0.0 0.0 72.0 43.0 0.0 0.0 0.0 0.0 1.0 2.0 0.0 0.0 
25_3_004_63
0.0 0.0 0.0 2.0 8.0 0.0 0.0 0.0 0.0 0.0 0.0 36.0 38.0 0.0 0.0 0.0 0.0 0.0 2.0 2.0 1.0 1.0 0.0 0.0 0.0 0.0 0.0 0.0 0.0 0.0 0.0 5.0 1.0 4.0 0.0 0.0 0.0 0.0 0.0 -1.0 0.0 0.0 8.0 79.0 5.0 0.0 0.0 0.0 1.0 0.0 1.0 8.0 0.0 0.0 -1.0 4.0 0.0 0.0 0.0 0.0 0.0 0.0 0.0 3.0 5.0 36.0 0.0 0.0 0.0 0.0 0.0 -6.0 -31.0 76.0 37.0 35.0 0.0 0.0 0.0 0.0 8.0 0.0 2.0 3.0 0.0 0.0 -1.0 2.0 0.0 0.0 0.0 0.0 0.0 0.0 1.0 5.0 19.0 102.0 0.0 0.0 0.0 0.0 0.0 -18.0 33.0 54.0 0.0 0.0 0.0 0.0 -10.0 18.0 0.0 0.0 0.0 0.0 0.0 0.0 -15.0 38.0 0.0 0.0 0.0 0.0 0.0 0.0 -2.0 12.0 
25_3_004_64
0.0 1.0 0.0 19.0 25.0 3.0 0.0 0.0 2.0 0.0 0.0 4.0 7.0 9.0 3.0 4.0 0.0 5.0 9.0 31.0 6.0 0.0 0.0 0.0 3.0 2.0 0.0 0.0 4.0 1.0 -4.0 16.0 0.0 0.0 0.0 40.0 53.0 0.0 0.0 0.0 21.0 2.0 6.0 10.0 7.0 0.0 -2.0 7.0 0.0 0.0 13.0 67.0 3.0 0.0 0.0 0.0 6.0 4.0 0.0 0.0 1.0 0.0 -14.0 53.0 0.0 0.0 0.0 20.0 18.0 0.0 0.0 0.0 0.0 2.0 0.0 28.0 58.0 5.0 -1.0 5.0 0.0 0.0 4.0 35.0 28.0 21.0 1.0 0.0 13.0 2.0 2.0 10.0 4.0 0.0 -6.0 22.0 0.0 0.0 0.0 0.0 1.0 0.0 0.0 0.0 0.0 0.0 0.0 1.0 38.0 23.0 0.0 0.0 0.0 0.0 0.0 0.0 48.0 38.0 13.0 0.0 0.0 0.0 0.0 1.0 102.0 14.0 -1.0 4.0 
25_3_004_65
0.0 6.0 31.0 1.0 0.0 0.0 0.0 0.0 0.0 2.0 102.0 76.0 0.0 0.0 0.0 0.0 0.0 0.0 3.0 9.0 0.0 0.0 10.0 12.0 0.0 0.0 0.0 0.0 0.0 0.0 11.0 16.0 0.0 3.0 74.0 29.0 0.0 0.0 0.0 0.0 0.0 1.0 15.0 72.0 4.0 0.0 0.0 0.0 0.0 0.0 0.0 4.0 4.0 0.0 15.0 21.0 1.0 0.0 0.0 0.0 0.0 0.0 3.0 19.0 0.0 17.0 42.0 20.0 0.0 0.0 0.0 0.0 2.0 5.0 13.0 56.0 0.0 0.0 0.0 0.0 0.0 0.0 0.0 0.0 0.0 0.0 11.0 25.0 0.0 0.0 0.0 0.0 0.0 0.0 15.0 12.0 3.0 2.0 9.0 17.0 0.0 0.0 4.0 10.0 0.0 0.0 0.0 52.0 7.0 1.0 11.0 3.0 1.0 0.0 0.0 0.0 0.0 0.0 2.0 30.0 9.0 1.0 0.0 0.0 0.0 0.0 2.0 10.0 
25_3_004_66
0.0 0.0 0.0 5.0 18.0 75.0 9.0 0.0 0.0 0.0 0.0 0.0 20.0 92.0 16.0 6.0 31.0 0.0 0.0 0.0 0.0 0.0 17.0 102.0 62.0 0.0 0.0 0.0 0.0 0.0 0.0 10.0 0.0 0.0 0.0 0.0 6.0 72.0 18.0 0.0 0.0 0.0 2.0 54.0 53.0 10.0 0.0 0.0 2.0 0.0 0.0 0.0 0.0 0.0 12.0 66.0 29.0 3.0 0.0 0.0 0.0 0.0 0.0 14.0 0.0 0.0 19.0 20.0 8.0 2.0 0.0 0.0 0.0 0.0 30.0 76.0 3.0 4.0 11.0 0.0 1.0 1.0 14.0 1.0 0.0 0.0 26.0 29.0 17.0 5.0 6.0 0.0 0.0 0.0 0.0 32.0 0.0 3.0 10.0 3.0 1.0 53.0 21.0 0.0 0.0 0.0 0.0 12.0 61.0 39.0 1.0 0.0 3.0 4.0 28.0 22.0 2.0 1.0 1.0 0.0 10.0 8.0 18.0 6.0 0.0 0.0 0.0 9.0 
25_3_004_67
0.0 2.0 0.0 0.0 0.0 0.0 0.0 0.0 0.0 0.0 5.0 79.0 1.0 0.0 0.0 0.0 4.0 0.0 6.0 1.0 0.0 2.0 2.0 12.0 0.0 0.0 11.0 19.0 4.0 1.0 0.0 0.0 0.0 0.0 0.0 0.0 0.0 0.0 0.0 0.0 0.0 0.0 14.0 102.0 0.0 0.0 0.0 0.0 7.0 2.0 9.0 10.0 0.0 0.0 0.0 16.0 0.0 1.0 49.0 16.0 0.0 0.0 0.0 0.0 0.0 0.0 0.0 0.0 0.0 0.0 0.0 0.0 0.0 0.0 0.0 80.0 33.0 0.0 0.0 0.0 1.0 1.0 14.0 12.0 31.0 8.0 0.0 1.0 0.0 0.0 17.0 23.0 1.0 0.0 0.0 0.0 0.0 2.0 0.0 0.0 0.0 0.0 0.0 0.0 0.0 0.0 0.0 3.0 17.0 2.0 0.0 0.0 0.0 0.0 0.0 19.0 50.0 34.0 0.0 0.0 2.0 0.0 5.0 49.0 28.0 0.0 0.0 3.0 
25_3_004_68
0.0 0.0 0.0 0.0 0.0 0.0 0.0 0.0 0.0 0.0 0.0 15.0 0.0 0.0 0.0 0.0 0.0 0.0 0.0 89.0 7.0 0.0 0.0 0.0 8.0 5.0 0.0 3.0 6.0 0.0 3.0 12.0 0.0 4.0 0.0 0.0 0.0 0.0 0.0 0.0 0.0 2.0 1.0 15.0 0.0 0.0 0.0 0.0 2.0 0.0 16.0 87.0 2.0 0.0 0.0 0.0 0.0 0.0 0.0 1.0 13.0 10.0 3.0 1.0 0.0 2.0 0.0 0.0 0.0 0.0 0.0 0.0 0.0 1.0 5.0 15.0 0.0 0.0 0.0 0.0 3.0 0.0 14.0 102.0 0.0 0.0 0.0 12.0 4.0 3.0 13.0 6.0 0.0 0.0 0.0 12.0 0.0 0.0 0.0 0.0 0.0 0.0 0.0 0.0 0.0 0.0 2.0 26.0 1.0 0.0 0.0 0.0 0.0 0.0 12.0 61.0 5.0 0.0 0.0 6.0 1.0 1.0 32.0 7.0 0.0 0.0 0.0 1.0 
25_3_004_69
3.0 0.0 2.0 26.0 19.0 0.0 0.0 -1.0 20.0 2.0 0.0 5.0 5.0 3.0 -16.0 47.0 0.0 0.0 0.0 28.0 23.0 0.0 -16.0 43.0 12.0 0.0 0.0 0.0 0.0 0.0 -38.0 102.0 0.0 0.0 0.0 2.0 55.0 27.0 0.0 0.0 0.0 0.0 5.0 34.0 14.0 51.0 4.0 4.0 0.0 0.0 6.0 36.0 15.0 5.0 0.0 0.0 0.0 0.0 0.0 0.0 0.0 1.0 19.0 81.0 0.0 0.0 0.0 10.0 36.0 8.0 1.0 0.0 0.0 0.0 6.0 44.0 27.0 4.0 0.0 0.0 0.0 0.0 0.0 0.0 36.0 41.0 0.0 0.0 0.0 1.0 0.0 0.0 0.0 8.0 22.0 43.0 -2.0 26.0 14.0 7.0 0.0 0.0 0.0 0.0 0.0 0.0 3.0 15.0 5.0 9.0 0.0 0.0 0.0 0.0 0.0 0.0 17.0 12.0 0.0 0.0 -1.0 7.0 6.0 5.0 3.0 1.0 3.0 0.0 
25_3_004_70
0.0 0.0 0.0 0.0 0.0 0.0 0.0 0.0 0.0 0.0 0.0 70.0 2.0 0.0 0.0 0.0 0.0 0.0 0.0 21.0 13.0 3.0 4.0 7.0 4.0 6.0 6.0 2.0 0.0 0.0 0.0 0.0 0.0 2.0 0.0 0.0 0.0 0.0 0.0 0.0 0.0 0.0 15.0 92.0 0.0 0.0 0.0 0.0 4.0 2.0 1.0 2.0 3.0 8.0 3.0 8.0 0.0 0.0 5.0 15.0 10.0 3.0 0.0 0.0 0.0 1.0 0.0 0.0 0.0 0.0 0.0 0.0 0.0 0.0 19.0 102.0 0.0 0.0 0.0 0.0 8.0 4.0 6.0 0.0 0.0 0.0 0.0 20.0 0.0 0.0 46.0 16.0 0.0 0.0 0.0 0.0 0.0 0.0 0.0 1.0 0.0 0.0 0.0 0.0 0.0 0.0 6.0 73.0 12.0 0.0 0.0 0.0 1.0 1.0 21.0 9.0 0.0 0.0 0.0 6.0 1.0 1.0 19.0 11.0 0.0 0.0 0.0 0.0 
25_3_004_71
0.0 0.0 2.0 1.0 0.0 0.0 0.0 0.0 4.0 0.0 1.0 8.0 0.0 0.0 0.0 2.0 0.0 0.0 0.0 76.0 12.0 0.0 0.0 0.0 0.0 0.0 0.0 0.0 1.0 0.0 0.0 0.0 0.0 0.0 0.0 7.0 1.0 0.0 0.0 0.0 7.0 1.0 3.0 5.0 0.0 0.0 0.0 2.0 0.0 0.0 1.0 102.0 2.0 0.0 0.0 0.0 0.0 0.0 0.0 0.0 2.0 1.0 0.0 0.0 0.0 0.0 0.0 12.0 4.0 0.0 0.0 0.0 2.0 2.0 8.0 10.0 0.0 0.0 0.0 0.0 0.0 0.0 24.0 65.0 0.0 0.0 0.0 0.0 0.0 0.0 3.0 2.0 0.0 0.0 0.0 0.0 0.0 0.0 0.0 14.0 4.0 0.0 0.0 0.0 0.0 0.0 2.0 31.0 6.0 0.0 0.0 0.0 0.0 0.0 6.0 40.0 0.0 0.0 0.0 0.0 0.0 0.0 3.0 2.0 0.0 0.0 0.0 0.0 
25_3_004_72
1.0 0.0 0.0 0.0 0.0 12.0 23.0 3.0 6.0 7.0 10.0 0.0 0.0 4.0 11.0 6.0 3.0 60.0 102.0 0.0 0.0 0.0 -3.0 8.0 50.0 29.0 23.0 0.0 0.0 0.0 -7.0 7.0 9.0 5.0 17.0 0.0 0.0 0.0 -5.0 10.0 0.0 19.0 96.0 5.0 4.0 6.0 1.0 0.0 16.0 4.0 37.0 19.0 26.0 2.0 3.0 0.0 48.0 15.0 3.0 0.0 0.0 0.0 -4.0 -4.0 1.0 2.0 24.0 15.0 4.0 0.0 0.0 0.0 0.0 0.0 6.0 11.0 4.0 2.0 17.0 1.0 0.0 0.0 10.0 61.0 39.0 4.0 0.0 0.0 29.0 4.0 13.0 15.0 15.0 0.0 0.0 -8.0 0.0 0.0 0.0 21.0 19.0 1.0 0.0 0.0 0.0 0.0 0.0 0.0 1.0 11.0 15.0 14.0 0.0 0.0 0.0 10.0 62.0 25.0 0.0 0.0 0.0 0.0 10.0 72.0 31.0 2.0 0.0 0.0 
25_3_004_73
4.0 32.0 21.0 0.0 0.0 0.0 6.0 7.0 7.0 24.0 51.0 9.0 0.0 0.0 0.0 1.0 11.0 7.0 0.0 0.0 0.0 0.0 4.0 11.0 5.0 15.0 13.0 0.0 0.0 0.0 0.0 2.0 4.0 66.0 43.0 0.0 0.0 0.0 1.0 6.0 27.0 18.0 5.0 0.0 0.0 2.0 36.0 17.0 15.0 44.0 13.0 6.0 1.0 0.0 0.0 0.0 17.0 41.0 17.0 0.0 0.0 0.0 0.0 0.0 0.0 0.0 5.0 0.0 0.0 13.0 88.0 9.0 0.0 0.0 0.0 0.0 1.0 26.0 41.0 2.0 7.0 30.0 37.0 102.0 38.0 0.0 0.0 0.0 37.0 56.0 16.0 0.0 0.0 0.0 0.0 10.0 0.0 0.0 0.0 0.0 0.0 3.0 50.0 7.0 1.0 0.0 0.0 5.0 8.0 4.0 3.0 1.0 1.0 1.0 13.0 102.0 63.0 1.0 0.0 0.0 37.0 0.0 0.0 19.0 35.0 0.0 0.0 13.0 
25_3_004_74
2.0 0.0 2.0 0.0 4.0 5.0 3.0 34.0 0.0 3.0 34.0 10.0 6.0 2.0 0.0 0.0 0.0 13.0 81.0 7.0 0.0 0.0 0.0 0.0 0.0 8.0 51.0 10.0 0.0 0.0 0.0 0.0 33.0 62.0 10.0 0.0 0.0 0.0 0.0 1.0 13.0 33.0 59.0 4.0 0.0 0.0 0.0 0.0 0.0 21.0 88.0 102.0 1.0 0.0 0.0 0.0 10.0 41.0 7.0 0.0 0.0 0.0 24.0 8.0 0.0 3.0 26.0 28.0 0.0 0.0 0.0 0.0 24.0 75.0 24.0 21.0 0.0 0.0 0.0 0.0 7.0 34.0 32.0 25.0 8.0 18.0 11.0 0.0 0.0 53.0 26.0 0.0 0.0 17.0 38.0 1.0 0.0 1.0 30.0 17.0 21.0 1.0 0.0 0.0 0.0 11.0 40.0 13.0 18.0 25.0 0.0 0.0 2.0 63.0 9.0 0.0 1.0 37.0 8.0 0.0 1.0 14.0 9.0 0.0 0.0 43.0 41.0 0.0 
25_3_004_75
0.0 0.0 0.0 9.0 16.0 6.0 2.0 0.0 0.0 0.0 8.0 31.0 53.0 4.0 0.0 0.0 19.0 31.0 1.0 9.0 31.0 6.0 0.0 -11.0 91.0 27.0 12.0 9.0 0.0 0.0 0.0 -30.0 0.0 0.0 0.0 14.0 16.0 3.0 0.0 0.0 0.0 0.0 0.0 1.0 31.0 56.0 18.0 0.0 0.0 0.0 3.0 81.0 99.0 4.0 0.0 0.0 6.0 3.0 1.0 25.0 73.0 10.0 0.0 -2.0 0.0 0.0 0.0 2.0 20.0 15.0 13.0 0.0 0.0 0.0 0.0 25.0 16.0 10.0 44.0 1.0 0.0 0.0 24.0 102.0 88.0 13.0 0.0 0.0 14.0 3.0 4.0 12.0 19.0 19.0 -13.0 45.0 0.0 0.0 0.0 4.0 14.0 5.0 8.0 4.0 0.0 0.0 0.0 11.0 13.0 2.0 17.0 8.0 0.0 0.0 0.0 69.0 71.0 0.0 0.0 0.0 9.0 5.0 4.0 76.0 31.0 19.0 -14.0 41.0 
25_3_004_76
0.0 0.0 0.0 1.0 9.0 5.0 2.0 3.0 0.0 0.0 3.0 36.0 21.0 0.0 0.0 0.0 3.0 7.0 35.0 28.0 0.0 0.0 0.0 1.0 34.0 9.0 0.0 0.0 0.0 0.0 0.0 1.0 10.0 2.0 1.0 1.0 3.0 2.0 0.0 24.0 0.0 0.0 21.0 102.0 11.0 0.0 0.0 0.0 0.0 0.0 3.0 33.0 13.0 19.0 1.0 0.0 5.0 3.0 1.0 5.0 10.0 6.0 6.0 1.0 0.0 3.0 2.0 2.0 9.0 12.0 11.0 5.0 0.0 0.0 7.0 19.0 45.0 22.0 0.0 0.0 0.0 0.0 0.0 10.0 53.0 42.0 0.0 0.0 1.0 3.0 0.0 9.0 12.0 6.0 6.0 0.0 0.0 0.0 0.0 0.0 7.0 5.0 4.0 1.0 0.0 0.0 0.0 0.0 11.0 25.0 1.0 0.0 0.0 0.0 0.0 27.0 66.0 0.0 0.0 0.0 0.0 3.0 6.0 25.0 44.0 1.0 0.0 0.0 
25_3_004_77
0.0 0.0 2.0 9.0 0.0 0.0 5.0 3.0 2.0 1.0 0.0 4.0 8.0 19.0 5.0 5.0 21.0 2.0 6.0 0.0 0.0 0.0 -8.0 42.0 0.0 0.0 0.0 0.0 0.0 0.0 33.0 71.0 0.0 -3.0 11.0 9.0 0.0 0.0 14.0 37.0 0.0 -7.0 29.0 98.0 8.0 8.0 17.0 15.0 -6.0 10.0 9.0 0.0 0.0 0.0 24.0 102.0 0.0 0.0 0.0 0.0 0.0 0.0 27.0 87.0 0.0 -3.0 9.0 3.0 0.0 0.0 12.0 69.0 3.0 -11.0 41.0 80.0 16.0 2.0 1.0 15.0 0.0 0.0 0.0 0.0 0.0 3.0 60.0 74.0 0.0 0.0 0.0 0.0 0.0 0.0 33.0 61.0 6.0 0.0 0.0 0.0 1.0 0.0 9.0 28.0 -17.0 38.0 7.0 3.0 4.0 10.0 5.0 1.0 0.0 0.0 0.0 0.0 0.0 2.0 60.0 69.0 0.0 0.0 0.0 0.0 0.0 1.0 14.0 12.0 
25_3_004_78
0.0 1.0 18.0 6.0 0.0 0.0 0.0 0.0 3.0 2.0 19.0 4.0 0.0 0.0 0.0 2.0 0.0 0.0 20.0 62.0 0.0 0.0 0.0 0.0 0.0 0.0 2.0 3.0 0.0 0.0 0.0 0.0 0.0 0.0 44.0 12.0 0.0 0.0 0.0 0.0 2.0 3.0 12.0 1.0 0.0 0.0 9.0 21.0 0.0 0.0 9.0 102.0 0.0 0.0 0.0 0.0 0.0 0.0 0.0 0.0 1.0 0.0 0.0 0.0 0.0 0.0 15.0 8.0 0.0 12.0 9.0 0.0 0.0 0.0 7.0 12.0 1.0 8.0 30.0 5.0 0.0 0.0 35.0 67.0 0.0 0.0 0.0 0.0 0.0 0.0 1.0 0.0 0.0 0.0 0.0 0.0 0.0 0.0 0.0 0.0 0.0 8.0 24.0 7.0 0.0 0.0 42.0 47.0 3.0 4.0 0.0 0.0 0.0 0.0 19.0 18.0 0.0 0.0 0.0 0.0 0.0 0.0 1.0 0.0 0.0 0.0 0.0 0.0 
25_3_004_79
0.0 2.0 25.0 30.0 2.0 0.0 0.0 0.0 5.0 17.0 32.0 3.0 3.0 0.0 0.0 0.0 3.0 13.0 30.0 18.0 13.0 0.0 4.0 1.0 0.0 3.0 46.0 15.0 0.0 0.0 0.0 3.0 0.0 7.0 29.0 4.0 4.0 0.0 0.0 0.0 0.0 0.0 12.0 21.0 33.0 3.0 0.0 0.0 0.0 1.0 12.0 34.0 21.0 3.0 0.0 0.0 0.0 0.0 14.0 6.0 2.0 6.0 46.0 2.0 0.0 1.0 0.0 6.0 17.0 0.0 0.0 0.0 0.0 0.0 4.0 26.0 10.0 0.0 0.0 0.0 0.0 0.0 3.0 36.0 20.0 40.0 8.0 0.0 1.0 0.0 1.0 0.0 0.0 17.0 102.0 3.0 1.0 6.0 3.0 2.0 0.0 0.0 0.0 0.0 0.0 4.0 9.0 9.0 4.0 2.0 1.0 0.0 14.0 6.0 0.0 0.0 0.0 9.0 4.0 -1.0 2.0 2.0 0.0 0.0 0.0 0.0 -4.0 15.0 
25_3_004_80
0.0 0.0 5.0 3.0 0.0 1.0 0.0 0.0 0.0 0.0 4.0 3.0 1.0 0.0 1.0 2.0 1.0 0.0 31.0 46.0 5.0 4.0 3.0 1.0 26.0 9.0 22.0 3.0 0.0 0.0 0.0 12.0 0.0 0.0 0.0 2.0 4.0 6.0 0.0 0.0 2.0 4.0 17.0 27.0 4.0 1.0 0.0 0.0 1.0 14.0 84.0 64.0 0.0 0.0 0.0 0.0 15.0 0.0 9.0 7.0 0.0 0.0 7.0 28.0 0.0 0.0 0.0 0.0 2.0 8.0 3.0 0.0 0.0 0.0 0.0 43.0 49.0 0.0 0.0 0.0 0.0 0.0 5.0 99.0 26.0 0.0 0.0 0.0 2.0 0.0 0.0 4.0 0.0 0.0 11.0 66.0 0.0 0.0 0.0 0.0 0.0 11.0 6.0 0.0 0.0 0.0 0.0 5.0 34.0 9.0 0.0 0.0 0.0 0.0 0.0 102.0 39.0 0.0 0.0 0.0 10.0 0.0 0.0 12.0 4.0 1.0 0.0 50.0 
25_3_004_81
0.0 0.0 0.0 13.0 3.0 0.0 0.0 0.0 0.0 0.0 2.0 10.0 2.0 0.0 0.0 0.0 0.0 0.0 0.0 74.0 10.0 0.0 0.0 0.0 0.0 0.0 0.0 1.0 0.0 0.0 0.0 0.0 0.0 0.0 0.0 20.0 9.0 0.0 0.0 0.0 0.0 0.0 1.0 14.0 0.0 0.0 0.0 2.0 0.0 0.0 6.0 102.0 0.0 0.0 0.0 0.0 0.0 0.0 2.0 1.0 0.0 0.0 0.0 0.0 0.0 0.0 1.0 25.0 1.0 0.0 0.0 0.0 0.0 0.0 3.0 19.0 1.0 0.0 0.0 1.0 0.0 0.0 13.0 91.0 0.0 0.0 0.0 0.0 0.0 1.0 2.0 2.0 0.0 0.0 0.0 0.0 0.0 0.0 20.0 9.0 0.0 0.0 0.0 0.0 0.0 3.0 15.0 11.0 0.0 0.0 0.0 0.0 0.0 0.0 15.0 55.0 0.0 0.0 0.0 0.0 0.0 0.0 0.0 1.0 0.0 0.0 0.0 0.0 
25_3_004_82
0.0 0.0 0.0 2.0 11.0 16.0 0.0 0.0 0.0 1.0 2.0 3.0 27.0 10.0 0.0 0.0 0.0 0.0 1.0 24.0 34.0 1.0 0.0 0.0 0.0 0.0 35.0 26.0 0.0 0.0 0.0 0.0 0.0 17.0 43.0 1.0 0.0 0.0 0.0 0.0 0.0 51.0 91.0 14.0 0.0 0.0 0.0 0.0 12.0 87.0 59.0 10.0 0.0 0.0 0.0 0.0 0.0 17.0 47.0 18.0 0.0 0.0 0.0 0.0 0.0 53.0 78.0 3.0 0.0 0.0 0.0 0.0 2.0 64.0 49.0 48.0 0.0 0.0 -1.0 5.0 4.0 2.0 34.0 24.0 0.0 0.0 6.0 19.0 3.0 28.0 42.0 6.0 0.0 0.0 0.0 3.0 0.0 5.0 33.0 67.0 25.0 7.0 0.0 0.0 4.0 6.0 0.0 0.0 0.0 15.0 102.0 29.0 0.0 0.0 26.0 96.0 7.0 8.0 3.0 0.0 0.0 0.0 2.0 1.0 2.0 4.0 23.0 11.0 
25_3_004_83
0.0 0.0 0.0 0.0 26.0 22.0 0.0 0.0 0.0 0.0 0.0 21.0 29.0 15.0 1.0 0.0 6.0 1.0 1.0 17.0 33.0 10.0 0.0 -2.0 26.0 0.0 0.0 0.0 1.0 4.0 0.0 4.0 0.0 0.0 0.0 0.0 2.0 21.0 25.0 1.0 0.0 0.0 7.0 63.0 50.0 11.0 0.0 0.0 18.0 7.0 1.0 2.0 22.0 23.0 1.0 -6.0 0.0 0.0 0.0 0.0 12.0 74.0 0.0 26.0 0.0 0.0 0.0 0.0 0.0 3.0 21.0 10.0 0.0 0.0 0.0 37.0 78.0 9.0 0.0 0.0 -2.0 6.0 0.0 43.0 45.0 44.0 1.0 0.0 102.0 5.0 0.0 12.0 5.0 0.0 -17.0 20.0 0.0 0.0 0.0 0.0 0.0 1.0 9.0 15.0 0.0 0.0 0.0 10.0 32.0 1.0 0.0 0.0 0.0 0.0 0.0 27.0 65.0 3.0 0.0 0.0 0.0 0.0 0.0 3.0 30.0 57.0 20.0 2.0 
25_3_004_84
1.0 1.0 4.0 3.0 1.0 4.0 5.0 4.0 2.0 6.0 16.0 1.0 0.0 0.0 0.0 3.0 29.0 0.0 0.0 0.0 0.0 0.0 0.0 26.0 48.0 22.0 3.0 0.0 0.0 0.0 0.0 19.0 0.0 0.0 29.0 35.0 3.0 0.0 0.0 0.0 12.0 4.0 2.0 0.0 0.0 0.0 0.0 26.0 2.0 41.0 57.0 36.0 0.0 0.0 0.0 0.0 68.0 58.0 0.0 0.0 0.0 0.0 1.0 17.0 0.0 0.0 3.0 54.0 65.0 15.0 0.0 0.0 6.0 0.0 0.0 0.0 0.0 37.0 23.0 17.0 0.0 0.0 0.0 36.0 46.0 62.0 4.0 0.0 0.0 0.0 0.0 0.0 0.0 11.0 102.0 18.0 0.0 0.0 0.0 5.0 55.0 33.0 0.0 0.0 0.0 0.0 0.0 1.0 21.0 93.0 2.0 0.0 0.0 0.0 0.0 14.0 37.0 39.0 0.0 0.0 2.0 0.0 1.0 3.0 2.0 4.0 6.0 14.0 
25_3_004_85
6.0 102.0 24.0 0.0 0.0 0.0 8.0 1.0 9.0 68.0 33.0 0.0 0.0 0.0 1.0 1.0 0.0 65.0 59.0 3.0 0.0 0.0 0.0 0.0 6.0 59.0 10.0 0.0 0.0 6.0 15.0 0.0 2.0 1.0 0.0 0.0 3.0 29.0 20.0 0.0 0.0 0.0 10.0 43.0 13.0 0.0 0.0 0.0 9.0 2.0 0.0 3.0 14.0 31.0 19.0 22.0 7.0 25.0 6.0 0.0 0.0 60.0 54.0 5.0 19.0 81.0 1.0 0.0 0.0 0.0 0.0 0.0 1.0 32.0 25.0 18.0 1.0 0.0 0.0 0.0 18.0 13.0 0.0 0.0 0.0 1.0 2.0 7.0 2.0 51.0 11.0 0.0 0.0 7.0 3.0 0.0 17.0 6.0 0.0 0.0 0.0 2.0 9.0 24.0 10.0 0.0 0.0 0.0 0.0 1.0 15.0 9.0 0.0 0.0 0.0 0.0 0.0 10.0 13.0 1.0 2.0 4.0 0.0 0.0 0.0 8.0 15.0 1.0 
25_3_004_86
2.0 0.0 0.0 0.0 0.0 8.0 4.0 20.0 -6.0 15.0 16.0 56.0 7.0 1.0 0.0 0.0 5.0 54.0 0.0 1.0 0.0 0.0 -1.0 -1.0 -2.0 22.0 3.0 8.0 3.0 0.0 0.0 -2.0 20.0 0.0 0.0 0.0 0.0 0.0 -12.0 28.0 0.0 6.0 34.0 102.0 0.0 0.0 0.0 -1.0 1.0 9.0 14.0 4.0 0.0 0.0 -12.0 28.0 -12.0 36.0 11.0 8.0 0.0 0.0 0.0 0.0 2.0 0.0 0.0 0.0 0.0 0.0 2.0 13.0 2.0 0.0 13.0 86.0 12.0 0.0 0.0 0.0 0.0 0.0 0.0 4.0 19.0 22.0 12.0 3.0 0.0 0.0 2.0 10.0 21.0 6.0 0.0 0.0 2.0 2.0 6.0 0.0 0.0 0.0 0.0 3.0 0.0 0.0 5.0 41.0 6.0 1.0 1.0 0.0 0.0 0.0 0.0 6.0 10.0 0.0 4.0 16.0 0.0 0.0 0.0 2.0 11.0 17.0 9.0 0.0 
25_3_004_87
0.0 0.0 0.0 6.0 2.0 0.0 0.0 0.0 0.0 0.0 4.0 20.0 4.0 0.0 0.0 0.0 0.0 0.0 0.0 64.0 17.0 0.0 0.0 0.0 0.0 0.0 0.0 1.0 0.0 0.0 0.0 0.0 0.0 0.0 1.0 20.0 2.0 0.0 0.0 0.0 0.0 1.0 3.0 12.0 1.0 0.0 0.0 0.0 0.0 0.0 3.0 102.0 5.0 0.0 0.0 0.0 0.0 0.0 0.0 1.0 0.0 0.0 0.0 0.0 0.0 0.0 0.0 27.0 5.0 0.0 0.0 0.0 1.0 0.0 5.0 17.0 0.0 0.0 0.0 2.0 0.0 0.0 18.0 90.0 0.0 0.0 0.0 0.0 0.0 0.0 2.0 0.0 0.0 0.0 0.0 0.0 0.0 0.0 4.0 23.0 0.0 0.0 0.0 0.0 0.0 0.0 8.0 27.0 0.0 0.0 0.0 0.0 0.0 0.0 16.0 53.0 0.0 0.0 0.0 0.0 0.0 1.0 0.0 0.0 0.0 0.0 0.0 0.0 
25_3_004_88
0.0 0.0 0.0 33.0 15.0 1.0 12.0 18.0 0.0 0.0 0.0 8.0 6.0 3.0 4.0 2.0 0.0 0.0 0.0 27.0 39.0 2.0 1.0 0.0 0.0 0.0 0.0 0.0 0.0 1.0 5.0 33.0 0.0 0.0 0.0 47.0 49.0 2.0 8.0 1.0 -19.0 44.0 20.0 11.0 0.0 0.0 0.0 0.0 5.0 5.0 4.0 11.0 20.0 0.0 -5.0 15.0 0.0 0.0 0.0 0.0 3.0 4.0 9.0 22.0 0.0 -12.0 36.0 100.0 9.0 0.0 0.0 0.0 0.0 0.0 6.0 19.0 15.0 5.0 3.0 0.0 0.0 0.0 0.0 3.0 13.0 15.0 30.0 7.0 0.0 0.0 0.0 2.0 7.0 1.0 3.0 5.0 0.0 -4.0 16.0 102.0 1.0 0.0 0.0 0.0 -2.0 13.0 0.0 0.0 0.0 0.0 6.0 42.0 0.0 0.0 3.0 33.0 5.0 6.0 11.0 4.0 3.0 0.0 6.0 7.0 0.0 0.0 0.0 1.0 
25_3_004_89
0.0 0.0 8.0 99.0 10.0 2.0 8.0 0.0 0.0 2.0 0.0 0.0 0.0 1.0 20.0 8.0 0.0 0.0 2.0 47.0 12.0 0.0 0.0 0.0 0.0 0.0 0.0 1.0 6.0 3.0 14.0 10.0 0.0 0.0 8.0 102.0 11.0 2.0 0.0 0.0 -10.0 29.0 19.0 14.0 0.0 0.0 0.0 0.0 8.0 7.0 5.0 20.0 5.0 0.0 -1.0 6.0 0.0 0.0 0.0 5.0 6.0 1.0 15.0 12.0 -4.0 9.0 45.0 43.0 0.0 0.0 0.0 0.0 0.0 1.0 3.0 15.0 7.0 13.0 7.0 0.0 0.0 0.0 0.0 7.0 10.0 12.0 23.0 2.0 0.0 0.0 0.0 0.0 5.0 1.0 11.0 5.0 0.0 7.0 12.0 32.0 0.0 0.0 0.0 4.0 0.0 0.0 0.0 0.0 0.0 7.0 30.0 27.0 0.0 0.0 15.0 30.0 4.0 3.0 0.0 0.0 0.0 0.0 0.0 0.0 0.0 0.0 0.0 6.0 
25_3_004_90
1.0 5.0 15.0 5.0 0.0 0.0 0.0 0.0 1.0 3.0 21.0 9.0 0.0 0.0 0.0 0.0 0.0 0.0 24.0 72.0 0.0 0.0 0.0 0.0 0.0 0.0 3.0 7.0 0.0 0.0 0.0 0.0 0.0 0.0 39.0 8.0 0.0 0.0 0.0 0.0 5.0 5.0 16.0 4.0 0.0 0.0 0.0 2.0 0.0 0.0 33.0 87.0 0.0 0.0 0.0 0.0 0.0 0.0 2.0 2.0 0.0 0.0 0.0 0.0 0.0 0.0 48.0 11.0 0.0 0.0 0.0 0.0 3.0 3.0 2.0 11.0 2.0 0.0 9.0 27.0 0.0 0.0 14.0 102.0 0.0 0.0 0.0 0.0 0.0 0.0 0.0 1.0 1.0 0.0 0.0 0.0 0.0 0.0 7.0 3.0 0.0 14.0 15.0 0.0 0.0 0.0 16.0 23.0 0.0 3.0 19.0 5.0 0.0 0.0 25.0 52.0 0.0 0.0 0.0 0.0 0.0 1.0 0.0 0.0 0.0 0.0 0.0 0.0 
25_3_004_91
0.0 0.0 0.0 17.0 8.0 0.0 0.0 0.0 0.0 0.0 0.0 19.0 3.0 0.0 0.0 1.0 0.0 0.0 0.0 75.0 6.0 0.0 0.0 0.0 0.0 0.0 1.0 2.0 0.0 0.0 0.0 0.0 0.0 0.0 11.0 22.0 0.0 0.0 0.0 0.0 0.0 3.0 15.0 14.0 0.0 0.0 0.0 0.0 0.0 0.0 2.0 102.0 0.0 0.0 0.0 0.0 0.0 0.0 0.0 2.0 0.0 0.0 0.0 0.0 0.0 0.0 24.0 13.0 0.0 0.0 0.0 0.0 2.0 3.0 12.0 9.0 0.0 0.0 0.0 0.0 0.0 0.0 8.0 87.0 0.0 0.0 0.0 0.0 0.0 0.0 0.0 1.0 0.0 0.0 0.0 0.0 0.0 0.0 24.0 15.0 0.0 0.0 0.0 0.0 5.0 1.0 5.0 0.0 1.0 0.0 1.0 12.0 0.0 0.0 0.0 74.0 5.0 0.0 0.0 0.0 0.0 0.0 0.0 0.0 0.0 0.0 0.0 0.0 
25_3_004_92
0.0 0.0 3.0 16.0 0.0 0.0 0.0 0.0 0.0 0.0 10.0 42.0 2.0 0.0 0.0 0.0 1.0 10.0 15.0 0.0 0.0 0.0 3.0 3.0 0.0 9.0 25.0 0.0 0.0 0.0 0.0 0.0 0.0 0.0 0.0 8.0 4.0 0.0 0.0 0.0 0.0 0.0 0.0 11.0 63.0 16.0 0.0 0.0 0.0 3.0 13.0 36.0 19.0 0.0 0.0 0.0 0.0 3.0 11.0 8.0 0.0 1.0 1.0 0.0 0.0 0.0 0.0 0.0 0.0 0.0 1.0 0.0 0.0 0.0 1.0 37.0 5.0 0.0 0.0 0.0 0.0 4.0 24.0 102.0 0.0 0.0 0.0 0.0 2.0 2.0 0.0 0.0 0.0 0.0 11.0 16.0 0.0 0.0 0.0 0.0 0.0 0.0 0.0 0.0 0.0 0.0 0.0 31.0 1.0 0.0 0.0 0.0 0.0 0.0 0.0 94.0 3.0 0.0 1.0 3.0 0.0 0.0 0.0 0.0 0.0 0.0 11.0 22.0 
25_3_004_93
-1.0 10.0 0.0 0.0 0.0 0.0 0.0 0.0 -17.0 41.0 11.0 0.0 0.0 0.0 0.0 0.0 -47.0 102.0 30.0 1.0 0.0 0.0 0.0 0.0 -17.0 38.0 1.0 0.0 0.0 0.0 3.0 0.0 -3.0 70.0 11.0 0.0 0.0 0.0 0.0 -9.0 42.0 17.0 14.0 5.0 0.0 0.0 0.0 -17.0 0.0 0.0 8.0 38.0 3.0 0.0 0.0 0.0 0.0 0.0 0.0 0.0 0.0 1.0 6.0 4.0 -4.0 16.0 1.0 0.0 0.0 0.0 2.0 7.0 14.0 7.0 0.0 2.0 1.0 0.0 0.0 -5.0 -4.0 11.0 15.0 12.0 0.0 0.0 0.0 0.0 2.0 0.0 0.0 0.0 0.0 0.0 2.0 14.0 0.0 0.0 0.0 0.0 0.0 2.0 10.0 0.0 0.0 0.0 4.0 11.0 2.0 0.0 0.0 0.0 0.0 0.0 6.0 7.0 0.0 1.0 3.0 0.0 0.0 0.0 0.0 0.0 0.0 0.0 6.0 11.0 
25_3_004_94
0.0 0.0 3.0 0.0 0.0 0.0 0.0 0.0 0.0 -23.0 102.0 0.0 0.0 0.0 0.0 0.0 0.0 -16.0 65.0 12.0 1.0 0.0 1.0 0.0 0.0 0.0 0.0 0.0 0.0 0.0 9.0 6.0 -36.0 102.0 5.0 0.0 0.0 0.0 0.0 0.0 -6.0 38.0 24.0 25.0 4.0 0.0 0.0 -3.0 0.0 1.0 0.0 29.0 18.0 0.0 0.0 0.0 5.0 0.0 0.0 0.0 0.0 0.0 -3.0 14.0 -1.0 10.0 45.0 9.0 0.0 0.0 -1.0 2.0 17.0 18.0 0.0 0.0 2.0 0.0 0.0 -6.0 -3.0 4.0 15.0 28.0 1.0 0.0 0.0 0.0 2.0 0.0 0.0 0.0 0.0 0.0 -2.0 24.0 1.0 0.0 2.0 25.0 0.0 0.0 4.0 6.0 0.0 0.0 0.0 0.0 4.0 2.0 4.0 2.0 0.0 0.0 1.0 25.0 3.0 0.0 0.0 0.0 0.0 0.0 0.0 0.0 0.0 0.0 11.0 8.0 
25_3_004_95
19.0 3.0 2.0 0.0 0.0 0.0 -1.0 4.0 0.0 0.0 9.0 45.0 1.0 0.0 0.0 0.0 5.0 7.0 4.0 15.0 3.0 0.0 0.0 0.0 8.0 0.0 0.0 0.0 0.0 0.0 -14.0 48.0 0.0 0.0 0.0 14.0 13.0 0.0 -12.0 33.0 2.0 2.0 6.0 47.0 4.0 0.0 0.0 0.0 0.0 0.0 5.0 16.0 19.0 0.0 0.0 0.0 13.0 0.0 1.0 0.0 0.0 0.0 -10.0 39.0 0.0 0.0 0.0 11.0 75.0 10.0 0.0 0.0 0.0 0.0 1.0 4.0 10.0 43.0 24.0 0.0 0.0 0.0 3.0 15.0 102.0 34.0 1.0 0.0 8.0 3.0 2.0 1.0 15.0 3.0 -8.0 19.0 0.0 0.0 0.0 0.0 18.0 6.0 0.0 0.0 0.0 0.0 0.0 0.0 4.0 33.0 17.0 0.0 0.0 0.0 0.0 0.0 52.0 17.0 0.0 0.0 0.0 0.0 0.0 0.0 98.0 35.0 0.0 0.0 
25_3_004_96
0.0 0.0 27.0 26.0 0.0 0.0 0.0 0.0 0.0 0.0 14.0 7.0 0.0 0.0 7.0 7.0 1.0 10.0 12.0 0.0 0.0 0.0 0.0 2.0 0.0 3.0 31.0 1.0 0.0 0.0 0.0 0.0 0.0 0.0 3.0 54.0 11.0 0.0 0.0 0.0 1.0 6.0 9.0 5.0 3.0 0.0 0.0 2.0 0.0 5.0 37.0 4.0 0.0 0.0 0.0 0.0 4.0 5.0 10.0 2.0 0.0 0.0 0.0 6.0 0.0 0.0 0.0 5.0 28.0 7.0 0.0 0.0 0.0 0.0 3.0 54.0 42.0 13.0 0.0 0.0 1.0 10.0 18.0 8.0 0.0 0.0 0.0 0.0 0.0 0.0 0.0 1.0 0.0 1.0 21.0 10.0 0.0 0.0 0.0 1.0 0.0 0.0 0.0 0.0 0.0 0.0 3.0 102.0 4.0 0.0 0.0 0.0 2.0 1.0 2.0 14.0 0.0 0.0 4.0 10.0 0.0 0.0 0.0 0.0 0.0 0.0 11.0 19.0 
25_3_004_97
0.0 0.0 10.0 10.0 5.0 3.0 2.0 0.0 0.0 5.0 13.0 21.0 1.0 0.0 0.0 0.0 27.0 9.0 6.0 0.0 0.0 0.0 -6.0 6.0 10.0 1.0 4.0 3.0 0.0 0.0 -10.0 18.0 0.0 0.0 3.0 8.0 19.0 10.0 0.0 0.0 0.0 0.0 0.0 15.0 53.0 2.0 0.0 0.0 9.0 2.0 8.0 31.0 11.0 0.0 0.0 -2.0 0.0 0.0 0.0 6.0 3.0 0.0 -37.0 99.0 0.0 0.0 0.0 0.0 19.0 14.0 2.0 0.0 0.0 0.0 2.0 59.0 35.0 0.0 0.0 0.0 0.0 2.0 42.0 49.0 3.0 6.0 0.0 0.0 8.0 0.0 0.0 1.0 0.0 4.0 -22.0 102.0 0.0 0.0 0.0 3.0 9.0 3.0 3.0 2.0 0.0 0.0 0.0 31.0 39.0 0.0 0.0 0.0 0.0 0.0 0.0 5.0 64.0 51.0 0.0 0.0 1.0 0.0 0.0 2.0 24.0 11.0 -2.0 27.0 
25_3_004_98
0.0 0.0 0.0 8.0 5.0 0.0 0.0 0.0 0.0 0.0 4.0 32.0 1.0 0.0 0.0 0.0 0.0 1.0 5.0 18.0 1.0 0.0 0.0 1.0 0.0 0.0 5.0 102.0 1.0 0.0 0.0 0.0 0.0 0.0 0.0 9.0 6.0 0.0 0.0 0.0 0.0 0.0 2.0 58.0 5.0 0.0 0.0 0.0 1.0 0.0 14.0 31.0 0.0 0.0 0.0 4.0 0.0 0.0 31.0 97.0 0.0 0.0 0.0 0.0 0.0 1.0 4.0 13.0 0.0 0.0 0.0 0.0 0.0 0.0 14.0 57.0 0.0 0.0 0.0 0.0 0.0 0.0 30.0 64.0 0.0 0.0 1.0 0.0 0.0 0.0 27.0 61.0 0.0 0.0 0.0 0.0 2.0 9.0 21.0 2.0 0.0 0.0 0.0 0.0 1.0 5.0 37.0 7.0 0.0 0.0 0.0 0.0 0.0 1.0 54.0 65.0 0.0 0.0 0.0 0.0 0.0 0.0 15.0 20.0 0.0 0.0 0.0 0.0 
25_3_004_99
0.0 0.0 0.0 0.0 2.0 25.0 5.0 0.0 0.0 0.0 0.0 0.0 6.0 14.0 2.0 0.0 0.0 1.0 27.0 4.0 0.0 2.0 3.0 0.0 12.0 9.0 4.0 0.0 0.0 0.0 0.0 4.0 0.0 0.0 3.0 6.0 1.0 1.0 0.0 0.0 0.0 0.0 0.0 0.0 6.0 8.0 4.0 4.0 0.0 9.0 41.0 86.0 2.0 0.0 0.0 0.0 46.0 11.0 0.0 0.0 0.0 0.0 0.0 7.0 0.0 0.0 0.0 4.0 3.0 2.0 0.0 0.0 4.0 13.0 26.0 7.0 0.0 0.0 0.0 1.0 0.0 0.0 40.0 102.0 0.0 0.0 0.0 0.0 18.0 2.0 0.0 0.0 0.0 0.0 4.0 24.0 0.0 0.0 0.0 1.0 5.0 4.0 1.0 0.0 0.0 0.0 3.0 37.0 25.0 0.0 0.0 0.0 0.0 0.0 3.0 58.0 16.0 0.0 0.0 0.0 8.0 0.0 0.0 2.0 1.0 0.0 1.0 41.0 
25_3_004_100
2.0 14.0 2.0 0.0 0.0 0.0 0.0 0.0 1.0 18.0 6.0 0.0 0.0 0.0 0.0 0.0 0.0 7.0 45.0 12.0 1.0 0.0 0.0 0.0 4.0 53.0 7.0 0.0 0.0 0.0 0.0 0.0 0.0 21.0 15.0 0.0 0.0 0.0 0.0 0.0 22.0 5.0 0.0 0.0 0.0 1.0 0.0 25.0 0.0 0.0 21.0 102.0 6.0 0.0 0.0 0.0 0.0 15.0 11.0 9.0 13.0 6.0 16.0 6.0 11.0 30.0 0.0 0.0 0.0 0.0 0.0 5.0 30.0 39.0 1.0 0.0 1.0 6.0 1.0 0.0 1.0 14.0 29.0 18.0 0.0 21.0 28.0 0.0 0.0 0.0 6.0 1.0 2.0 46.0 52.0 0.0 0.0 0.0 0.0 0.0 1.0 5.0 17.0 13.0 1.0 2.0 1.0 0.0 0.0 22.0 20.0 5.0 2.0 28.0 8.0 0.0 0.0 10.0 19.0 2.0 0.0 21.0 66.0 0.0 0.0 0.0 2.0 0.0 
