25_3_020_0
0.0 4.0 72.0 7.0 0.0 2.0 1.0 0.0 30.0 25.0 3.0 6.0 5.0 0.0 0.0 3.0 19.0 7.0 3.0 0.0 0.0 5.0 3.0 2.0 1.0 0.0 8.0 15.0 9.0 0.0 0.0 0.0 0.0 0.0 9.0 0.0 0.0 2.0 48.0 21.0 0.0 0.0 0.0 5.0 62.0 66.0 4.0 3.0 10.0 10.0 22.0 8.0 10.0 12.0 11.0 11.0 0.0 2.0 11.0 5.0 1.0 3.0 12.0 7.0 13.0 0.0 0.0 2.0 1.0 0.0 9.0 32.0 8.0 10.0 14.0 4.0 2.0 1.0 1.0 2.0 9.0 1.0 22.0 102.0 9.0 0.0 0.0 1.0 30.0 9.0 11.0 0.0 0.0 0.0 0.0 16.0 7.0 9.0 1.0 15.0 37.0 0.0 0.0 0.0 4.0 66.0 15.0 0.0 0.0 0.0 0.0 0.0 0.0 16.0 24.0 14.0 9.0 3.0 3.0 0.0 3.0 0.0 0.0 1.0 1.0 23.0 38.0 7.0 
25_3_020_1
0.0 10.0 53.0 1.0 0.0 0.0 8.0 4.0 0.0 0.0 1.0 2.0 14.0 51.0 7.0 0.0 20.0 6.0 7.0 7.0 25.0 21.0 0.0 0.0 49.0 21.0 0.0 0.0 0.0 0.0 0.0 10.0 16.0 1.0 0.0 0.0 0.0 0.0 6.0 51.0 8.0 3.0 2.0 4.0 5.0 5.0 9.0 4.0 0.0 6.0 30.0 96.0 15.0 0.0 13.0 0.0 5.0 0.0 0.0 0.0 3.0 3.0 31.0 28.0 48.0 9.0 0.0 0.0 0.0 2.0 0.0 25.0 8.0 102.0 39.0 0.0 0.0 0.0 0.0 3.0 31.0 23.0 9.0 7.0 5.0 11.0 12.0 3.0 7.0 12.0 3.0 0.0 1.0 0.0 5.0 8.0 1.0 3.0 4.0 15.0 63.0 3.0 0.0 0.0 4.0 0.0 4.0 4.0 0.0 4.0 31.0 17.0 8.0 8.0 3.0 0.0 9.0 16.0 9.0 2.0 8.0 10.0 9.0 6.0 0.0 0.0 0.0 1.0 
25_3_020_2
3.0 2.0 0.0 0.0 0.0 2.0 6.0 6.0 0.0 4.0 7.0 5.0 1.0 2.0 0.0 0.0 4.0 8.0 4.0 0.0 0.0 0.0 0.0 2.0 0.0 2.0 17.0 18.0 1.0 0.0 0.0 0.0 0.0 2.0 0.0 0.0 3.0 30.0 1.0 0.0 0.0 4.0 20.0 22.0 12.0 7.0 0.0 0.0 0.0 47.0 28.0 0.0 0.0 0.0 0.0 0.0 0.0 17.0 28.0 0.0 0.0 0.0 0.0 0.0 0.0 2.0 1.0 0.0 1.0 2.0 0.0 0.0 0.0 0.0 21.0 102.0 0.0 0.0 0.0 0.0 0.0 4.0 5.0 5.0 0.0 0.0 0.0 1.0 0.0 0.0 0.0 0.0 0.0 0.0 1.0 0.0 0.0 4.0 1.0 0.0 0.0 0.0 0.0 0.0 0.0 0.0 10.0 82.0 0.0 0.0 0.0 0.0 0.0 0.0 0.0 1.0 1.0 1.0 0.0 0.0 0.0 0.0 0.0 0.0 0.0 0.0 0.0 0.0 
25_3_020_3
0.0 0.0 0.0 0.0 23.0 82.0 75.0 30.0 2.0 12.0 3.0 0.0 12.0 28.0 8.0 3.0 0.0 0.0 10.0 13.0 26.0 25.0 4.0 0.0 3.0 0.0 0.0 0.0 46.0 45.0 28.0 16.0 2.0 0.0 9.0 24.0 8.0 3.0 16.0 11.0 0.0 2.0 10.0 19.0 26.0 10.0 1.0 0.0 22.0 0.0 3.0 32.0 8.0 4.0 4.0 20.0 6.0 4.0 8.0 30.0 30.0 2.0 0.0 3.0 4.0 40.0 45.0 20.0 0.0 0.0 0.0 0.0 23.0 63.0 23.0 0.0 0.0 2.0 53.0 31.0 6.0 18.0 18.0 39.0 80.0 30.0 3.0 0.0 4.0 67.0 24.0 0.0 7.0 16.0 4.0 0.0 10.0 0.0 1.0 37.0 19.0 19.0 7.0 17.0 6.0 0.0 0.0 0.0 0.0 44.0 102.0 21.0 0.0 0.0 1.0 20.0 67.0 21.0 3.0 0.0 0.0 0.0 9.0 39.0 44.0 26.0 0.0 0.0 
25_3_020_4
1.0 0.0 0.0 0.0 0.0 0.0 0.0 5.0 0.0 0.0 5.0 79.0 15.0 0.0 0.0 0.0 4.0 0.0 0.0 0.0 0.0 1.0 16.0 39.0 14.0 0.0 0.0 0.0 0.0 0.0 7.0 16.0 2.0 0.0 0.0 0.0 0.0 0.0 0.0 11.0 0.0 0.0 9.0 102.0 3.0 0.0 0.0 0.0 9.0 21.0 9.0 3.0 1.0 3.0 0.0 2.0 43.0 34.0 0.0 0.0 0.0 4.0 5.0 2.0 6.0 0.0 0.0 0.0 0.0 0.0 0.0 8.0 0.0 0.0 0.0 50.0 44.0 0.0 0.0 1.0 1.0 0.0 0.0 6.0 25.0 10.0 14.0 8.0 1.0 0.0 0.0 1.0 9.0 25.0 8.0 5.0 4.0 0.0 0.0 0.0 0.0 0.0 0.0 7.0 4.0 0.0 0.0 7.0 7.0 0.0 0.0 2.0 2.0 0.0 0.0 19.0 55.0 0.0 0.0 1.0 17.0 9.0 3.0 1.0 0.0 0.0 0.0 1.0 
25_3_020_5
0.0 0.0 0.0 0.0 0.0 3.0 4.0 1.0 0.0 0.0 0.0 0.0 0.0 0.0 6.0 51.0 0.0 0.0 2.0 45.0 5.0 0.0 0.0 0.0 0.0 0.0 1.0 29.0 3.0 0.0 0.0 0.0 2.0 1.0 0.0 0.0 0.0 0.0 0.0 0.0 0.0 0.0 0.0 0.0 0.0 0.0 0.0 93.0 0.0 0.0 7.0 82.0 6.0 0.0 0.0 0.0 0.0 0.0 6.0 51.0 5.0 0.0 0.0 0.0 0.0 3.0 1.0 0.0 0.0 0.0 0.0 0.0 0.0 0.0 0.0 0.0 0.0 0.0 -8.0 102.0 0.0 0.0 10.0 85.0 0.0 0.0 0.0 0.0 0.0 0.0 8.0 60.0 0.0 0.0 0.0 0.0 0.0 1.0 3.0 0.0 0.0 0.0 0.0 0.0 3.0 0.0 0.0 0.0 0.0 0.0 -9.0 76.0 0.0 0.0 16.0 58.0 0.0 0.0 0.0 0.0 0.0 0.0 11.0 50.0 0.0 0.0 0.0 0.0 
25_3_020_6
0.0 0.0 0.0 1.0 1.0 0.0 18.0 60.0 0.0 0.0 0.0 0.0 0.0 1.0 24.0 74.0 0.0 0.0 2.0 87.0 6.0 2.0 4.0 1.0 0.0 0.0 0.0 0.0 1.0 2.0 3.0 0.0 0.0 0.0 0.0 0.0 0.0 0.0 21.0 72.0 0.0 0.0 0.0 0.0 0.0 0.0 25.0 102.0 0.0 0.0 8.0 102.0 7.0 0.0 0.0 0.0 0.0 0.0 0.0 0.0 0.0 4.0 2.0 0.0 2.0 0.0 0.0 0.0 0.0 1.0 10.0 66.0 7.0 0.0 0.0 0.0 0.0 0.0 17.0 99.0 0.0 0.0 14.0 100.0 4.0 0.0 0.0 0.0 0.0 0.0 0.0 0.0 0.0 3.0 0.0 0.0 1.0 0.0 0.0 0.0 0.0 1.0 5.0 32.0 4.0 2.0 0.0 0.0 0.0 0.0 6.0 56.0 0.0 0.0 13.0 59.0 0.0 0.0 0.0 0.0 0.0 2.0 5.0 1.0 0.0 0.0 0.0 0.0 
25_3_020_7
0.0 0.0 5.0 29.0 102.0 64.0 60.0 0.0 7.0 2.0 0.0 3.0 3.0 34.0 61.0 6.0 8.0 7.0 2.0 5.0 74.0 46.0 3.0 2.0 1.0 3.0 7.0 71.0 83.0 0.0 0.0 0.0 1.0 0.0 6.0 2.0 11.0 31.0 29.0 1.0 4.0 1.0 7.0 32.0 63.0 21.0 6.0 0.0 5.0 45.0 16.0 39.0 5.0 4.0 4.0 0.0 1.0 4.0 12.0 82.0 23.0 0.0 0.0 0.0 21.0 48.0 11.0 1.0 0.0 0.0 0.0 1.0 0.0 10.0 33.0 42.0 8.0 0.0 0.0 0.0 3.0 3.0 7.0 16.0 45.0 36.0 18.0 19.0 0.0 0.0 0.0 49.0 45.0 8.0 3.0 0.0 23.0 1.0 0.0 9.0 2.0 41.0 35.0 32.0 16.0 7.0 63.0 21.0 1.0 0.0 0.0 11.0 13.0 5.0 13.0 23.0 0.0 0.0 14.0 38.0 0.0 0.0 8.0 46.0 0.0 0.0 11.0 37.0 
25_3_020_8
0.0 0.0 13.0 53.0 0.0 0.0 0.0 0.0 0.0 0.0 0.0 0.0 6.0 15.0 10.0 6.0 0.0 0.0 0.0 0.0 38.0 18.0 0.0 4.0 -1.0 3.0 0.0 0.0 0.0 1.0 -23.0 92.0 0.0 0.0 12.0 67.0 4.0 0.0 0.0 0.0 0.0 0.0 0.0 0.0 0.0 0.0 3.0 57.0 0.0 0.0 6.0 28.0 6.0 1.0 1.0 4.0 0.0 0.0 1.0 5.0 3.0 2.0 19.0 13.0 58.0 48.0 11.0 0.0 0.0 0.0 -26.0 41.0 26.0 5.0 0.0 0.0 0.0 0.0 -17.0 35.0 10.0 16.0 1.0 3.0 1.0 2.0 3.0 14.0 2.0 0.0 0.0 0.0 0.0 1.0 2.0 20.0 0.0 0.0 0.0 0.0 0.0 0.0 -14.0 102.0 0.0 0.0 0.0 0.0 0.0 5.0 -3.0 39.0 0.0 7.0 0.0 0.0 3.0 9.0 4.0 13.0 18.0 2.0 0.0 0.0 0.0 2.0 -9.0 18.0 
25_3_020_9
0.0 0.0 0.0 0.0 0.0 0.0 1.0 7.0 0.0 0.0 0.0 0.0 0.0 0.0 4.0 9.0 -2.0 -12.0 102.0 0.0 0.0 0.0 1.0 0.0 -1.0 -7.0 50.0 3.0 0.0 0.0 9.0 10.0 0.0 0.0 0.0 0.0 0.0 0.0 5.0 8.0 0.0 0.0 1.0 5.0 0.0 0.0 5.0 7.0 0.0 -10.0 68.0 95.0 9.0 2.0 0.0 0.0 4.0 12.0 1.0 3.0 9.0 7.0 0.0 13.0 0.0 0.0 0.0 0.0 0.0 0.0 2.0 10.0 0.0 0.0 6.0 20.0 0.0 0.0 0.0 8.0 0.0 0.0 12.0 92.0 5.0 2.0 0.0 2.0 0.0 0.0 0.0 0.0 2.0 17.0 18.0 12.0 0.0 0.0 0.0 0.0 0.0 0.0 -4.0 13.0 0.0 2.0 0.0 5.0 0.0 0.0 -3.0 7.0 0.0 0.0 0.0 67.0 20.0 0.0 0.0 2.0 0.0 0.0 0.0 0.0 0.0 0.0 -3.0 47.0 
25_3_020_10
37.0 13.0 0.0 0.0 1.0 0.0 0.0 4.0 14.0 7.0 0.0 0.0 0.0 0.0 0.0 11.0 0.0 3.0 11.0 13.0 3.0 0.0 0.0 0.0 0.0 5.0 2.0 2.0 4.0 5.0 3.0 6.0 0.0 0.0 0.0 0.0 20.0 74.0 7.0 0.0 0.0 0.0 27.0 15.0 6.0 10.0 18.0 7.0 3.0 11.0 18.0 1.0 0.0 0.0 4.0 9.0 0.0 0.0 3.0 1.0 0.0 0.0 16.0 14.0 3.0 1.0 0.0 2.0 2.0 0.0 0.0 0.0 0.0 0.0 7.0 102.0 16.0 0.0 0.0 0.0 36.0 7.0 2.0 0.0 0.0 0.0 0.0 12.0 15.0 9.0 10.0 0.0 0.0 0.0 0.0 2.0 0.0 8.0 6.0 3.0 0.0 0.0 0.0 0.0 0.0 0.0 16.0 28.0 16.0 0.0 0.0 0.0 5.0 1.0 0.0 11.0 31.0 7.0 1.0 2.0 15.0 8.0 2.0 0.0 0.0 1.0 0.0 1.0 
25_3_020_11
1.0 0.0 21.0 66.0 0.0 0.0 0.0 1.0 1.0 7.0 17.0 8.0 0.0 0.0 0.0 0.0 0.0 0.0 55.0 50.0 0.0 0.0 0.0 4.0 0.0 0.0 0.0 0.0 0.0 0.0 11.0 17.0 3.0 3.0 7.0 32.0 0.0 0.0 0.0 0.0 5.0 8.0 8.0 11.0 0.0 0.0 0.0 0.0 7.0 0.0 9.0 102.0 0.0 0.0 0.0 7.0 26.0 0.0 0.0 0.0 0.0 0.0 0.0 24.0 9.0 2.0 0.0 0.0 0.0 0.0 0.0 0.0 9.0 3.0 4.0 12.0 0.0 0.0 0.0 0.0 12.0 5.0 27.0 97.0 8.0 0.0 0.0 0.0 51.0 0.0 0.0 0.0 0.0 0.0 0.0 6.0 4.0 0.0 0.0 0.0 0.0 0.0 0.0 0.0 6.0 0.0 0.0 1.0 0.0 0.0 0.0 1.0 0.0 3.0 0.0 71.0 87.0 0.0 0.0 0.0 53.0 4.0 0.0 1.0 9.0 1.0 0.0 1.0 
25_3_020_12
11.0 24.0 1.0 0.0 0.0 0.0 0.0 0.0 5.0 46.0 4.0 0.0 0.0 0.0 0.0 0.0 0.0 2.0 36.0 90.0 29.0 12.0 0.0 0.0 0.0 0.0 0.0 5.0 11.0 102.0 1.0 0.0 1.0 0.0 0.0 0.0 0.0 8.0 10.0 8.0 0.0 0.0 0.0 1.0 8.0 29.0 2.0 1.0 0.0 0.0 4.0 13.0 28.0 11.0 0.0 0.0 0.0 1.0 2.0 2.0 14.0 19.0 2.0 0.0 35.0 7.0 0.0 0.0 0.0 0.0 0.0 16.0 10.0 17.0 6.0 0.0 0.0 0.0 0.0 0.0 0.0 3.0 20.0 34.0 14.0 1.0 0.0 0.0 14.0 2.0 0.0 0.0 0.0 6.0 3.0 13.0 0.0 4.0 4.0 0.0 0.0 6.0 19.0 11.0 0.0 11.0 17.0 8.0 2.0 0.0 0.0 1.0 9.0 9.0 9.0 1.0 4.0 1.0 0.0 2.0 4.0 8.0 14.0 5.0 3.0 0.0 0.0 0.0 
25_3_020_13
0.0 0.0 0.0 0.0 5.0 6.0 6.0 1.0 0.0 0.0 2.0 2.0 1.0 2.0 3.0 2.0 9.0 10.0 9.0 0.0 1.0 5.0 0.0 -2.0 8.0 0.0 0.0 0.0 0.0 5.0 3.0 25.0 8.0 1.0 0.0 1.0 1.0 0.0 -4.0 10.0 1.0 0.0 0.0 8.0 10.0 0.0 0.0 0.0 1.0 5.0 12.0 40.0 2.0 0.0 0.0 0.0 2.0 0.0 0.0 0.0 0.0 0.0 -28.0 102.0 7.0 0.0 0.0 0.0 8.0 5.0 0.0 0.0 3.0 6.0 9.0 3.0 0.0 0.0 0.0 -1.0 0.0 0.0 6.0 36.0 9.0 8.0 5.0 0.0 0.0 0.0 0.0 0.0 0.0 0.0 19.0 37.0 0.0 0.0 0.0 2.0 17.0 4.0 0.0 0.0 0.0 0.0 0.0 3.0 13.0 9.0 0.0 0.0 5.0 1.0 0.0 11.0 11.0 3.0 0.0 1.0 9.0 11.0 0.0 0.0 1.0 6.0 0.0 2.0 
25_3_020_14
6.0 6.0 7.0 3.0 0.0 0.0 0.0 2.0 2.0 2.0 14.0 23.0 0.0 0.0 0.0 0.0 0.0 0.0 5.0 56.0 5.0 2.0 0.0 0.0 0.0 0.0 2.0 37.0 1.0 0.0 0.0 0.0 0.0 0.0 0.0 2.0 14.0 13.0 5.0 1.0 0.0 0.0 0.0 25.0 12.0 0.0 1.0 0.0 0.0 0.0 69.0 69.0 0.0 0.0 0.0 0.0 0.0 0.0 12.0 12.0 0.0 0.0 0.0 0.0 0.0 0.0 5.0 38.0 8.0 0.0 0.0 0.0 0.0 0.0 5.0 14.0 2.0 0.0 7.0 0.0 0.0 0.0 4.0 44.0 102.0 66.0 9.0 0.0 0.0 0.0 0.0 1.0 53.0 27.0 0.0 0.0 0.0 0.0 15.0 17.0 0.0 0.0 0.0 0.0 0.0 0.0 1.0 0.0 0.0 0.0 42.0 29.0 0.0 0.0 0.0 0.0 20.0 18.0 25.0 4.0 0.0 0.0 0.0 0.0 90.0 54.0 0.0 0.0 
25_3_020_15
16.0 18.0 2.0 2.0 1.0 0.0 0.0 1.0 35.0 28.0 6.0 0.0 0.0 0.0 0.0 0.0 0.0 9.0 17.0 6.0 0.0 0.0 0.0 0.0 6.0 0.0 0.0 0.0 0.0 0.0 9.0 45.0 0.0 8.0 6.0 0.0 51.0 29.0 0.0 0.0 14.0 11.0 1.0 0.0 4.0 31.0 18.0 5.0 5.0 9.0 12.0 12.0 2.0 3.0 2.0 2.0 9.0 0.0 0.0 0.0 0.0 0.0 19.0 92.0 0.0 0.0 6.0 28.0 12.0 0.0 0.0 0.0 0.0 0.0 5.0 11.0 9.0 10.0 2.0 0.0 0.0 0.0 10.0 30.0 1.0 2.0 50.0 13.0 0.0 0.0 0.0 0.0 0.0 0.0 102.0 19.0 0.0 0.0 24.0 9.0 0.0 0.0 0.0 0.0 2.0 2.0 38.0 5.0 0.0 0.0 0.0 0.0 0.0 0.0 2.0 0.0 0.0 0.0 83.0 53.0 0.0 0.0 4.0 0.0 0.0 0.0 5.0 0.0 
25_3_020_16
29.0 0.0 0.0 0.0 0.0 0.0 0.0 30.0 32.0 6.0 0.0 0.0 0.0 0.0 0.0 1.0 10.0 28.0 58.0 0.0 0.0 0.0 0.0 0.0 5.0 29.0 28.0 0.0 0.0 0.0 3.0 5.0 19.0 0.0 0.0 3.0 99.0 10.0 0.0 11.0 28.0 6.0 3.0 2.0 0.0 0.0 0.0 2.0 0.0 3.0 38.0 38.0 6.0 4.0 7.0 0.0 2.0 3.0 0.0 0.0 0.0 9.0 48.0 15.0 0.0 0.0 0.0 37.0 95.0 0.0 0.0 0.0 20.0 18.0 1.0 14.0 59.0 1.0 0.0 0.0 13.0 5.0 3.0 3.0 3.0 6.0 14.0 13.0 11.0 0.0 0.0 0.0 0.0 0.0 18.0 19.0 4.0 1.0 0.0 6.0 6.0 0.0 0.0 0.0 0.0 0.0 0.0 22.0 102.0 27.0 0.0 0.0 2.0 0.0 0.0 0.0 19.0 41.0 5.0 5.0 11.0 5.0 0.0 0.0 4.0 3.0 0.0 0.0 
25_3_020_17
5.0 14.0 5.0 0.0 0.0 1.0 2.0 0.0 2.0 32.0 43.0 18.0 1.0 0.0 0.0 0.0 6.0 1.0 1.0 11.0 25.0 30.0 3.0 7.0 0.0 0.0 41.0 33.0 11.0 7.0 15.0 0.0 39.0 23.0 8.0 0.0 0.0 0.0 0.0 11.0 4.0 0.0 2.0 25.0 36.0 11.0 2.0 6.0 13.0 56.0 28.0 38.0 11.0 0.0 0.0 7.0 1.0 6.0 17.0 20.0 25.0 36.0 12.0 6.0 22.0 0.0 0.0 1.0 1.0 5.0 65.0 67.0 0.0 27.0 102.0 11.0 0.0 0.0 1.0 0.0 1.0 3.0 32.0 31.0 10.0 4.0 24.0 11.0 2.0 0.0 5.0 6.0 7.0 8.0 46.0 73.0 0.0 0.0 35.0 65.0 28.0 29.0 16.0 0.0 27.0 28.0 67.0 25.0 3.0 0.0 0.0 30.0 14.0 0.0 0.0 0.0 0.0 1.0 40.0 38.0 14.0 6.0 23.0 13.0 0.0 0.0 10.0 12.0 
25_3_020_18
2.0 15.0 7.0 7.0 3.0 0.0 0.0 0.0 16.0 4.0 1.0 0.0 0.0 1.0 0.0 7.0 0.0 4.0 21.0 33.0 1.0 0.0 0.0 0.0 1.0 2.0 2.0 1.0 3.0 4.0 4.0 7.0 16.0 63.0 7.0 0.0 0.0 0.0 4.0 6.0 31.0 4.0 0.0 0.0 0.0 0.0 6.0 65.0 0.0 1.0 40.0 79.0 7.0 0.0 0.0 0.0 36.0 15.0 0.0 0.0 0.0 0.0 5.0 11.0 6.0 0.0 0.0 0.0 0.0 43.0 66.0 13.0 0.0 0.0 0.0 0.0 1.0 37.0 90.0 20.0 0.0 0.0 3.0 68.0 102.0 9.0 0.0 0.0 10.0 15.0 4.0 10.0 8.0 3.0 6.0 1.0 5.0 5.0 0.0 0.0 0.0 44.0 21.0 1.0 3.0 10.0 2.0 0.0 0.0 9.0 5.0 0.0 0.0 5.0 2.0 17.0 54.0 2.0 0.0 0.0 0.0 4.0 1.0 10.0 80.0 43.0 0.0 0.0 
25_3_020_19
19.0 1.0 0.0 0.0 0.0 0.0 0.0 22.0 0.0 0.0 2.0 55.0 7.0 0.0 0.0 0.0 6.0 0.0 0.0 51.0 12.0 0.0 15.0 34.0 3.0 0.0 3.0 65.0 17.0 1.0 6.0 9.0 23.0 0.0 3.0 1.0 0.0 0.0 0.0 23.0 0.0 15.0 25.0 34.0 0.0 0.0 0.0 0.0 16.0 2.0 9.0 90.0 2.0 0.0 0.0 16.0 24.0 17.0 63.0 39.0 0.0 0.0 0.0 5.0 4.0 6.0 3.0 0.0 0.0 0.0 3.0 10.0 0.0 10.0 75.0 2.0 0.0 0.0 0.0 0.0 0.0 0.0 37.0 29.0 1.0 4.0 6.0 0.0 0.0 0.0 89.0 24.0 0.0 0.0 0.0 0.0 0.0 2.0 19.0 13.0 0.0 0.0 0.0 0.0 0.0 2.0 20.0 3.0 1.0 5.0 1.0 0.0 0.0 0.0 102.0 25.0 0.0 4.0 2.0 0.0 0.0 0.0 20.0 7.0 0.0 0.0 0.0 0.0 
25_3_020_20
6.0 0.0 5.0 10.0 18.0 3.0 0.0 0.0 7.0 8.0 0.0 3.0 13.0 1.0 -2.0 4.0 3.0 11.0 46.0 24.0 0.0 0.0 0.0 0.0 0.0 2.0 44.0 36.0 9.0 9.0 2.0 0.0 3.0 7.0 0.0 10.0 87.0 8.0 0.0 0.0 5.0 12.0 5.0 6.0 14.0 22.0 9.0 0.0 1.0 4.0 21.0 41.0 10.0 0.0 0.0 0.0 0.0 0.0 0.0 0.0 7.0 64.0 11.0 29.0 0.0 0.0 0.0 0.0 30.0 5.0 0.0 0.0 0.0 3.0 2.0 17.0 102.0 0.0 0.0 2.0 1.0 4.0 15.0 76.0 52.0 18.0 0.0 0.0 45.0 11.0 0.0 0.0 6.0 3.0 -46.0 102.0 0.0 0.0 0.0 0.0 0.0 3.0 1.0 0.0 0.0 0.0 0.0 0.0 37.0 13.0 1.0 0.0 0.0 0.0 0.0 0.0 28.0 101.0 3.0 0.0 0.0 0.0 1.0 0.0 97.0 85.0 0.0 0.0 
25_3_020_21
0.0 0.0 0.0 0.0 3.0 4.0 6.0 1.0 0.0 0.0 0.0 17.0 10.0 0.0 0.0 0.0 3.0 0.0 0.0 1.0 0.0 0.0 -18.0 102.0 0.0 0.0 0.0 2.0 0.0 0.0 0.0 2.0 0.0 0.0 0.0 8.0 10.0 0.0 0.0 0.0 0.0 0.0 0.0 21.0 3.0 0.0 0.0 0.0 52.0 0.0 3.0 24.0 0.0 0.0 0.0 52.0 6.0 0.0 0.0 2.0 0.0 0.0 -4.0 24.0 0.0 0.0 0.0 19.0 6.0 0.0 0.0 0.0 0.0 0.0 4.0 23.0 0.0 0.0 0.0 0.0 7.0 0.0 5.0 49.0 0.0 0.0 -12.0 78.0 0.0 0.0 0.0 0.0 0.0 0.0 -11.0 79.0 0.0 0.0 4.0 14.0 0.0 0.0 0.0 0.0 0.0 0.0 3.0 24.0 0.0 0.0 0.0 0.0 0.0 0.0 4.0 35.0 0.0 0.0 15.0 43.0 0.0 0.0 0.0 0.0 0.0 0.0 7.0 50.0 
25_3_020_22
0.0 0.0 0.0 0.0 0.0 0.0 43.0 30.0 0.0 0.0 0.0 4.0 14.0 10.0 47.0 17.0 -6.0 22.0 0.0 27.0 22.0 0.0 0.0 1.0 -3.0 7.0 4.0 60.0 53.0 6.0 0.0 0.0 0.0 0.0 0.0 0.0 0.0 0.0 47.0 95.0 0.0 0.0 79.0 37.0 0.0 5.0 22.0 6.0 -4.0 66.0 51.0 21.0 1.0 0.0 0.0 -4.0 -4.0 18.0 13.0 18.0 11.0 27.0 7.0 0.0 96.0 0.0 0.0 0.0 0.0 0.0 -21.0 66.0 60.0 28.0 41.0 102.0 2.0 0.0 0.0 -28.0 6.0 0.0 7.0 16.0 6.0 4.0 8.0 81.0 0.0 0.0 0.0 0.0 2.0 51.0 60.0 0.0 77.0 0.0 1.0 0.0 4.0 4.0 -11.0 28.0 12.0 0.0 2.0 2.0 4.0 34.0 22.0 25.0 0.0 0.0 0.0 5.0 19.0 55.0 8.0 35.0 34.0 2.0 3.0 4.0 3.0 0.0 -22.0 59.0 
25_3_020_23
15.0 4.0 9.0 5.0 2.0 1.0 0.0 3.0 5.0 17.0 26.0 10.0 0.0 0.0 0.0 2.0 0.0 0.0 59.0 49.0 0.0 0.0 0.0 0.0 0.0 0.0 14.0 4.0 0.0 0.0 34.0 7.0 2.0 6.0 3.0 0.0 0.0 1.0 0.0 0.0 0.0 0.0 2.0 5.0 0.0 0.0 0.0 0.0 0.0 0.0 39.0 102.0 0.0 0.0 4.0 3.0 0.0 0.0 0.0 0.0 0.0 0.0 31.0 28.0 0.0 0.0 0.0 0.0 0.0 1.0 0.0 0.0 0.0 0.0 1.0 21.0 2.0 1.0 0.0 0.0 0.0 0.0 3.0 86.0 5.0 3.0 14.0 11.0 0.0 0.0 0.0 0.0 0.0 0.0 7.0 18.0 0.0 0.0 0.0 0.0 0.0 0.0 0.0 0.0 0.0 0.0 0.0 11.0 3.0 0.0 0.0 0.0 0.0 0.0 0.0 34.0 31.0 2.0 3.0 2.0 0.0 0.0 0.0 0.0 0.0 0.0 2.0 7.0 
25_3_020_24
0.0 0.0 0.0 0.0 0.0 0.0 0.0 0.0 0.0 0.0 0.0 4.0 1.0 0.0 0.0 0.0 2.0 0.0 7.0 68.0 0.0 0.0 0.0 7.0 0.0 0.0 0.0 0.0 0.0 0.0 4.0 26.0 0.0 0.0 0.0 0.0 0.0 0.0 0.0 0.0 0.0 0.0 1.0 8.0 0.0 0.0 0.0 0.0 2.0 0.0 19.0 92.0 0.0 0.0 0.0 18.0 1.0 0.0 0.0 0.0 0.0 0.0 0.0 39.0 0.0 0.0 0.0 0.0 0.0 1.0 0.0 0.0 0.0 0.0 2.0 21.0 0.0 0.0 0.0 0.0 3.0 0.0 11.0 102.0 0.0 0.0 0.0 17.0 6.0 0.0 0.0 0.0 0.0 0.0 0.0 42.0 0.0 0.0 0.0 0.0 22.0 27.0 0.0 0.0 0.0 0.0 0.0 11.0 17.0 5.0 0.0 0.0 0.0 0.0 0.0 71.0 20.0 0.0 0.0 10.0 5.0 0.0 0.0 0.0 0.0 0.0 0.0 36.0 
25_3_020_25
1.0 0.0 2.0 6.0 0.0 0.0 0.0 0.0 3.0 0.0 2.0 0.0 0.0 0.0 0.0 7.0 0.0 5.0 64.0 13.0 0.0 0.0 0.0 0.0 0.0 13.0 27.0 10.0 0.0 0.0 0.0 0.0 2.0 4.0 8.0 1.0 0.0 0.0 0.0 0.0 8.0 4.0 14.0 13.0 0.0 0.0 0.0 1.0 7.0 5.0 48.0 83.0 0.0 0.0 0.0 9.0 4.0 0.0 1.0 3.0 8.0 0.0 5.0 16.0 0.0 8.0 13.0 0.0 0.0 0.0 0.0 0.0 2.0 20.0 14.0 7.0 0.0 0.0 0.0 0.0 3.0 0.0 4.0 102.0 9.0 0.0 0.0 12.0 16.0 6.0 6.0 10.0 2.0 0.0 2.0 16.0 0.0 14.0 3.0 0.0 0.0 0.0 0.0 0.0 0.0 12.0 10.0 1.0 0.0 0.0 0.0 0.0 0.0 0.0 3.0 52.0 16.0 0.0 0.0 0.0 11.0 1.0 0.0 0.0 3.0 0.0 3.0 12.0 
25_3_020_26
0.0 0.0 0.0 0.0 0.0 0.0 10.0 51.0 0.0 0.0 4.0 20.0 2.0 1.0 6.0 12.0 0.0 0.0 12.0 52.0 2.0 0.0 4.0 10.0 0.0 0.0 0.0 1.0 0.0 0.0 0.0 0.0 0.0 0.0 0.0 0.0 0.0 0.0 13.0 67.0 0.0 4.0 8.0 19.0 3.0 18.0 6.0 20.0 0.0 2.0 20.0 72.0 2.0 2.0 -1.0 5.0 5.0 1.0 0.0 0.0 0.0 0.0 0.0 -2.0 5.0 0.0 0.0 0.0 0.0 0.0 10.0 77.0 5.0 0.0 3.0 12.0 4.0 12.0 11.0 6.0 0.0 0.0 22.0 102.0 0.0 0.0 0.0 0.0 1.0 1.0 0.0 0.0 0.0 0.0 0.0 0.0 2.0 0.0 0.0 0.0 0.0 0.0 6.0 52.0 5.0 1.0 7.0 18.0 0.0 0.0 -9.0 27.0 0.0 0.0 16.0 61.0 0.0 0.0 0.0 0.0 0.0 1.0 0.0 0.0 0.0 0.0 0.0 0.0 
25_3_020_27
1.0 36.0 66.0 2.0 0.0 0.0 0.0 0.0 0.0 71.0 76.0 5.0 0.0 10.0 3.0 0.0 0.0 45.0 32.0 5.0 23.0 9.0 0.0 0.0 22.0 17.0 3.0 0.0 1.0 1.0 0.0 3.0 10.0 34.0 27.0 6.0 4.0 2.0 0.0 0.0 0.0 0.0 0.0 1.0 6.0 87.0 77.0 8.0 0.0 9.0 31.0 95.0 74.0 20.0 0.0 0.0 12.0 18.0 11.0 4.0 0.0 0.0 53.0 14.0 23.0 17.0 36.0 6.0 24.0 94.0 21.0 9.0 65.0 22.0 3.0 0.0 0.0 45.0 49.0 77.0 0.0 0.0 36.0 81.0 68.0 102.0 0.0 0.0 0.0 0.0 0.0 7.0 4.0 42.0 79.0 10.0 6.0 0.0 0.0 0.0 33.0 41.0 9.0 0.0 34.0 16.0 4.0 0.0 2.0 3.0 15.0 2.0 0.0 1.0 53.0 57.0 0.0 0.0 0.0 0.0 30.0 21.0 10.0 3.0 0.0 0.0 19.0 32.0 
25_3_020_28
0.0 0.0 3.0 23.0 12.0 0.0 0.0 0.0 1.0 0.0 0.0 14.0 6.0 0.0 2.0 8.0 0.0 0.0 0.0 63.0 11.0 0.0 0.0 0.0 0.0 0.0 0.0 0.0 0.0 0.0 0.0 0.0 0.0 0.0 9.0 27.0 0.0 0.0 0.0 0.0 0.0 0.0 0.0 8.0 4.0 3.0 8.0 8.0 0.0 0.0 0.0 102.0 4.0 0.0 0.0 0.0 0.0 0.0 0.0 0.0 0.0 1.0 0.0 0.0 0.0 0.0 7.0 17.0 0.0 0.0 0.0 0.0 0.0 0.0 7.0 9.0 1.0 1.0 4.0 3.0 0.0 0.0 21.0 74.0 0.0 0.0 0.0 0.0 0.0 0.0 1.0 1.0 0.0 0.0 0.0 0.0 0.0 0.0 0.0 7.0 11.0 0.0 0.0 0.0 0.0 0.0 46.0 20.0 0.0 0.0 0.0 0.0 0.0 0.0 22.0 15.0 0.0 0.0 0.0 0.0 0.0 0.0 4.0 1.0 0.0 0.0 0.0 0.0 
25_3_020_29
0.0 1.0 8.0 5.0 0.0 0.0 0.0 0.0 0.0 6.0 20.0 10.0 0.0 0.0 0.0 0.0 18.0 8.0 0.0 0.0 0.0 0.0 -15.0 32.0 11.0 0.0 0.0 0.0 0.0 0.0 -32.0 76.0 0.0 0.0 1.0 5.0 3.0 5.0 7.0 0.0 0.0 0.0 15.0 49.0 11.0 0.0 0.0 0.0 2.0 8.0 10.0 3.0 0.0 0.0 -7.0 26.0 6.0 6.0 0.0 0.0 0.0 0.0 -21.0 102.0 1.0 0.0 1.0 3.0 3.0 3.0 4.0 3.0 0.0 0.0 7.0 65.0 23.0 0.0 0.0 0.0 0.0 0.0 30.0 8.0 0.0 3.0 2.0 10.0 0.0 0.0 0.0 0.0 0.0 0.0 14.0 84.0 7.0 4.0 6.0 2.0 0.0 0.0 0.0 -2.0 0.0 0.0 8.0 30.0 12.0 0.0 0.0 0.0 0.0 0.0 0.0 7.0 7.0 18.0 32.0 0.0 0.0 0.0 0.0 0.0 0.0 2.0 14.0 21.0 
25_3_020_30
0.0 0.0 15.0 7.0 1.0 1.0 0.0 0.0 0.0 1.0 14.0 7.0 4.0 2.0 0.0 0.0 8.0 25.0 22.0 0.0 0.0 0.0 -2.0 5.0 20.0 10.0 0.0 0.0 0.0 0.0 -5.0 42.0 0.0 0.0 1.0 7.0 3.0 14.0 5.0 1.0 0.0 2.0 66.0 51.0 2.0 2.0 0.0 0.0 6.0 8.0 20.0 5.0 0.0 0.0 0.0 28.0 8.0 5.0 1.0 0.0 0.0 0.0 -22.0 102.0 2.0 11.0 35.0 8.0 0.0 0.0 -6.0 16.0 0.0 6.0 53.0 59.0 4.0 0.0 0.0 0.0 0.0 25.0 25.0 0.0 0.0 1.0 18.0 15.0 0.0 4.0 0.0 0.0 0.0 0.0 77.0 71.0 0.0 0.0 7.0 21.0 1.0 0.0 0.0 0.0 0.0 0.0 7.0 29.0 10.0 49.0 2.0 0.0 0.0 0.0 0.0 0.0 0.0 28.0 88.0 7.0 3.0 1.0 0.0 0.0 0.0 0.0 21.0 28.0 
25_3_020_31
0.0 1.0 8.0 7.0 0.0 0.0 0.0 0.0 0.0 6.0 19.0 12.0 0.0 0.0 0.0 0.0 8.0 12.0 6.0 0.0 0.0 0.0 -15.0 36.0 11.0 0.0 0.0 0.0 0.0 0.0 -27.0 75.0 0.0 0.0 1.0 5.0 3.0 8.0 8.0 0.0 0.0 0.0 24.0 57.0 10.0 0.0 0.0 0.0 6.0 4.0 15.0 1.0 0.0 0.0 -7.0 29.0 5.0 8.0 2.0 0.0 0.0 0.0 -19.0 102.0 5.0 3.0 3.0 7.0 2.0 2.0 3.0 2.0 0.0 0.0 18.0 70.0 17.0 0.0 0.0 0.0 0.0 2.0 37.0 3.0 0.0 0.0 8.0 10.0 0.0 0.0 0.0 0.0 0.0 0.0 29.0 85.0 2.0 5.0 7.0 4.0 0.0 0.0 0.0 0.0 0.0 0.0 6.0 34.0 14.0 2.0 0.0 0.0 0.0 0.0 1.0 3.0 5.0 30.0 41.0 2.0 0.0 0.0 0.0 0.0 0.0 0.0 12.0 32.0 
25_3_020_32
0.0 2.0 14.0 3.0 0.0 0.0 0.0 0.0 17.0 6.0 7.0 3.0 0.0 0.0 0.0 -5.0 55.0 4.0 3.0 0.0 0.0 0.0 0.0 -18.0 12.0 0.0 0.0 0.0 0.0 0.0 -22.0 47.0 0.0 0.0 0.0 6.0 4.0 2.0 0.0 0.0 3.0 0.0 2.0 21.0 13.0 0.0 0.0 -1.0 3.0 1.0 5.0 14.0 0.0 0.0 -10.0 21.0 0.0 0.0 0.0 0.0 0.0 0.0 -35.0 102.0 0.0 0.0 0.0 1.0 2.0 2.0 5.0 4.0 0.0 0.0 0.0 13.0 42.0 2.0 0.0 0.0 0.0 0.0 3.0 21.0 10.0 4.0 0.0 3.0 0.0 0.0 0.0 0.0 0.0 0.0 3.0 47.0 0.0 0.0 1.0 0.0 2.0 1.0 1.0 2.0 3.0 3.0 3.0 14.0 5.0 0.0 0.0 -1.0 0.0 0.0 0.0 5.0 21.0 6.0 0.0 0.0 4.0 0.0 0.0 0.0 0.0 0.0 15.0 7.0 
25_3_020_33
0.0 0.0 0.0 0.0 0.0 0.0 1.0 55.0 0.0 0.0 0.0 3.0 4.0 9.0 16.0 1.0 0.0 0.0 1.0 78.0 2.0 0.0 0.0 0.0 0.0 0.0 0.0 0.0 0.0 0.0 0.0 0.0 0.0 0.0 0.0 0.0 0.0 0.0 -9.0 79.0 9.0 1.0 1.0 2.0 0.0 0.0 -9.0 25.0 0.0 0.0 3.0 102.0 0.0 0.0 0.0 0.0 0.0 0.0 0.0 0.0 0.0 0.0 0.0 0.0 0.0 0.0 0.0 0.0 0.0 0.0 -5.0 63.0 25.0 0.0 0.0 0.0 0.0 3.0 5.0 0.0 0.0 0.0 6.0 84.0 4.0 0.0 0.0 0.0 2.0 0.0 0.0 0.0 0.0 0.0 0.0 -1.0 1.0 0.0 0.0 0.0 0.0 0.0 1.0 42.0 1.0 0.0 0.0 0.0 0.0 1.0 1.0 23.0 0.0 0.0 0.0 83.0 0.0 0.0 0.0 0.0 0.0 0.0 0.0 0.0 0.0 0.0 0.0 0.0 
25_3_020_34
0.0 0.0 0.0 29.0 41.0 0.0 0.0 0.0 37.0 10.0 1.0 21.0 31.0 0.0 0.0 0.0 22.0 18.0 28.0 33.0 0.0 0.0 0.0 4.0 0.0 0.0 11.0 63.0 1.0 0.0 0.0 0.0 0.0 1.0 16.0 21.0 5.0 0.0 0.0 0.0 0.0 0.0 6.0 76.0 45.0 0.0 0.0 0.0 0.0 0.0 6.0 82.0 0.0 0.0 8.0 17.0 0.0 0.0 10.0 63.0 0.0 0.0 0.0 0.0 0.0 1.0 22.0 9.0 0.0 0.0 0.0 0.0 0.0 0.0 22.0 64.0 1.0 1.0 0.0 0.0 0.0 0.0 11.0 102.0 2.0 0.0 23.0 9.0 0.0 0.0 8.0 51.0 0.0 0.0 0.0 0.0 0.0 1.0 22.0 12.0 0.0 0.0 0.0 0.0 0.0 0.0 4.0 9.0 2.0 4.0 9.0 0.0 0.0 0.0 42.0 87.0 0.0 0.0 5.0 3.0 0.0 0.0 4.0 15.0 0.0 0.0 0.0 0.0 
25_3_020_35
0.0 0.0 0.0 0.0 6.0 8.0 1.0 0.0 0.0 0.0 1.0 36.0 15.0 2.0 0.0 0.0 14.0 1.0 5.0 14.0 6.0 0.0 -6.0 11.0 0.0 0.0 0.0 0.0 0.0 0.0 -15.0 68.0 0.0 0.0 0.0 5.0 2.0 1.0 6.0 1.0 0.0 0.0 22.0 73.0 0.0 0.0 0.0 0.0 4.0 0.0 0.0 7.0 31.0 7.0 -2.0 19.0 0.0 0.0 0.0 4.0 2.0 0.0 -14.0 102.0 5.0 0.0 4.0 8.0 0.0 0.0 -1.0 2.0 0.0 0.0 4.0 40.0 38.0 3.0 0.0 0.0 2.0 0.0 3.0 18.0 9.0 3.0 7.0 27.0 0.0 0.0 0.0 19.0 7.0 1.0 3.0 90.0 23.0 0.0 3.0 1.0 0.0 0.0 0.0 -9.0 0.0 2.0 26.0 23.0 0.0 0.0 0.0 0.0 2.0 0.0 6.0 1.0 1.0 0.0 9.0 18.0 0.0 0.0 0.0 0.0 2.0 9.0 60.0 13.0 
25_3_020_36
0.0 49.0 29.0 2.0 4.0 12.0 1.0 0.0 0.0 50.0 18.0 3.0 24.0 8.0 0.0 0.0 18.0 34.0 4.0 1.0 6.0 0.0 0.0 5.0 2.0 0.0 0.0 3.0 20.0 13.0 3.0 4.0 1.0 2.0 1.0 3.0 0.0 45.0 47.0 29.0 0.0 0.0 37.0 102.0 61.0 27.0 0.0 0.0 15.0 31.0 17.0 8.0 0.0 1.0 28.0 7.0 22.0 3.0 0.0 1.0 1.0 8.0 26.0 15.0 41.0 19.0 0.0 0.0 0.0 48.0 34.0 32.0 0.0 2.0 27.0 57.0 81.0 51.0 0.0 0.0 0.0 0.0 1.0 6.0 8.0 75.0 72.0 0.0 0.0 0.0 0.0 0.0 42.0 26.0 56.0 5.0 20.0 10.0 5.0 0.0 0.0 0.0 0.0 5.0 0.0 3.0 65.0 39.0 0.0 0.0 0.0 0.0 32.0 2.0 2.0 1.0 0.0 0.0 53.0 33.0 12.0 1.0 0.0 0.0 8.0 25.0 26.0 6.0 
25_3_020_37
0.0 0.0 0.0 21.0 26.0 0.0 0.0 0.0 5.0 0.0 0.0 5.0 9.0 1.0 1.0 7.0 0.0 0.0 13.0 65.0 0.0 0.0 0.0 0.0 0.0 0.0 0.0 2.0 0.0 0.0 0.0 0.0 0.0 0.0 14.0 26.0 0.0 0.0 0.0 0.0 0.0 0.0 1.0 23.0 1.0 1.0 8.0 7.0 0.0 0.0 6.0 102.0 0.0 0.0 0.0 0.0 0.0 0.0 0.0 1.0 0.0 0.0 0.0 0.0 0.0 0.0 16.0 17.0 0.0 0.0 0.0 0.0 0.0 0.0 2.0 14.0 2.0 2.0 13.0 4.0 0.0 0.0 22.0 89.0 0.0 0.0 0.0 0.0 0.0 0.0 0.0 0.0 0.0 1.0 0.0 0.0 0.0 0.0 3.0 4.0 3.0 0.0 0.0 0.0 0.0 0.0 32.0 22.0 0.0 0.0 2.0 1.0 0.0 0.0 18.0 27.0 0.0 0.0 0.0 0.0 0.0 0.0 2.0 0.0 0.0 0.0 0.0 0.0 
25_3_020_38
0.0 0.0 0.0 0.0 0.0 0.0 3.0 68.0 0.0 1.0 1.0 12.0 5.0 12.0 2.0 11.0 0.0 0.0 3.0 76.0 4.0 0.0 0.0 0.0 0.0 1.0 0.0 0.0 0.0 0.0 0.0 0.0 0.0 0.0 0.0 0.0 0.0 0.0 6.0 87.0 6.0 0.0 4.0 37.0 3.0 1.0 11.0 29.0 0.0 0.0 10.0 99.0 4.0 0.0 0.0 0.0 0.0 0.0 0.0 0.0 0.0 0.0 0.0 0.0 0.0 0.0 0.0 7.0 0.0 0.0 4.0 82.0 18.0 1.0 8.0 18.0 5.0 12.0 11.0 12.0 0.0 0.0 18.0 101.0 1.0 0.0 0.0 0.0 7.0 1.0 0.0 0.0 0.0 0.0 0.0 -3.0 0.0 0.0 0.0 2.0 1.0 2.0 3.0 79.0 0.0 0.0 0.0 16.0 8.0 12.0 26.0 0.0 0.0 0.0 7.0 102.0 0.0 0.0 0.0 0.0 1.0 0.0 0.0 0.0 0.0 0.0 0.0 0.0 
25_3_020_39
9.0 0.0 0.0 0.0 0.0 1.0 10.0 19.0 0.0 0.0 0.0 3.0 7.0 6.0 2.0 3.0 0.0 0.0 0.0 4.0 5.0 0.0 -3.0 33.0 0.0 0.0 0.0 0.0 0.0 8.0 3.0 24.0 11.0 0.0 0.0 0.0 2.0 6.0 13.0 52.0 35.0 40.0 12.0 22.0 8.0 0.0 0.0 -19.0 102.0 1.0 0.0 4.0 0.0 0.0 -6.0 -18.0 56.0 3.0 0.0 0.0 0.0 0.0 -7.0 3.0 64.0 0.0 0.0 0.0 0.0 0.0 -7.0 -4.0 -10.0 30.0 11.0 21.0 12.0 14.0 1.0 0.0 7.0 0.0 0.0 0.0 2.0 29.0 0.0 23.0 14.0 2.0 0.0 0.0 0.0 0.0 3.0 16.0 3.0 0.0 0.0 0.0 5.0 40.0 0.0 1.0 1.0 0.0 0.0 0.0 3.0 29.0 3.0 5.0 0.0 0.0 0.0 0.0 8.0 10.0 0.0 0.0 10.0 1.0 0.0 0.0 0.0 0.0 0.0 7.0 
25_3_020_40
0.0 0.0 0.0 0.0 0.0 0.0 -1.0 53.0 5.0 0.0 0.0 0.0 0.0 2.0 0.0 11.0 0.0 0.0 3.0 76.0 0.0 0.0 0.0 0.0 0.0 1.0 1.0 0.0 0.0 0.0 0.0 0.0 0.0 0.0 0.0 0.0 0.0 0.0 -9.0 68.0 6.0 0.0 0.0 0.0 0.0 2.0 -4.0 29.0 0.0 0.0 2.0 102.0 0.0 0.0 0.0 0.0 0.0 0.0 2.0 0.0 0.0 0.0 0.0 0.0 0.0 0.0 0.0 0.0 0.0 0.0 -1.0 61.0 12.0 5.0 0.0 0.0 0.0 0.0 -1.0 11.0 0.0 0.0 13.0 82.0 0.0 0.0 0.0 0.0 0.0 0.0 2.0 0.0 0.0 0.0 0.0 0.0 34.0 0.0 0.0 0.0 0.0 0.0 -8.0 5.0 76.0 25.0 2.0 0.0 0.0 0.0 0.0 -37.0 0.0 10.0 22.0 4.0 0.0 0.0 0.0 0.0 0.0 0.0 1.0 0.0 0.0 0.0 0.0 0.0 
25_3_020_41
0.0 0.0 0.0 0.0 0.0 0.0 1.0 3.0 0.0 0.0 0.0 79.0 21.0 0.0 0.0 0.0 0.0 -1.0 5.0 18.0 14.0 3.0 0.0 0.0 0.0 0.0 0.0 0.0 1.0 3.0 13.0 7.0 0.0 0.0 0.0 0.0 0.0 0.0 0.0 6.0 0.0 0.0 18.0 102.0 0.0 0.0 0.0 0.0 0.0 -2.0 7.0 17.0 11.0 8.0 3.0 2.0 0.0 0.0 0.0 0.0 1.0 0.0 3.0 15.0 1.0 0.0 0.0 0.0 0.0 0.0 -3.0 7.0 0.0 0.0 6.0 96.0 9.0 0.0 0.0 0.0 0.0 -2.0 12.0 18.0 5.0 0.0 1.0 7.0 0.0 0.0 2.0 1.0 0.0 0.0 -4.0 26.0 1.0 0.0 0.0 0.0 0.0 0.0 0.0 0.0 0.0 0.0 1.0 42.0 21.0 0.0 0.0 0.0 0.0 0.0 0.0 31.0 13.0 0.0 0.0 0.0 0.0 0.0 0.0 2.0 0.0 0.0 -2.0 20.0 
25_3_020_42
18.0 20.0 16.0 0.0 0.0 0.0 0.0 6.0 28.0 29.0 43.0 0.0 0.0 0.0 0.0 17.0 0.0 5.0 79.0 31.0 1.0 0.0 0.0 0.0 15.0 20.0 20.0 10.0 0.0 0.0 0.0 3.0 17.0 11.0 14.0 25.0 4.0 3.0 20.0 8.0 8.0 24.0 16.0 0.0 1.0 23.0 21.0 0.0 0.0 4.0 102.0 100.0 6.0 3.0 1.0 0.0 14.0 10.0 9.0 0.0 0.0 2.0 17.0 55.0 53.0 8.0 9.0 2.0 0.0 1.0 8.0 36.0 11.0 2.0 12.0 12.0 1.0 4.0 12.0 21.0 0.0 0.0 8.0 70.0 49.0 63.0 38.0 2.0 2.0 2.0 4.0 31.0 26.0 33.0 11.0 16.0 26.0 0.0 0.0 0.0 9.0 17.0 23.0 15.0 42.0 16.0 70.0 11.0 0.0 0.0 0.0 5.0 76.0 76.0 35.0 8.0 0.0 0.0 0.0 14.0 2.0 6.0 32.0 32.0 0.0 0.0 0.0 0.0 
25_3_020_43
0.0 1.0 1.0 0.0 0.0 6.0 10.0 0.0 1.0 25.0 21.0 0.0 0.0 1.0 3.0 1.0 59.0 0.0 0.0 0.0 0.0 0.0 -7.0 5.0 16.0 0.0 0.0 0.0 2.0 0.0 -3.0 6.0 0.0 3.0 19.0 6.0 0.0 0.0 0.0 0.0 10.0 5.0 20.0 19.0 0.0 0.0 0.0 -4.0 60.0 10.0 4.0 0.0 0.0 0.0 -2.0 -13.0 45.0 3.0 0.0 0.0 0.0 0.0 -49.0 102.0 0.0 0.0 0.0 8.0 5.0 2.0 2.0 0.0 0.0 0.0 0.0 38.0 28.0 3.0 0.0 0.0 10.0 0.0 9.0 16.0 0.0 0.0 -10.0 25.0 4.0 1.0 4.0 9.0 0.0 0.0 -27.0 100.0 0.0 0.0 0.0 1.0 5.0 1.0 7.0 4.0 0.0 0.0 0.0 18.0 38.0 2.0 0.0 0.0 0.0 0.0 4.0 21.0 23.0 6.0 1.0 1.0 0.0 0.0 2.0 8.0 0.0 0.0 6.0 43.0 
25_3_020_44
1.0 3.0 1.0 0.0 0.0 3.0 1.0 1.0 2.0 25.0 8.0 0.0 0.0 1.0 3.0 0.0 13.0 13.0 2.0 0.0 1.0 0.0 -12.0 30.0 0.0 0.0 0.0 0.0 0.0 0.0 -7.0 22.0 0.0 2.0 11.0 6.0 0.0 0.0 0.0 0.0 0.0 5.0 18.0 16.0 0.0 0.0 0.0 0.0 34.0 4.0 1.0 0.0 0.0 0.0 -12.0 20.0 20.0 0.0 0.0 0.0 0.0 0.0 -44.0 102.0 0.0 0.0 0.0 2.0 8.0 3.0 5.0 0.0 0.0 0.0 11.0 43.0 12.0 0.0 0.0 0.0 1.0 5.0 11.0 5.0 0.0 0.0 -8.0 25.0 4.0 4.0 1.0 0.0 0.0 0.0 -15.0 89.0 0.0 0.0 0.0 2.0 3.0 2.0 6.0 1.0 0.0 0.0 2.0 36.0 26.0 0.0 0.0 0.0 0.0 0.0 16.0 12.0 2.0 1.0 1.0 2.0 0.0 0.0 0.0 0.0 0.0 0.0 3.0 61.0 
25_3_020_45
0.0 0.0 4.0 19.0 25.0 2.0 0.0 0.0 9.0 2.0 1.0 0.0 3.0 2.0 7.0 10.0 5.0 2.0 0.0 0.0 0.0 1.0 9.0 11.0 0.0 2.0 35.0 1.0 0.0 0.0 0.0 0.0 0.0 0.0 6.0 16.0 31.0 9.0 0.0 0.0 0.0 0.0 2.0 5.0 13.0 10.0 18.0 1.0 0.0 0.0 13.0 24.0 2.0 4.0 2.0 0.0 0.0 0.0 31.0 10.0 0.0 0.0 0.0 0.0 0.0 0.0 29.0 38.0 0.0 0.0 0.0 0.0 9.0 3.0 3.0 0.0 0.0 1.0 3.0 6.0 0.0 0.0 10.0 28.0 5.0 0.0 0.0 0.0 0.0 6.0 23.0 15.0 6.0 0.0 0.0 0.0 0.0 0.0 17.0 8.0 0.0 0.0 0.0 0.0 0.0 6.0 7.0 0.0 0.0 0.0 4.0 1.0 0.0 1.0 39.0 20.0 0.0 0.0 0.0 0.0 0.0 6.0 102.0 25.0 0.0 0.0 0.0 0.0 
25_3_020_46
0.0 0.0 4.0 6.0 0.0 0.0 0.0 14.0 3.0 0.0 0.0 5.0 2.0 0.0 1.0 3.0 1.0 0.0 0.0 0.0 0.0 0.0 -41.0 102.0 10.0 28.0 1.0 0.0 0.0 0.0 -12.0 21.0 4.0 0.0 0.0 0.0 0.0 0.0 -23.0 82.0 7.0 1.0 0.0 3.0 2.0 3.0 2.0 2.0 5.0 5.0 0.0 4.0 6.0 3.0 -7.0 26.0 4.0 70.0 0.0 0.0 0.0 0.0 0.0 -9.0 16.0 0.0 0.0 0.0 0.0 0.0 -15.0 87.0 43.0 0.0 0.0 0.0 0.0 0.0 -19.0 35.0 5.0 3.0 2.0 21.0 2.0 0.0 -1.0 0.0 -3.0 7.0 3.0 5.0 7.0 13.0 1.0 1.0 1.0 1.0 0.0 1.0 0.0 0.0 5.0 24.0 1.0 0.0 0.0 0.0 0.0 0.0 -9.0 49.0 0.0 0.0 0.0 2.0 6.0 3.0 1.0 16.0 0.0 0.0 0.0 1.0 11.0 9.0 0.0 9.0 
25_3_020_47
0.0 0.0 0.0 1.0 4.0 2.0 1.0 0.0 1.0 0.0 2.0 9.0 6.0 0.0 0.0 0.0 3.0 0.0 0.0 30.0 18.0 0.0 0.0 6.0 0.0 0.0 0.0 53.0 18.0 0.0 0.0 0.0 0.0 0.0 0.0 0.0 7.0 10.0 0.0 0.0 0.0 0.0 2.0 39.0 9.0 0.0 0.0 0.0 7.0 0.0 2.0 30.0 0.0 0.0 0.0 17.0 0.0 0.0 6.0 102.0 1.0 0.0 0.0 0.0 0.0 2.0 18.0 2.0 2.0 1.0 0.0 0.0 1.0 1.0 34.0 30.0 0.0 0.0 0.0 0.0 4.0 0.0 9.0 31.0 0.0 0.0 0.0 16.0 0.0 0.0 10.0 85.0 0.0 0.0 0.0 0.0 0.0 1.0 42.0 5.0 0.0 0.0 0.0 0.0 8.0 10.0 33.0 0.0 0.0 0.0 0.0 11.0 1.0 0.0 7.0 43.0 0.0 0.0 0.0 19.0 0.0 0.0 8.0 53.0 0.0 0.0 0.0 0.0 
25_3_020_48
0.0 0.0 0.0 0.0 0.0 0.0 27.0 62.0 0.0 0.0 0.0 7.0 11.0 7.0 3.0 1.0 0.0 0.0 10.0 65.0 5.0 0.0 0.0 0.0 0.0 0.0 0.0 4.0 0.0 0.0 0.0 0.0 0.0 0.0 0.0 0.0 0.0 0.0 30.0 93.0 0.0 1.0 1.0 11.0 31.0 2.0 0.0 0.0 0.0 0.0 18.0 99.0 6.0 0.0 0.0 0.0 0.0 0.0 0.0 1.0 1.0 1.0 0.0 0.0 5.0 4.0 7.0 0.0 0.0 0.0 16.0 78.0 8.0 18.0 30.0 2.0 0.0 0.0 0.0 2.0 0.0 0.0 23.0 102.0 0.0 0.0 0.0 0.0 0.0 0.0 0.0 0.0 0.0 1.0 0.0 0.0 0.0 3.0 8.0 5.0 10.0 0.0 11.0 27.0 3.0 2.0 5.0 18.0 0.0 1.0 10.0 19.0 0.0 0.0 15.0 58.0 0.0 0.0 0.0 0.0 0.0 0.0 0.0 0.0 0.0 0.0 0.0 0.0 
25_3_020_49
0.0 0.0 0.0 11.0 6.0 1.0 0.0 0.0 0.0 0.0 0.0 4.0 14.0 2.0 0.0 0.0 1.0 1.0 37.0 13.0 0.0 0.0 0.0 1.0 0.0 0.0 28.0 23.0 0.0 0.0 0.0 0.0 0.0 2.0 3.0 3.0 2.0 1.0 0.0 0.0 0.0 0.0 1.0 29.0 7.0 0.0 0.0 0.0 0.0 0.0 52.0 74.0 0.0 0.0 0.0 0.0 0.0 1.0 9.0 4.0 0.0 0.0 0.0 0.0 0.0 0.0 5.0 3.0 0.0 0.0 1.0 2.0 0.0 0.0 9.0 24.0 2.0 3.0 0.0 0.0 0.0 0.0 5.0 53.0 64.0 56.0 0.0 0.0 0.0 0.0 0.0 1.0 22.0 17.0 0.0 0.0 0.0 1.0 6.0 1.0 0.0 0.0 0.0 0.0 0.0 0.0 0.0 2.0 0.0 0.0 44.0 16.0 0.0 0.0 0.0 0.0 29.0 41.0 25.0 3.0 0.0 0.0 0.0 0.0 102.0 46.0 0.0 0.0 
25_3_020_50
0.0 8.0 3.0 0.0 0.0 0.0 0.0 0.0 0.0 9.0 3.0 1.0 0.0 0.0 0.0 0.0 0.0 0.0 20.0 77.0 0.0 0.0 0.0 0.0 0.0 0.0 16.0 59.0 0.0 0.0 0.0 0.0 0.0 0.0 0.0 0.0 0.0 3.0 2.0 0.0 0.0 0.0 0.0 8.0 3.0 1.0 0.0 0.0 0.0 0.0 11.0 101.0 0.0 0.0 0.0 0.0 0.0 0.0 9.0 82.0 0.0 0.0 0.0 0.0 0.0 0.0 0.0 0.0 7.0 3.0 0.0 0.0 0.0 0.0 2.0 17.0 5.0 2.0 0.0 0.0 0.0 0.0 19.0 102.0 0.0 0.0 0.0 0.0 0.0 0.0 13.0 81.0 0.0 0.0 0.0 0.0 0.0 0.0 0.0 1.0 2.0 1.0 0.0 0.0 0.0 0.0 1.0 29.0 3.0 1.0 0.0 0.0 0.0 0.0 10.0 89.0 0.0 0.0 0.0 0.0 0.0 0.0 4.0 66.0 2.0 0.0 0.0 0.0 
25_3_020_51
0.0 5.0 0.0 0.0 0.0 0.0 0.0 0.0 0.0 4.0 2.0 3.0 0.0 0.0 0.0 0.0 0.0 0.0 14.0 84.0 0.0 0.0 0.0 0.0 0.0 0.0 10.0 67.0 0.0 0.0 0.0 0.0 0.0 2.0 0.0 0.0 0.0 6.0 0.0 0.0 0.0 3.0 3.0 7.0 3.0 4.0 0.0 0.0 0.0 0.0 11.0 102.0 0.0 0.0 0.0 0.0 0.0 0.0 13.0 80.0 1.0 0.0 0.0 0.0 0.0 3.0 3.0 0.0 0.0 1.0 0.0 0.0 0.0 3.0 8.0 14.0 2.0 1.0 0.0 0.0 0.0 0.0 19.0 94.0 0.0 0.0 0.0 0.0 0.0 0.0 16.0 74.0 0.0 0.0 0.0 0.0 0.0 0.0 0.0 0.0 0.0 2.0 1.0 0.0 0.0 0.0 2.0 26.0 3.0 2.0 0.0 0.0 0.0 0.0 9.0 81.0 0.0 0.0 0.0 0.0 0.0 0.0 5.0 60.0 2.0 0.0 0.0 0.0 
25_3_020_52
0.0 0.0 0.0 0.0 1.0 2.0 0.0 0.0 0.0 0.0 0.0 0.0 1.0 0.0 0.0 0.0 0.0 0.0 0.0 0.0 1.0 0.0 0.0 0.0 0.0 0.0 0.0 1.0 0.0 0.0 0.0 0.0 0.0 0.0 0.0 0.0 21.0 77.0 0.0 0.0 0.0 0.0 0.0 2.0 30.0 84.0 2.0 0.0 0.0 0.0 0.0 17.0 39.0 11.0 0.0 0.0 0.0 0.0 1.0 1.0 1.0 0.0 0.0 0.0 22.0 23.0 4.0 0.0 0.0 0.0 0.0 -8.0 5.0 3.0 21.0 0.0 1.0 2.0 -6.0 17.0 0.0 -41.0 102.0 46.0 0.0 0.0 0.0 0.0 0.0 0.0 0.0 1.0 1.0 0.0 0.0 0.0 80.0 1.0 1.0 0.0 0.0 0.0 0.0 -34.0 64.0 21.0 4.0 2.0 0.0 0.0 -1.0 -25.0 -4.0 -19.0 74.0 9.0 0.0 0.0 0.0 0.0 0.0 0.0 0.0 0.0 0.0 0.0 0.0 0.0 
25_3_020_53
13.0 0.0 0.0 0.0 0.0 1.0 -5.0 28.0 2.0 0.0 0.0 11.0 0.0 0.0 -7.0 40.0 0.0 0.0 0.0 88.0 6.0 0.0 0.0 0.0 0.0 0.0 1.0 0.0 0.0 0.0 0.0 0.0 0.0 0.0 0.0 0.0 1.0 0.0 1.0 46.0 23.0 1.0 4.0 1.0 1.0 4.0 10.0 7.0 0.0 0.0 4.0 102.0 6.0 0.0 0.0 0.0 0.0 0.0 1.0 0.0 0.0 0.0 0.0 0.0 47.0 29.0 3.0 0.0 0.0 0.0 -9.0 12.0 16.0 90.0 9.0 0.0 0.0 0.0 0.0 -6.0 0.0 15.0 42.0 11.0 0.0 0.0 0.0 0.0 0.0 0.0 1.0 0.0 0.0 0.0 0.0 0.0 0.0 0.0 0.0 0.0 0.0 0.0 0.0 0.0 0.0 0.0 1.0 0.0 0.0 0.0 0.0 0.0 0.0 1.0 1.0 0.0 0.0 0.0 0.0 0.0 0.0 0.0 1.0 0.0 0.0 0.0 0.0 0.0 
25_3_020_54
0.0 0.0 0.0 0.0 0.0 0.0 0.0 2.0 -6.0 13.0 3.0 0.0 0.0 0.0 0.0 1.0 -10.0 -2.0 101.0 11.0 1.0 0.0 0.0 0.0 0.0 -6.0 22.0 5.0 4.0 0.0 3.0 10.0 0.0 0.0 0.0 0.0 0.0 0.0 0.0 4.0 -8.0 0.0 65.0 40.0 0.0 0.0 0.0 0.0 -33.0 78.0 17.0 6.0 0.0 0.0 0.0 1.0 -1.0 0.0 15.0 7.0 0.0 0.0 0.0 24.0 0.0 0.0 0.0 0.0 0.0 0.0 2.0 2.0 0.0 0.0 6.0 102.0 4.0 0.0 0.0 0.0 0.0 0.0 0.0 20.0 12.0 2.0 12.0 0.0 0.0 0.0 0.0 7.0 5.0 0.0 16.0 11.0 0.0 0.0 0.0 0.0 0.0 0.0 1.0 1.0 0.0 0.0 4.0 57.0 8.0 0.0 0.0 0.0 0.0 -1.0 11.0 10.0 2.0 1.0 0.0 0.0 0.0 0.0 0.0 0.0 3.0 1.0 7.0 4.0 
25_3_020_55
0.0 0.0 0.0 10.0 5.0 2.0 1.0 0.0 0.0 0.0 2.0 24.0 2.0 0.0 0.0 0.0 0.0 3.0 14.0 3.0 0.0 0.0 3.0 4.0 1.0 0.0 0.0 0.0 0.0 1.0 17.0 5.0 1.0 0.0 0.0 13.0 8.0 1.0 0.0 6.0 0.0 0.0 25.0 55.0 6.0 0.0 0.0 0.0 28.0 17.0 10.0 0.0 0.0 0.0 1.0 7.0 26.0 14.0 0.0 0.0 0.0 0.0 0.0 3.0 8.0 1.0 3.0 3.0 8.0 2.0 2.0 34.0 0.0 0.0 10.0 102.0 18.0 2.0 0.0 0.0 5.0 8.0 1.0 3.0 21.0 14.0 2.0 0.0 29.0 7.0 2.0 0.0 1.0 8.0 4.0 2.0 0.0 1.0 2.0 0.0 8.0 12.0 17.0 4.0 0.0 0.0 1.0 8.0 45.0 41.0 0.0 0.0 0.0 0.0 4.0 26.0 37.0 5.0 0.0 0.0 9.0 32.0 4.0 0.0 0.0 9.0 4.0 0.0 
25_3_020_56
0.0 0.0 0.0 0.0 0.0 15.0 11.0 0.0 0.0 0.0 0.0 5.0 12.0 5.0 1.0 0.0 3.0 1.0 6.0 23.0 16.0 0.0 0.0 -1.0 68.0 3.0 4.0 1.0 0.0 0.0 -2.0 -18.0 0.0 0.0 0.0 0.0 7.0 10.0 6.0 0.0 0.0 0.0 0.0 0.0 12.0 25.0 11.0 0.0 0.0 0.0 6.0 74.0 27.0 1.0 0.0 0.0 0.0 1.0 7.0 19.0 23.0 0.0 -6.0 14.0 0.0 0.0 0.0 11.0 9.0 5.0 2.0 0.0 0.0 0.0 9.0 14.0 0.0 0.0 14.0 6.0 0.0 0.0 35.0 102.0 5.0 0.0 0.0 0.0 14.0 0.0 0.0 2.0 35.0 8.0 -5.0 38.0 0.0 0.0 0.0 25.0 8.0 0.0 0.0 2.0 1.0 0.0 1.0 16.0 3.0 0.0 -1.0 9.0 0.0 0.0 6.0 60.0 51.0 8.0 0.0 0.0 0.0 0.0 0.0 0.0 10.0 10.0 1.0 61.0 
25_3_020_57
0.0 0.0 0.0 0.0 0.0 0.0 0.0 0.0 0.0 0.0 0.0 9.0 1.0 1.0 0.0 0.0 0.0 0.0 11.0 76.0 14.0 0.0 0.0 0.0 8.0 5.0 0.0 0.0 11.0 15.0 0.0 5.0 0.0 0.0 0.0 0.0 2.0 2.0 0.0 0.0 0.0 0.0 0.0 17.0 1.0 1.0 0.0 0.0 4.0 0.0 25.0 102.0 0.0 0.0 0.0 17.0 4.0 3.0 17.0 13.0 4.0 8.0 3.0 6.0 0.0 0.0 0.0 0.0 0.0 1.0 0.0 0.0 0.0 0.0 2.0 32.0 4.0 0.0 0.0 0.0 6.0 0.0 18.0 83.0 17.0 0.0 0.0 7.0 0.0 12.0 83.0 5.0 0.0 0.0 0.0 0.0 0.0 0.0 0.0 0.0 0.0 4.0 0.0 0.0 0.0 0.0 0.0 3.0 10.0 1.0 0.0 0.0 0.0 0.0 0.0 11.0 90.0 22.0 0.0 0.0 2.0 1.0 13.0 72.0 35.0 0.0 0.0 1.0 
25_3_020_58
0.0 0.0 0.0 11.0 2.0 0.0 0.0 0.0 0.0 0.0 0.0 13.0 3.0 0.0 0.0 0.0 0.0 0.0 0.0 77.0 6.0 0.0 0.0 0.0 0.0 0.0 0.0 0.0 0.0 0.0 30.0 101.0 0.0 0.0 0.0 17.0 0.0 0.0 0.0 0.0 0.0 0.0 0.0 18.0 0.0 0.0 0.0 0.0 0.0 0.0 7.0 78.0 2.0 3.0 5.0 0.0 0.0 0.0 0.0 0.0 0.0 0.0 69.0 102.0 0.0 0.0 3.0 16.0 0.0 0.0 0.0 0.0 0.0 0.0 3.0 22.0 0.0 0.0 0.0 0.0 0.0 0.0 4.0 44.0 3.0 1.0 37.0 25.0 0.0 0.0 0.0 0.0 0.0 0.0 51.0 58.0 0.0 0.0 5.0 8.0 0.0 0.0 0.0 0.0 0.0 0.0 0.0 10.0 3.0 6.0 1.0 0.0 0.0 0.0 0.0 2.0 4.0 12.0 87.0 14.0 0.0 0.0 0.0 0.0 0.0 0.0 17.0 9.0 
25_3_020_59
1.0 0.0 3.0 12.0 48.0 31.0 7.0 1.0 35.0 4.0 1.0 6.0 3.0 0.0 5.0 22.0 13.0 21.0 10.0 3.0 1.0 0.0 0.0 0.0 5.0 25.0 10.0 33.0 10.0 0.0 0.0 0.0 23.0 8.0 8.0 28.0 16.0 1.0 5.0 5.0 17.0 17.0 36.0 102.0 28.0 0.0 0.0 0.0 30.0 74.0 11.0 0.0 0.0 0.0 8.0 19.0 0.0 26.0 1.0 0.0 6.0 33.0 7.0 0.0 9.0 59.0 31.0 1.0 0.0 0.0 0.0 0.0 0.0 4.0 38.0 45.0 32.0 4.0 0.0 0.0 20.0 2.0 7.0 2.0 0.0 9.0 23.0 72.0 5.0 0.0 0.0 0.0 6.0 37.0 20.0 42.0 7.0 21.0 4.0 0.0 0.0 0.0 0.0 0.0 8.0 1.0 0.0 3.0 20.0 5.0 1.0 1.0 0.0 0.0 0.0 4.0 7.0 35.0 56.0 18.0 0.0 1.0 2.0 0.0 0.0 2.0 31.0 49.0 
25_3_020_60
0.0 0.0 0.0 25.0 18.0 17.0 31.0 0.0 6.0 2.0 0.0 0.0 0.0 0.0 -17.0 102.0 8.0 82.0 45.0 0.0 0.0 0.0 -5.0 17.0 54.0 58.0 0.0 1.0 0.0 0.0 0.0 0.0 0.0 0.0 9.0 38.0 28.0 3.0 0.0 0.0 5.0 37.0 34.0 50.0 18.0 0.0 -3.0 6.0 4.0 40.0 30.0 4.0 7.0 6.0 -8.0 40.0 5.0 2.0 0.0 0.0 0.0 1.0 -12.0 96.0 2.0 12.0 30.0 16.0 0.0 2.0 0.0 1.0 0.0 0.0 18.0 55.0 17.0 71.0 44.0 0.0 0.0 0.0 0.0 1.0 45.0 71.0 38.0 6.0 0.0 0.0 5.0 11.0 0.0 1.0 10.0 5.0 2.0 10.0 7.0 7.0 11.0 6.0 11.0 18.0 0.0 3.0 5.0 6.0 0.0 29.0 63.0 37.0 0.0 0.0 12.0 60.0 39.0 5.0 0.0 0.0 0.0 0.0 0.0 7.0 24.0 5.0 0.0 0.0 
25_3_020_61
0.0 0.0 0.0 0.0 0.0 0.0 39.0 58.0 0.0 0.0 0.0 0.0 2.0 5.0 17.0 3.0 0.0 0.0 40.0 73.0 0.0 0.0 0.0 0.0 0.0 0.0 4.0 3.0 0.0 0.0 19.0 11.0 5.0 0.0 0.0 0.0 0.0 0.0 29.0 47.0 2.0 7.0 5.0 7.0 0.0 0.0 0.0 1.0 0.0 0.0 15.0 92.0 7.0 4.0 6.0 1.0 0.0 0.0 2.0 12.0 4.0 2.0 15.0 19.0 15.0 5.0 0.0 0.0 0.0 0.0 -41.0 102.0 2.0 41.0 15.0 2.0 0.0 0.0 0.0 0.0 3.0 1.0 25.0 34.0 0.0 0.0 0.0 3.0 4.0 7.0 22.0 46.0 2.0 0.0 0.0 0.0 18.0 0.0 0.0 0.0 0.0 0.0 -28.0 68.0 23.0 13.0 4.0 2.0 0.0 0.0 0.0 -3.0 0.0 0.0 7.0 7.0 2.0 0.0 0.0 0.0 0.0 0.0 7.0 26.0 5.0 4.0 12.0 0.0 
25_3_020_62
3.0 0.0 2.0 19.0 13.0 15.0 6.0 3.0 0.0 0.0 1.0 53.0 35.0 8.0 0.0 0.0 0.0 2.0 5.0 67.0 28.0 3.0 0.0 0.0 52.0 17.0 5.0 0.0 0.0 0.0 1.0 1.0 26.0 42.0 12.0 5.0 0.0 0.0 0.0 1.0 0.0 1.0 13.0 102.0 2.0 0.0 0.0 0.0 0.0 0.0 0.0 48.0 58.0 3.0 5.0 13.0 10.0 4.0 0.0 32.0 41.0 30.0 69.0 19.0 16.0 18.0 15.0 7.0 0.0 0.0 0.0 4.0 1.0 30.0 36.0 18.0 0.0 0.0 2.0 1.0 5.0 0.0 0.0 0.0 13.0 2.0 26.0 41.0 7.0 0.0 0.0 9.0 83.0 4.0 4.0 29.0 0.0 1.0 13.0 19.0 33.0 17.0 1.0 0.0 19.0 3.0 0.0 1.0 5.0 3.0 10.0 29.0 15.0 6.0 4.0 2.0 1.0 0.0 5.0 4.0 14.0 10.0 6.0 23.0 11.0 0.0 0.0 0.0 
25_3_020_63
0.0 0.0 0.0 1.0 0.0 0.0 2.0 2.0 -42.0 102.0 38.0 12.0 0.0 0.0 0.0 0.0 -13.0 80.0 37.0 18.0 0.0 0.0 0.0 -3.0 0.0 0.0 9.0 9.0 1.0 1.0 12.0 9.0 0.0 0.0 20.0 25.0 0.0 0.0 1.0 0.0 0.0 3.0 57.0 64.0 2.0 6.0 8.0 0.0 -1.0 10.0 19.0 31.0 3.0 2.0 2.0 -1.0 -3.0 8.0 0.0 0.0 0.0 0.0 21.0 31.0 0.0 0.0 33.0 57.0 0.0 0.0 0.0 0.0 -5.0 13.0 10.0 29.0 2.0 4.0 3.0 0.0 0.0 0.0 4.0 35.0 7.0 4.0 20.0 1.0 0.0 1.0 0.0 5.0 1.0 2.0 21.0 3.0 -1.0 1.0 57.0 24.0 0.0 0.0 0.0 0.0 0.0 1.0 6.0 7.0 10.0 6.0 3.0 0.0 0.0 0.0 0.0 1.0 1.0 3.0 14.0 3.0 0.0 0.0 0.0 0.0 7.0 6.0 3.0 0.0 
25_3_020_64
14.0 18.0 6.0 4.0 1.0 0.0 0.0 0.0 0.0 0.0 7.0 93.0 23.0 0.0 0.0 0.0 0.0 0.0 0.0 16.0 4.0 0.0 0.0 0.0 0.0 0.0 0.0 0.0 0.0 0.0 0.0 0.0 36.0 15.0 0.0 0.0 2.0 0.0 0.0 7.0 1.0 4.0 23.0 83.0 0.0 0.0 0.0 1.0 0.0 0.0 6.0 27.0 0.0 0.0 0.0 0.0 0.0 0.0 0.0 0.0 0.0 0.0 0.0 0.0 3.0 0.0 0.0 14.0 11.0 1.0 3.0 14.0 0.0 0.0 0.0 102.0 5.0 0.0 1.0 5.0 0.0 0.0 1.0 22.0 0.0 0.0 0.0 0.0 0.0 0.0 0.0 0.0 0.0 0.0 0.0 0.0 0.0 0.0 0.0 19.0 1.0 0.0 7.0 10.0 0.0 0.0 1.0 86.0 4.0 0.0 5.0 4.0 0.0 0.0 1.0 17.0 0.0 0.0 0.0 0.0 0.0 0.0 0.0 0.0 0.0 0.0 0.0 0.0 
25_3_020_65
0.0 0.0 0.0 5.0 20.0 59.0 1.0 0.0 1.0 2.0 1.0 0.0 0.0 32.0 23.0 2.0 4.0 16.0 7.0 0.0 0.0 0.0 8.0 6.0 5.0 34.0 3.0 0.0 0.0 1.0 1.0 0.0 29.0 35.0 6.0 3.0 0.0 0.0 0.0 1.0 0.0 0.0 1.0 2.0 1.0 32.0 37.0 14.0 0.0 19.0 51.0 56.0 21.0 3.0 0.0 0.0 47.0 12.0 1.0 0.0 0.0 0.0 7.0 20.0 63.0 9.0 0.0 0.0 0.0 0.0 0.0 37.0 31.0 38.0 65.0 0.0 0.0 0.0 10.0 45.0 0.0 18.0 94.0 62.0 2.0 8.0 13.0 10.0 14.0 1.0 0.0 0.0 2.0 30.0 16.0 14.0 12.0 9.0 9.0 7.0 0.0 0.0 0.0 0.0 24.0 102.0 56.0 16.0 4.0 2.0 2.0 7.0 31.0 4.0 7.0 0.0 0.0 0.0 29.0 81.0 2.0 3.0 1.0 0.0 1.0 8.0 10.0 10.0 
25_3_020_66
13.0 0.0 0.0 0.0 0.0 0.0 0.0 23.0 0.0 0.0 14.0 14.0 0.0 0.0 0.0 0.0 8.0 23.0 11.0 2.0 0.0 0.0 0.0 4.0 2.0 17.0 16.0 4.0 0.0 0.0 1.0 0.0 1.0 0.0 1.0 1.0 0.0 0.0 15.0 13.0 0.0 1.0 3.0 4.0 8.0 13.0 14.0 5.0 3.0 3.0 9.0 21.0 63.0 6.0 6.0 2.0 3.0 0.0 0.0 0.0 0.0 0.0 18.0 16.0 0.0 1.0 10.0 5.0 6.0 2.0 1.0 0.0 32.0 8.0 0.0 0.0 0.0 0.0 1.0 24.0 0.0 1.0 22.0 102.0 2.0 0.0 0.0 0.0 45.0 21.0 3.0 0.0 0.0 0.0 0.0 11.0 0.0 22.0 23.0 0.0 0.0 0.0 0.0 0.0 13.0 39.0 6.0 0.0 0.0 0.0 0.0 0.0 0.0 22.0 45.0 26.0 6.0 0.0 0.0 0.0 13.0 8.0 6.0 0.0 5.0 7.0 13.0 15.0 
25_3_020_67
0.0 0.0 5.0 46.0 2.0 0.0 0.0 0.0 0.0 0.0 15.0 76.0 11.0 0.0 0.0 0.0 -3.0 3.0 9.0 4.0 8.0 8.0 7.0 0.0 0.0 0.0 0.0 0.0 1.0 3.0 9.0 13.0 1.0 0.0 22.0 81.0 0.0 0.0 0.0 0.0 0.0 -10.0 45.0 46.0 0.0 2.0 14.0 20.0 0.0 0.0 2.0 31.0 15.0 12.0 0.0 2.0 0.0 0.0 0.0 0.0 0.0 0.0 7.0 28.0 0.0 1.0 11.0 102.0 0.0 0.0 0.0 0.0 2.0 0.0 0.0 33.0 13.0 1.0 2.0 32.0 0.0 -7.0 37.0 38.0 0.0 0.0 -1.0 8.0 0.0 0.0 0.0 0.0 0.0 0.0 -1.0 41.0 0.0 0.0 1.0 63.0 8.0 0.0 0.0 0.0 0.0 0.0 0.0 29.0 15.0 2.0 0.0 0.0 0.0 0.0 9.0 32.0 0.0 0.0 -1.0 4.0 0.0 0.0 0.0 0.0 0.0 0.0 -2.0 41.0 
25_3_020_68
0.0 0.0 0.0 17.0 8.0 0.0 0.0 0.0 10.0 0.0 0.0 0.0 0.0 0.0 0.0 39.0 39.0 3.0 1.0 0.0 0.0 0.0 0.0 38.0 9.0 0.0 0.0 0.0 0.0 0.0 0.0 24.0 0.0 0.0 0.0 22.0 16.0 0.0 0.0 0.0 2.0 0.0 0.0 0.0 0.0 1.0 7.0 53.0 26.0 1.0 2.0 30.0 5.0 0.0 0.0 46.0 12.0 0.0 0.0 0.0 0.0 1.0 1.0 77.0 0.0 0.0 0.0 28.0 5.0 0.0 0.0 0.0 22.0 4.0 0.0 5.0 1.0 0.0 0.0 26.0 2.0 6.0 11.0 20.0 0.0 0.0 5.0 45.0 8.0 0.0 0.0 0.0 0.0 0.0 0.0 102.0 0.0 3.0 5.0 11.0 0.0 0.0 0.0 0.0 4.0 7.0 5.0 13.0 0.0 0.0 0.0 0.0 11.0 3.0 1.0 0.0 0.0 0.0 6.0 28.0 45.0 0.0 0.0 0.0 0.0 0.0 0.0 62.0 
25_3_020_69
1.0 1.0 2.0 2.0 0.0 0.0 0.0 0.0 0.0 0.0 0.0 23.0 17.0 0.0 0.0 0.0 2.0 0.0 0.0 58.0 38.0 0.0 0.0 4.0 102.0 0.0 0.0 0.0 0.0 0.0 0.0 73.0 7.0 23.0 7.0 0.0 0.0 0.0 0.0 0.0 9.0 5.0 4.0 17.0 0.0 0.0 0.0 0.0 0.0 0.0 5.0 100.0 12.0 0.0 0.0 0.0 42.0 0.0 0.0 0.0 0.0 5.0 13.0 62.0 98.0 41.0 0.0 0.0 0.0 0.0 0.0 7.0 29.0 21.0 24.0 11.0 0.0 0.0 0.0 0.0 0.0 0.0 17.0 23.0 15.0 19.0 3.0 0.0 0.0 0.0 0.0 0.0 0.0 4.0 78.0 12.0 0.0 0.0 0.0 0.0 5.0 21.0 33.0 10.0 12.0 1.0 0.0 0.0 0.0 4.0 33.0 16.0 0.0 0.0 0.0 0.0 3.0 15.0 16.0 1.0 3.0 5.0 0.0 0.0 0.0 1.0 17.0 21.0 
25_3_020_70
0.0 9.0 15.0 12.0 4.0 2.0 0.0 18.0 22.0 11.0 0.0 0.0 0.0 4.0 5.0 27.0 0.0 0.0 0.0 83.0 2.0 0.0 0.0 0.0 0.0 0.0 0.0 1.0 0.0 0.0 0.0 0.0 4.0 5.0 4.0 15.0 4.0 2.0 3.0 24.0 4.0 6.0 5.0 0.0 5.0 7.0 14.0 38.0 0.0 0.0 5.0 102.0 1.0 0.0 0.0 0.0 0.0 0.0 0.0 2.0 0.0 0.0 0.0 0.0 12.0 23.0 6.0 1.0 0.0 0.0 0.0 2.0 11.0 51.0 1.0 0.0 0.0 0.0 0.0 2.0 0.0 10.0 32.0 7.0 0.0 0.0 0.0 0.0 0.0 17.0 28.0 0.0 0.0 0.0 0.0 0.0 0.0 0.0 0.0 0.0 0.0 1.0 0.0 0.0 0.0 0.0 8.0 1.0 0.0 0.0 0.0 0.0 0.0 9.0 93.0 0.0 0.0 0.0 0.0 0.0 0.0 21.0 53.0 0.0 0.0 2.0 2.0 0.0 
25_3_020_71
1.0 2.0 7.0 9.0 3.0 0.0 0.0 0.0 6.0 25.0 19.0 30.0 7.0 0.0 0.0 4.0 13.0 25.0 11.0 1.0 0.0 0.0 12.0 6.0 0.0 0.0 0.0 1.0 8.0 2.0 34.0 7.0 11.0 1.0 0.0 0.0 0.0 10.0 22.0 24.0 0.0 0.0 19.0 84.0 71.0 9.0 4.0 0.0 25.0 0.0 2.0 0.0 1.0 3.0 18.0 39.0 21.0 0.0 3.0 1.0 0.0 0.0 1.0 14.0 53.0 44.0 2.0 0.0 0.0 0.0 0.0 7.0 0.0 27.0 102.0 96.0 0.0 0.0 0.0 0.0 96.0 53.0 6.0 0.0 0.0 0.0 0.0 10.0 38.0 46.0 2.0 0.0 0.0 0.0 0.0 1.0 4.0 15.0 3.0 1.0 2.0 0.0 0.0 0.0 0.0 10.0 19.0 35.0 12.0 0.0 0.0 0.0 1.0 2.0 0.0 0.0 6.0 14.0 51.0 40.0 0.0 0.0 0.0 0.0 30.0 30.0 11.0 0.0 
25_3_020_72
0.0 0.0 0.0 0.0 3.0 14.0 21.0 4.0 0.0 0.0 3.0 24.0 20.0 8.0 0.0 0.0 0.0 0.0 12.0 29.0 0.0 5.0 17.0 0.0 0.0 0.0 4.0 21.0 11.0 5.0 4.0 0.0 1.0 0.0 0.0 0.0 0.0 2.0 13.0 17.0 0.0 0.0 20.0 102.0 8.0 0.0 0.0 0.0 1.0 0.0 3.0 6.0 1.0 0.0 17.0 22.0 0.0 0.0 0.0 2.0 8.0 37.0 44.0 15.0 0.0 0.0 2.0 2.0 2.0 2.0 7.0 3.0 0.0 0.0 1.0 102.0 12.0 0.0 0.0 0.0 0.0 0.0 0.0 5.0 6.0 1.0 27.0 8.0 7.0 6.0 17.0 3.0 0.0 0.0 -12.0 101.0 8.0 9.0 3.0 0.0 0.0 0.0 0.0 -1.0 0.0 4.0 10.0 43.0 12.0 0.0 0.0 0.0 3.0 1.0 2.0 27.0 1.0 0.0 -1.0 8.0 16.0 45.0 14.0 18.0 4.0 3.0 4.0 4.0 
25_3_020_73
0.0 0.0 0.0 0.0 0.0 22.0 34.0 0.0 0.0 0.0 0.0 6.0 3.0 17.0 16.0 0.0 1.0 15.0 12.0 0.0 0.0 0.0 1.0 0.0 13.0 5.0 19.0 0.0 0.0 0.0 -9.0 20.0 0.0 0.0 0.0 0.0 0.0 30.0 15.0 0.0 0.0 0.0 12.0 59.0 8.0 4.0 4.0 0.0 4.0 4.0 11.0 7.0 3.0 6.0 20.0 0.0 6.0 3.0 9.0 32.0 10.0 0.0 -6.0 15.0 0.0 0.0 0.0 0.0 19.0 27.0 10.0 2.0 0.0 0.0 2.0 90.0 22.0 0.0 0.0 0.0 0.0 0.0 0.0 8.0 8.0 7.0 34.0 13.0 0.0 0.0 1.0 14.0 48.0 66.0 30.0 2.0 1.0 0.0 1.0 6.0 1.0 0.0 2.0 11.0 0.0 0.0 1.0 102.0 10.0 1.0 0.0 4.0 0.0 0.0 1.0 1.0 1.0 0.0 5.0 44.0 0.0 0.0 11.0 18.0 9.0 5.0 12.0 67.0 
25_3_020_74
0.0 0.0 0.0 0.0 3.0 24.0 14.0 5.0 8.0 2.0 1.0 1.0 2.0 3.0 6.0 8.0 1.0 2.0 4.0 0.0 2.0 4.0 0.0 0.0 1.0 2.0 1.0 0.0 0.0 0.0 0.0 1.0 51.0 6.0 1.0 2.0 0.0 0.0 0.0 12.0 6.0 8.0 12.0 39.0 0.0 0.0 0.0 0.0 28.0 6.0 2.0 0.0 0.0 1.0 0.0 9.0 1.0 2.0 1.0 1.0 3.0 0.0 0.0 2.0 102.0 6.0 0.0 0.0 0.0 0.0 0.0 43.0 8.0 20.0 15.0 26.0 0.0 0.0 0.0 0.0 34.0 0.0 0.0 0.0 0.0 0.0 0.0 27.0 1.0 1.0 7.0 9.0 0.0 0.0 0.0 0.0 35.0 2.0 0.0 0.0 1.0 0.0 4.0 29.0 19.0 10.0 0.0 0.0 0.0 0.0 0.0 21.0 3.0 1.0 1.0 0.0 0.0 0.0 10.0 25.0 2.0 1.0 3.0 1.0 0.0 0.0 2.0 3.0 
25_3_020_75
0.0 0.0 0.0 0.0 0.0 1.0 22.0 7.0 0.0 0.0 9.0 20.0 2.0 2.0 0.0 0.0 0.0 1.0 25.0 10.0 3.0 3.0 0.0 0.0 0.0 0.0 19.0 37.0 2.0 0.0 0.0 0.0 0.0 0.0 1.0 1.0 0.0 2.0 3.0 8.0 1.0 0.0 6.0 64.0 7.0 1.0 0.0 0.0 0.0 0.0 0.0 3.0 11.0 15.0 22.0 10.0 0.0 0.0 11.0 61.0 50.0 2.0 0.0 0.0 0.0 0.0 0.0 0.0 2.0 11.0 2.0 0.0 0.0 0.0 0.0 22.0 35.0 5.0 0.0 0.0 0.0 0.0 0.0 2.0 8.0 3.0 46.0 14.0 0.0 0.0 2.0 102.0 60.0 0.0 0.0 0.0 20.0 2.0 0.0 0.0 0.0 0.0 -2.0 0.0 11.0 1.0 6.0 6.0 10.0 0.0 0.0 -3.0 42.0 5.0 4.0 0.0 5.0 1.0 7.0 1.0 0.0 1.0 23.0 68.0 15.0 0.0 0.0 0.0 
25_3_020_76
0.0 0.0 3.0 29.0 10.0 0.0 2.0 43.0 22.0 7.0 1.0 4.0 11.0 22.0 11.0 14.0 0.0 0.0 5.0 64.0 1.0 0.0 0.0 4.0 2.0 0.0 0.0 0.0 0.0 0.0 0.0 0.0 0.0 0.0 5.0 28.0 2.0 0.0 3.0 53.0 9.0 1.0 3.0 0.0 0.0 3.0 5.0 21.0 0.0 0.0 5.0 97.0 4.0 0.0 0.0 0.0 0.0 0.0 0.0 0.0 0.0 0.0 0.0 0.0 0.0 0.0 2.0 31.0 1.0 0.0 2.0 39.0 6.0 0.0 2.0 21.0 0.0 0.0 3.0 62.0 0.0 0.0 10.0 102.0 1.0 0.0 0.0 0.0 0.0 0.0 0.0 0.0 0.0 0.0 0.0 0.0 0.0 0.0 8.0 19.0 2.0 0.0 2.0 26.0 26.0 5.0 8.0 2.0 2.0 5.0 17.0 9.0 0.0 0.0 10.0 86.0 0.0 0.0 0.0 0.0 3.0 1.0 0.0 0.0 0.0 0.0 0.0 -1.0 
25_3_020_77
0.0 0.0 0.0 2.0 42.0 26.0 0.0 0.0 0.0 2.0 14.0 20.0 12.0 13.0 0.0 0.0 7.0 19.0 5.0 0.0 0.0 0.0 2.0 3.0 0.0 4.0 15.0 10.0 3.0 0.0 0.0 0.0 0.0 4.0 17.0 54.0 7.0 3.0 0.0 0.0 0.0 0.0 4.0 52.0 20.0 7.0 0.0 0.0 10.0 16.0 17.0 41.0 4.0 0.0 0.0 3.0 13.0 2.0 0.0 0.0 0.0 0.0 0.0 7.0 9.0 9.0 27.0 28.0 0.0 0.0 0.0 2.0 0.0 3.0 29.0 20.0 5.0 0.0 4.0 0.0 28.0 6.0 37.0 102.0 0.0 0.0 0.0 4.0 39.0 0.0 0.0 0.0 0.0 2.0 1.0 28.0 6.0 19.0 21.0 5.0 0.0 0.0 1.0 0.0 0.0 0.0 1.0 4.0 14.0 0.0 31.0 9.0 0.0 0.0 0.0 78.0 39.0 26.0 45.0 3.0 6.0 0.0 0.0 3.0 22.0 33.0 21.0 10.0 
25_3_020_78
0.0 0.0 1.0 77.0 16.0 0.0 0.0 0.0 12.0 6.0 46.0 16.0 0.0 0.0 0.0 9.0 89.0 27.0 59.0 12.0 0.0 0.0 0.0 48.0 29.0 49.0 54.0 3.0 0.0 0.0 0.0 7.0 0.0 11.0 17.0 62.0 13.0 0.0 0.0 0.0 0.0 1.0 31.0 102.0 12.0 0.0 0.0 0.0 4.0 0.0 0.0 16.0 6.0 8.0 42.0 36.0 8.0 28.0 6.0 0.0 0.0 0.0 10.0 17.0 2.0 75.0 11.0 0.0 0.0 0.0 0.0 0.0 0.0 8.0 17.0 50.0 15.0 14.0 0.0 0.0 0.0 1.0 0.0 0.0 9.0 41.0 16.0 1.0 0.0 8.0 3.0 1.0 2.0 13.0 34.0 2.0 3.0 0.0 0.0 0.0 1.0 6.0 11.0 8.0 9.0 4.0 7.0 3.0 9.0 20.0 9.0 3.0 0.0 10.0 10.0 2.0 6.0 5.0 0.0 0.0 6.0 10.0 0.0 0.0 0.0 3.0 8.0 5.0 
25_3_020_79
0.0 0.0 0.0 0.0 24.0 20.0 0.0 0.0 6.0 1.0 0.0 0.0 14.0 8.0 1.0 2.0 8.0 3.0 0.0 0.0 0.0 1.0 4.0 5.0 0.0 0.0 0.0 11.0 13.0 2.0 1.0 0.0 0.0 0.0 0.0 0.0 35.0 46.0 5.0 0.0 0.0 0.0 9.0 37.0 45.0 32.0 0.0 0.0 8.0 16.0 11.0 5.0 1.0 0.0 0.0 3.0 0.0 23.0 23.0 4.0 0.0 0.0 0.0 0.0 13.0 6.0 12.0 15.0 5.0 3.0 5.0 8.0 0.0 0.0 12.0 102.0 15.0 0.0 0.0 0.0 0.0 0.0 13.0 54.0 21.0 8.0 0.0 0.0 20.0 12.0 3.0 0.0 0.0 0.0 0.0 9.0 24.0 12.0 8.0 0.0 0.0 0.0 0.0 9.0 0.0 0.0 39.0 43.0 0.0 0.0 0.0 0.0 0.0 2.0 14.0 89.0 5.0 0.0 4.0 0.0 41.0 7.0 10.0 5.0 0.0 0.0 0.0 22.0 
25_3_020_80
0.0 0.0 15.0 102.0 6.0 0.0 0.0 0.0 -1.0 0.0 20.0 9.0 10.0 11.0 0.0 0.0 0.0 0.0 0.0 0.0 0.0 5.0 16.0 18.0 0.0 0.0 0.0 0.0 1.0 15.0 5.0 1.0 0.0 -10.0 59.0 97.0 0.0 0.0 0.0 6.0 0.0 0.0 3.0 36.0 14.0 14.0 15.0 14.0 0.0 0.0 3.0 1.0 1.0 0.0 6.0 29.0 0.0 0.0 0.0 0.0 0.0 4.0 11.0 11.0 0.0 0.0 3.0 94.0 12.0 1.0 7.0 4.0 0.0 -4.0 37.0 41.0 0.0 0.0 -1.0 22.0 3.0 0.0 0.0 0.0 0.0 0.0 -4.0 44.0 0.0 0.0 0.0 0.0 0.0 0.0 0.0 34.0 0.0 0.0 0.0 51.0 19.0 2.0 0.0 0.0 0.0 -1.0 13.0 45.0 1.0 0.0 0.0 0.0 1.0 0.0 0.0 0.0 0.0 0.0 -4.0 45.0 0.0 0.0 0.0 0.0 0.0 0.0 0.0 20.0 
25_3_020_81
0.0 0.0 0.0 5.0 4.0 3.0 1.0 0.0 22.0 5.0 0.0 1.0 4.0 2.0 1.0 6.0 30.0 0.0 2.0 5.0 1.0 3.0 6.0 7.0 0.0 0.0 0.0 0.0 0.0 0.0 32.0 38.0 0.0 -8.0 20.0 4.0 0.0 0.0 5.0 18.0 0.0 0.0 5.0 63.0 20.0 11.0 16.0 12.0 8.0 3.0 0.0 0.0 0.0 0.0 13.0 102.0 0.0 0.0 0.0 0.0 0.0 0.0 10.0 29.0 0.0 -8.0 21.0 0.0 0.0 0.0 10.0 39.0 0.0 -8.0 48.0 39.0 9.0 1.0 1.0 17.0 0.0 0.0 0.0 0.0 0.0 0.0 57.0 70.0 2.0 0.0 0.0 0.0 0.0 0.0 1.0 17.0 0.0 0.0 1.0 0.0 0.0 0.0 11.0 29.0 0.0 -1.0 4.0 1.0 6.0 32.0 5.0 0.0 0.0 0.0 0.0 0.0 0.0 2.0 38.0 28.0 2.0 0.0 0.0 0.0 0.0 0.0 -1.0 5.0 
25_3_020_82
0.0 0.0 1.0 20.0 3.0 0.0 0.0 0.0 0.0 0.0 4.0 42.0 13.0 0.0 0.0 0.0 0.0 0.0 18.0 24.0 0.0 0.0 0.0 0.0 0.0 0.0 0.0 0.0 0.0 0.0 4.0 15.0 0.0 2.0 0.0 5.0 4.0 0.0 0.0 0.0 0.0 0.0 2.0 86.0 36.0 0.0 0.0 0.0 0.0 0.0 10.0 22.0 1.0 0.0 1.0 0.0 0.0 0.0 0.0 0.0 0.0 0.0 9.0 18.0 5.0 2.0 1.0 0.0 0.0 0.0 0.0 -2.0 0.0 0.0 41.0 102.0 0.0 0.0 0.0 0.0 0.0 0.0 2.0 8.0 0.0 0.0 2.0 1.0 0.0 0.0 0.0 0.0 0.0 0.0 0.0 17.0 1.0 1.0 4.0 7.0 0.0 0.0 0.0 0.0 0.0 0.0 41.0 64.0 0.0 0.0 0.0 0.0 0.0 0.0 0.0 0.0 0.0 0.0 6.0 4.0 0.0 0.0 0.0 0.0 0.0 0.0 3.0 2.0 
25_3_020_83
0.0 6.0 13.0 6.0 0.0 0.0 8.0 41.0 10.0 6.0 0.0 8.0 28.0 5.0 1.0 0.0 0.0 0.0 8.0 78.0 7.0 3.0 0.0 0.0 0.0 0.0 0.0 0.0 0.0 1.0 0.0 0.0 0.0 0.0 10.0 19.0 18.0 1.0 6.0 24.0 17.0 19.0 4.0 0.0 11.0 29.0 1.0 3.0 0.0 0.0 27.0 102.0 11.0 1.0 0.0 0.0 0.0 0.0 0.0 0.0 0.0 0.0 1.0 0.0 0.0 0.0 5.0 40.0 5.0 0.0 2.0 9.0 19.0 14.0 12.0 6.0 5.0 1.0 3.0 8.0 0.0 0.0 30.0 94.0 2.0 0.0 0.0 0.0 0.0 0.0 0.0 0.0 0.0 1.0 0.0 0.0 0.0 0.0 14.0 28.0 3.0 0.0 0.0 1.0 4.0 11.0 14.0 7.0 3.0 10.0 11.0 6.0 0.0 0.0 13.0 70.0 0.0 0.0 0.0 0.0 0.0 0.0 0.0 0.0 0.0 0.0 0.0 0.0 
25_3_020_84
0.0 0.0 10.0 10.0 0.0 2.0 11.0 0.0 19.0 18.0 9.0 1.0 27.0 10.0 0.0 0.0 5.0 3.0 0.0 0.0 91.0 38.0 0.0 0.0 0.0 0.0 0.0 0.0 40.0 16.0 0.0 0.0 13.0 5.0 0.0 9.0 15.0 0.0 0.0 0.0 3.0 11.0 17.0 52.0 27.0 2.0 0.0 0.0 53.0 22.0 0.0 0.0 0.0 0.0 1.0 27.0 21.0 13.0 0.0 0.0 52.0 23.0 0.0 0.0 102.0 46.0 0.0 0.0 0.0 0.0 0.0 0.0 44.0 21.0 4.0 34.0 32.0 17.0 1.0 2.0 0.0 1.0 11.0 41.0 21.0 20.0 44.0 11.0 42.0 24.0 0.0 0.0 5.0 1.0 1.0 1.0 2.0 0.0 0.0 0.0 0.0 0.0 0.0 0.0 65.0 21.0 0.0 0.0 0.0 0.0 0.0 0.0 80.0 40.0 0.0 9.0 10.0 0.0 0.0 0.0 12.0 3.0 0.0 2.0 24.0 36.0 4.0 0.0 
25_3_020_85
1.0 0.0 0.0 3.0 7.0 4.0 0.0 4.0 0.0 0.0 2.0 40.0 22.0 0.0 0.0 0.0 12.0 6.0 21.0 31.0 0.0 1.0 0.0 0.0 26.0 25.0 1.0 0.0 0.0 0.0 0.0 0.0 20.0 1.0 1.0 0.0 2.0 4.0 3.0 36.0 0.0 0.0 17.0 102.0 17.0 0.0 0.0 0.0 0.0 0.0 0.0 22.0 26.0 22.0 0.0 0.0 3.0 0.0 1.0 4.0 12.0 18.0 8.0 3.0 2.0 3.0 1.0 1.0 5.0 11.0 30.0 16.0 0.0 2.0 8.0 16.0 35.0 45.0 0.0 0.0 0.0 0.0 0.0 14.0 60.0 50.0 1.0 0.0 0.0 6.0 8.0 18.0 9.0 2.0 1.0 1.0 0.0 0.0 0.0 0.0 0.0 7.0 10.0 1.0 0.0 0.0 0.0 0.0 2.0 22.0 3.0 0.0 0.0 0.0 0.0 14.0 65.0 4.0 0.0 0.0 0.0 0.0 3.0 12.0 83.0 23.0 0.0 0.0 
25_3_020_86
0.0 0.0 55.0 78.0 6.0 9.0 0.0 0.0 15.0 6.0 20.0 3.0 7.0 63.0 21.0 31.0 4.0 0.0 0.0 2.0 10.0 1.0 6.0 46.0 4.0 0.0 0.0 1.0 3.0 0.0 6.0 27.0 0.0 0.0 13.0 47.0 0.0 14.0 62.0 19.0 0.0 0.0 2.0 66.0 65.0 47.0 16.0 0.0 11.0 2.0 9.0 4.0 1.0 0.0 4.0 35.0 11.0 2.0 15.0 7.0 0.0 0.0 3.0 53.0 37.0 13.0 3.0 4.0 0.0 1.0 33.0 56.0 0.0 1.0 76.0 102.0 3.0 0.0 0.0 0.0 0.0 1.0 21.0 32.0 0.0 0.0 11.0 10.0 2.0 1.0 8.0 1.0 0.0 0.0 14.0 92.0 78.0 52.0 1.0 1.0 0.0 0.0 0.0 11.0 7.0 14.0 39.0 1.0 0.0 0.0 5.0 20.0 1.0 0.0 29.0 19.0 0.0 0.0 1.0 4.0 3.0 0.0 0.0 0.0 0.0 0.0 26.0 67.0 
25_3_020_87
37.0 14.0 0.0 0.0 0.0 0.0 0.0 3.0 28.0 4.0 0.0 0.0 0.0 0.0 2.0 22.0 9.0 6.0 53.0 30.0 1.0 0.0 1.0 17.0 10.0 3.0 18.0 13.0 2.0 0.0 25.0 34.0 4.0 0.0 0.0 5.0 34.0 10.0 0.0 0.0 51.0 11.0 8.0 0.0 0.0 0.0 0.0 9.0 35.0 19.0 70.0 72.0 0.0 0.0 0.0 9.0 86.0 51.0 39.0 3.0 0.0 0.0 0.0 7.0 0.0 0.0 0.0 35.0 54.0 0.0 0.0 0.0 9.0 8.0 4.0 14.0 9.0 0.0 0.0 4.0 0.0 0.0 11.0 102.0 19.0 9.0 0.0 0.0 7.0 0.0 0.0 0.0 0.0 0.0 25.0 43.0 0.0 1.0 10.0 24.0 9.0 0.0 0.0 0.0 0.0 0.0 3.0 11.0 50.0 3.0 0.0 0.0 0.0 0.0 0.0 48.0 30.0 3.0 0.0 0.0 4.0 1.0 0.0 0.0 0.0 6.0 15.0 9.0 
25_3_020_88
5.0 4.0 1.0 0.0 0.0 5.0 3.0 1.0 5.0 15.0 13.0 1.0 0.0 0.0 1.0 0.0 3.0 51.0 14.0 0.0 0.0 0.0 0.0 0.0 17.0 32.0 0.0 0.0 0.0 0.0 12.0 7.0 0.0 0.0 0.0 0.0 7.0 40.0 48.0 4.0 0.0 10.0 67.0 56.0 36.0 1.0 0.0 0.0 66.0 45.0 3.0 2.0 0.0 1.0 5.0 9.0 29.0 2.0 0.0 0.0 0.0 5.0 31.0 23.0 12.0 24.0 46.0 7.0 0.0 0.0 9.0 16.0 2.0 17.0 96.0 102.0 16.0 3.0 0.0 6.0 10.0 0.0 0.0 0.0 2.0 47.0 28.0 28.0 31.0 37.0 5.0 0.0 4.0 5.0 0.0 4.0 16.0 94.0 78.0 2.0 0.0 0.0 0.0 0.0 6.0 3.0 31.0 0.0 0.0 0.0 51.0 60.0 1.0 0.0 2.0 4.0 9.0 18.0 17.0 3.0 0.0 0.0 0.0 0.0 2.0 40.0 16.0 4.0 
25_3_020_89
0.0 0.0 0.0 0.0 0.0 0.0 0.0 0.0 2.0 0.0 0.0 0.0 0.0 0.0 0.0 0.0 3.0 0.0 0.0 0.0 0.0 0.0 0.0 0.0 0.0 0.0 0.0 0.0 0.0 0.0 -1.0 3.0 1.0 7.0 8.0 7.0 25.0 61.0 0.0 0.0 0.0 0.0 0.0 7.0 20.0 47.0 13.0 5.0 1.0 0.0 0.0 8.0 35.0 15.0 0.0 0.0 0.0 0.0 0.0 0.0 0.0 0.0 0.0 5.0 12.0 10.0 22.0 44.0 3.0 15.0 12.0 7.0 8.0 2.0 7.0 10.0 16.0 8.0 17.0 69.0 0.0 0.0 20.0 102.0 7.0 0.0 0.0 0.0 1.0 0.0 0.0 0.0 0.0 0.0 -1.0 5.0 47.0 9.0 7.0 27.0 35.0 18.0 0.0 -14.0 0.0 17.0 14.0 16.0 0.0 7.0 19.0 65.0 0.0 0.0 17.0 68.0 0.0 0.0 0.0 1.0 1.0 0.0 0.0 0.0 0.0 0.0 0.0 1.0 
25_3_020_90
0.0 0.0 0.0 0.0 1.0 0.0 0.0 0.0 0.0 0.0 0.0 0.0 0.0 0.0 10.0 79.0 0.0 10.0 12.0 47.0 11.0 14.0 13.0 1.0 27.0 12.0 0.0 0.0 17.0 23.0 3.0 36.0 0.0 0.0 0.0 1.0 2.0 0.0 0.0 0.0 8.0 0.0 0.0 0.0 0.0 0.0 12.0 102.0 17.0 12.0 11.0 65.0 7.0 4.0 8.0 9.0 1.0 7.0 20.0 4.0 2.0 16.0 23.0 47.0 0.0 0.0 0.0 3.0 1.0 0.0 0.0 0.0 29.0 15.0 0.0 0.0 0.0 0.0 0.0 9.0 13.0 43.0 17.0 0.0 0.0 0.0 0.0 7.0 19.0 57.0 0.0 0.0 0.0 0.0 0.0 4.0 0.0 0.0 0.0 0.0 1.0 0.0 0.0 0.0 0.0 0.0 0.0 0.0 2.0 0.0 0.0 0.0 0.0 0.0 0.0 0.0 0.0 1.0 0.0 0.0 0.0 0.0 0.0 0.0 0.0 0.0 0.0 0.0 
25_3_020_91
0.0 0.0 0.0 0.0 1.0 0.0 0.0 0.0 0.0 0.0 9.0 71.0 6.0 0.0 0.0 0.0 16.0 1.0 0.0 0.0 0.0 3.0 3.0 16.0 0.0 0.0 10.0 21.0 3.0 2.0 0.0 0.0 0.0 0.0 0.0 1.0 2.0 0.0 0.0 0.0 0.0 0.0 9.0 102.0 6.0 0.0 0.0 0.0 11.0 3.0 7.0 1.0 1.0 0.0 -1.0 24.0 0.0 1.0 64.0 9.0 0.0 0.0 0.0 0.0 0.0 0.0 0.0 0.0 0.0 1.0 0.0 0.0 0.0 0.0 0.0 61.0 50.0 0.0 0.0 0.0 0.0 1.0 13.0 7.0 27.0 15.0 1.0 3.0 0.0 1.0 32.0 27.0 4.0 0.0 0.0 0.0 0.0 0.0 0.0 0.0 2.0 1.0 0.0 0.0 0.0 0.0 0.0 0.0 15.0 3.0 0.0 0.0 0.0 0.0 0.0 7.0 38.0 39.0 0.0 0.0 2.0 0.0 2.0 66.0 51.0 0.0 0.0 0.0 
25_3_020_92
0.0 0.0 0.0 0.0 0.0 0.0 0.0 3.0 0.0 -6.0 33.0 36.0 0.0 0.0 0.0 0.0 -16.0 38.0 37.0 0.0 0.0 0.0 -1.0 2.0 0.0 8.0 16.0 10.0 0.0 0.0 0.0 -1.0 0.0 0.0 0.0 0.0 0.0 0.0 1.0 2.0 0.0 1.0 18.0 102.0 0.0 0.0 0.0 0.0 0.0 0.0 1.0 10.0 3.0 5.0 18.0 6.0 0.0 0.0 0.0 31.0 9.0 0.0 1.0 0.0 0.0 0.0 0.0 0.0 0.0 0.0 1.0 1.0 0.0 0.0 1.0 96.0 10.0 0.0 0.0 0.0 -3.0 7.0 2.0 5.0 2.0 3.0 9.0 2.0 0.0 0.0 1.0 22.0 9.0 1.0 4.0 0.0 0.0 0.0 0.0 1.0 0.0 0.0 0.0 0.0 0.0 -1.0 20.0 51.0 0.0 0.0 0.0 0.0 -1.0 2.0 11.0 9.0 3.0 2.0 0.0 0.0 0.0 1.0 0.0 0.0 3.0 3.0 1.0 1.0 
25_3_020_93
0.0 0.0 0.0 0.0 0.0 0.0 0.0 0.0 0.0 0.0 5.0 45.0 1.0 0.0 0.0 0.0 0.0 0.0 1.0 26.0 24.0 3.0 2.0 3.0 15.0 6.0 3.0 2.0 2.0 0.0 2.0 6.0 0.0 0.0 0.0 0.0 1.0 1.0 0.0 0.0 0.0 0.0 26.0 68.0 0.0 0.0 0.0 0.0 7.0 4.0 3.0 0.0 3.0 9.0 3.0 17.0 0.0 0.0 4.0 15.0 7.0 16.0 1.0 0.0 0.0 0.0 0.0 2.0 1.0 0.0 0.0 0.0 0.0 0.0 22.0 102.0 0.0 0.0 0.0 0.0 8.0 4.0 3.0 0.0 0.0 0.0 1.0 35.0 0.0 6.0 47.0 11.0 0.0 0.0 0.0 0.0 0.0 0.0 0.0 2.0 1.0 0.0 0.0 0.0 0.0 0.0 6.0 64.0 26.0 0.0 0.0 0.0 2.0 3.0 26.0 4.0 0.0 0.0 1.0 9.0 0.0 6.0 39.0 5.0 0.0 0.0 0.0 0.0 
25_3_020_94
0.0 0.0 0.0 0.0 57.0 46.0 0.0 0.0 0.0 0.0 0.0 0.0 30.0 81.0 9.0 0.0 3.0 0.0 0.0 0.0 8.0 12.0 29.0 102.0 36.0 0.0 0.0 0.0 0.0 0.0 0.0 30.0 0.0 0.0 0.0 0.0 13.0 44.0 0.0 0.0 0.0 0.0 6.0 55.0 42.0 7.0 0.0 0.0 0.0 0.0 0.0 0.0 6.0 0.0 31.0 54.0 27.0 0.0 0.0 0.0 0.0 0.0 0.0 31.0 0.0 3.0 37.0 13.0 2.0 1.0 0.0 0.0 0.0 0.0 36.0 29.0 6.0 3.0 10.0 0.0 0.0 0.0 2.0 0.0 0.0 0.0 44.0 12.0 11.0 0.0 2.0 0.0 0.0 0.0 5.0 27.0 0.0 0.0 1.0 10.0 37.0 29.0 0.0 0.0 0.0 0.0 7.0 5.0 12.0 20.0 7.0 0.0 1.0 10.0 17.0 0.0 0.0 0.0 1.0 0.0 16.0 0.0 1.0 0.0 0.0 0.0 2.0 42.0 
25_3_020_95
0.0 0.0 0.0 2.0 9.0 8.0 11.0 0.0 1.0 1.0 7.0 0.0 0.0 2.0 23.0 6.0 23.0 30.0 11.0 0.0 0.0 0.0 0.0 17.0 1.0 15.0 4.0 0.0 0.0 1.0 23.0 8.0 0.0 0.0 0.0 18.0 12.0 1.0 5.0 3.0 0.0 0.0 39.0 30.0 0.0 0.0 1.0 0.0 4.0 0.0 2.0 0.0 0.0 0.0 14.0 83.0 6.0 15.0 1.0 0.0 0.0 0.0 1.0 14.0 0.0 0.0 0.0 9.0 45.0 1.0 0.0 0.0 0.0 0.0 7.0 75.0 10.0 0.0 0.0 0.0 40.0 28.0 0.0 0.0 0.0 0.0 -10.0 55.0 6.0 86.0 14.0 0.0 0.0 0.0 0.0 0.0 0.0 0.0 0.0 14.0 56.0 0.0 0.0 0.0 0.0 0.0 4.0 102.0 47.0 0.0 0.0 0.0 10.0 61.0 15.0 15.0 7.0 0.0 1.0 0.0 17.0 61.0 12.0 3.0 2.0 0.0 6.0 3.0 
25_3_020_96
4.0 9.0 4.0 5.0 3.0 0.0 0.0 0.0 0.0 0.0 7.0 50.0 20.0 0.0 0.0 0.0 0.0 0.0 0.0 50.0 27.0 0.0 0.0 0.0 0.0 0.0 1.0 2.0 1.0 0.0 0.0 0.0 48.0 30.0 0.0 0.0 0.0 0.0 0.0 0.0 2.0 19.0 19.0 14.0 0.0 0.0 0.0 0.0 0.0 0.0 4.0 102.0 11.0 0.0 0.0 0.0 0.0 0.0 1.0 4.0 0.0 0.0 0.0 0.0 11.0 0.0 0.0 1.0 17.0 2.0 3.0 5.0 6.0 0.0 1.0 7.0 1.0 0.0 4.0 18.0 0.0 0.0 7.0 97.0 8.0 0.0 0.0 0.0 0.0 0.0 1.0 3.0 0.0 0.0 0.0 0.0 0.0 0.0 1.0 24.0 14.0 0.0 0.0 0.0 9.0 0.0 0.0 2.0 1.0 0.0 0.0 20.0 0.0 0.0 0.0 82.0 14.0 0.0 0.0 0.0 0.0 0.0 0.0 3.0 0.0 0.0 0.0 0.0 
25_3_020_97
0.0 0.0 0.0 4.0 12.0 0.0 0.0 0.0 0.0 0.0 0.0 27.0 33.0 0.0 0.0 0.0 16.0 3.0 27.0 19.0 2.0 0.0 0.0 -7.0 58.0 5.0 2.0 0.0 0.0 0.0 -26.0 43.0 0.0 0.0 0.0 0.0 7.0 31.0 18.0 0.0 0.0 0.0 10.0 81.0 36.0 7.0 0.0 0.0 4.0 0.0 8.0 37.0 38.0 0.0 0.0 0.0 0.0 0.0 0.0 8.0 17.0 0.0 -18.0 47.0 1.0 0.0 13.0 7.0 0.0 0.0 10.0 8.0 0.0 0.0 30.0 102.0 17.0 0.0 0.0 0.0 0.0 2.0 20.0 23.0 10.0 5.0 -14.0 74.0 0.0 0.0 0.0 12.0 92.0 7.0 3.0 2.0 0.0 0.0 0.0 17.0 6.0 0.0 1.0 1.0 0.0 0.0 23.0 100.0 19.0 0.0 0.0 0.0 0.0 5.0 19.0 16.0 12.0 13.0 -13.0 102.0 0.0 0.0 0.0 36.0 40.0 1.0 -7.0 57.0 
25_3_020_98
1.0 0.0 0.0 0.0 0.0 0.0 1.0 0.0 0.0 0.0 0.0 0.0 0.0 21.0 39.0 0.0 0.0 0.0 0.0 0.0 3.0 51.0 102.0 4.0 10.0 2.0 0.0 14.0 8.0 20.0 23.0 3.0 0.0 0.0 0.0 0.0 0.0 37.0 84.0 1.0 0.0 0.0 0.0 0.0 3.0 37.0 63.0 34.0 6.0 0.0 7.0 18.0 13.0 0.0 -18.0 67.0 0.0 1.0 9.0 12.0 14.0 19.0 21.0 0.0 5.0 0.0 0.0 4.0 12.0 5.0 5.0 9.0 3.0 1.0 0.0 0.0 0.0 0.0 22.0 50.0 4.0 0.0 5.0 38.0 25.0 18.0 25.0 25.0 1.0 15.0 24.0 0.0 0.0 12.0 13.0 6.0 0.0 0.0 4.0 2.0 5.0 13.0 0.0 39.0 0.0 9.0 17.0 0.0 0.0 16.0 33.0 1.0 0.0 51.0 90.0 0.0 3.0 1.0 0.0 0.0 0.0 50.0 82.0 0.0 0.0 0.0 0.0 0.0 
25_3_020_99
0.0 0.0 0.0 0.0 0.0 30.0 88.0 0.0 1.0 1.0 1.0 0.0 0.0 31.0 99.0 1.0 0.0 16.0 37.0 4.0 0.0 2.0 8.0 0.0 6.0 7.0 3.0 23.0 6.0 2.0 4.0 4.0 0.0 3.0 6.0 13.0 0.0 16.0 41.0 0.0 23.0 28.0 19.0 22.0 6.0 0.0 1.0 32.0 0.0 0.0 17.0 47.0 14.0 0.0 0.0 0.0 12.0 5.0 17.0 5.0 4.0 1.0 0.0 2.0 8.0 19.0 30.0 3.0 0.0 0.0 4.0 6.0 14.0 0.0 1.0 17.0 31.0 2.0 3.0 24.0 6.0 34.0 73.0 21.0 5.0 0.0 0.0 0.0 0.0 18.0 82.0 0.0 0.0 0.0 0.0 0.0 11.0 9.0 7.0 1.0 10.0 5.0 2.0 9.0 2.0 35.0 102.0 8.0 0.0 0.0 0.0 4.0 0.0 14.0 55.0 0.0 0.0 0.0 0.0 0.0 0.0 0.0 0.0 0.0 1.0 0.0 0.0 0.0 
25_3_020_100
0.0 0.0 0.0 0.0 0.0 0.0 -1.0 3.0 2.0 1.0 8.0 2.0 0.0 0.0 0.0 0.0 0.0 0.0 86.0 19.0 0.0 0.0 0.0 0.0 0.0 0.0 25.0 12.0 1.0 2.0 9.0 0.0 0.0 0.0 0.0 0.0 0.0 2.0 2.0 1.0 0.0 0.0 47.0 42.0 0.0 0.0 0.0 0.0 1.0 0.0 36.0 24.0 2.0 0.0 0.0 0.0 0.0 10.0 8.0 3.0 3.0 1.0 3.0 2.0 2.0 2.0 0.0 0.0 0.0 0.0 0.0 0.0 0.0 0.0 5.0 102.0 3.0 0.0 0.0 0.0 0.0 0.0 36.0 13.0 3.0 0.0 0.0 0.0 0.0 1.0 40.0 2.0 0.0 0.0 0.0 0.0 2.0 1.0 0.0 0.0 0.0 0.0 0.0 1.0 0.0 0.0 40.0 73.0 0.0 0.0 0.0 0.0 0.0 0.0 38.0 8.0 0.0 0.0 0.0 0.0 0.0 0.0 1.0 1.0 0.0 2.0 5.0 0.0 
25_3_020_101
2.0 0.0 0.0 0.0 0.0 0.0 0.0 3.0 -1.0 2.0 22.0 36.0 0.0 0.0 0.0 0.0 0.0 0.0 20.0 55.0 8.0 0.0 0.0 0.0 -5.0 11.0 10.0 3.0 0.0 0.0 8.0 19.0 2.0 0.0 0.0 0.0 0.0 0.0 0.0 1.0 0.0 1.0 24.0 90.0 0.0 0.0 0.0 0.0 1.0 0.0 7.0 21.0 10.0 1.0 0.0 0.0 -1.0 3.0 29.0 19.0 0.0 0.0 1.0 0.0 0.0 0.0 0.0 0.0 0.0 1.0 0.0 4.0 0.0 0.0 0.0 65.0 40.0 0.0 0.0 0.0 0.0 0.0 15.0 44.0 18.0 0.0 0.0 0.0 0.0 0.0 19.0 17.0 0.0 0.0 0.0 0.0 4.0 2.0 0.0 0.0 0.0 0.0 0.0 0.0 0.0 0.0 2.0 20.0 10.0 0.0 0.0 1.0 0.0 0.0 15.0 102.0 10.0 0.0 0.0 0.0 0.0 0.0 0.0 2.0 1.0 0.0 2.0 0.0 
25_3_020_102
0.0 0.0 0.0 0.0 3.0 3.0 2.0 0.0 0.0 0.0 0.0 34.0 102.0 0.0 0.0 0.0 5.0 0.0 0.0 13.0 75.0 9.0 0.0 0.0 14.0 2.0 0.0 0.0 2.0 0.0 -21.0 47.0 0.0 0.0 0.0 0.0 2.0 3.0 1.0 0.0 0.0 0.0 17.0 77.0 2.0 0.0 0.0 0.0 0.0 2.0 0.0 8.0 69.0 18.0 4.0 10.0 0.0 0.0 0.0 0.0 95.0 10.0 0.0 5.0 0.0 0.0 0.0 0.0 1.0 5.0 3.0 0.0 0.0 0.0 0.0 45.0 51.0 1.0 0.0 0.0 0.0 4.0 7.0 8.0 4.0 17.0 18.0 1.0 2.0 6.0 22.0 19.0 40.0 3.0 -9.0 23.0 0.0 0.0 0.0 0.0 0.0 4.0 0.0 0.0 0.0 0.0 0.0 12.0 21.0 0.0 0.0 0.0 0.0 3.0 28.0 38.0 42.0 0.0 0.0 0.0 5.0 2.0 20.0 20.0 3.0 0.0 -13.0 39.0 
25_3_020_103
0.0 0.0 0.0 0.0 0.0 9.0 23.0 11.0 0.0 0.0 0.0 0.0 2.0 97.0 3.0 0.0 0.0 0.0 0.0 0.0 3.0 98.0 0.0 0.0 0.0 0.0 0.0 0.0 0.0 75.0 0.0 0.0 15.0 4.0 0.0 0.0 0.0 6.0 6.0 34.0 5.0 69.0 7.0 3.0 8.0 6.0 20.0 15.0 15.0 76.0 11.0 25.0 25.0 0.0 0.0 17.0 27.0 8.0 1.0 1.0 3.0 0.0 0.0 22.0 0.0 0.0 0.0 0.0 0.0 3.0 15.0 57.0 21.0 8.0 4.0 13.0 24.0 71.0 2.0 6.0 0.0 4.0 27.0 21.0 3.0 85.0 37.0 16.0 5.0 5.0 1.0 7.0 14.0 24.0 19.0 7.0 30.0 8.0 0.0 0.0 0.0 0.0 0.0 29.0 7.0 96.0 0.0 0.0 0.0 5.0 0.0 2.0 0.0 102.0 0.0 0.0 0.0 2.0 0.0 0.0 1.0 78.0 0.0 0.0 0.0 1.0 0.0 0.0 
25_3_020_104
0.0 0.0 0.0 0.0 0.0 0.0 7.0 68.0 0.0 28.0 17.0 4.0 2.0 2.0 3.0 0.0 18.0 9.0 9.0 4.0 1.0 10.0 11.0 14.0 0.0 0.0 8.0 70.0 0.0 0.0 1.0 15.0 0.0 0.0 0.0 0.0 0.0 0.0 11.0 91.0 0.0 10.0 22.0 73.0 6.0 28.0 29.0 0.0 40.0 18.0 0.0 6.0 28.0 22.0 6.0 83.0 0.0 0.0 8.0 102.0 0.0 0.0 1.0 16.0 8.0 0.0 0.0 0.0 0.0 0.0 8.0 79.0 24.0 15.0 9.0 65.0 9.0 4.0 12.0 5.0 2.0 9.0 19.0 7.0 2.0 18.0 28.0 67.0 0.0 0.0 13.0 102.0 0.0 0.0 0.0 5.0 24.0 12.0 0.0 0.0 0.0 0.0 0.0 5.0 14.0 29.0 20.0 0.0 0.0 0.0 0.0 7.0 21.0 60.0 0.0 0.0 0.0 0.0 0.0 2.0 0.0 24.0 35.0 14.0 0.0 0.0 0.0 0.0 
25_3_020_105
0.0 0.0 0.0 0.0 0.0 70.0 46.0 0.0 0.0 3.0 2.0 0.0 0.0 102.0 67.0 0.0 0.0 33.0 8.0 31.0 44.0 63.0 19.0 0.0 0.0 0.0 0.0 27.0 21.0 0.0 0.0 0.0 10.0 34.0 28.0 15.0 0.0 18.0 11.0 1.0 5.0 80.0 92.0 16.0 0.0 4.0 25.0 35.0 35.0 45.0 19.0 23.0 21.0 13.0 -3.0 26.0 0.0 3.0 9.0 67.0 16.0 0.0 0.0 0.0 3.0 12.0 4.0 21.0 23.0 19.0 1.0 8.0 32.0 0.0 0.0 40.0 47.0 38.0 36.0 57.0 0.0 19.0 16.0 26.0 6.0 65.0 44.0 6.0 0.0 8.0 31.0 38.0 41.0 15.0 12.0 0.0 5.0 39.0 30.0 2.0 5.0 6.0 3.0 0.0 0.0 80.0 48.0 0.0 3.0 8.0 9.0 0.0 0.0 80.0 51.0 0.0 0.0 0.0 0.0 0.0 0.0 20.0 21.0 0.0 0.0 0.0 1.0 0.0 
25_3_020_106
0.0 0.0 0.0 0.0 0.0 0.0 6.0 9.0 0.0 1.0 0.0 0.0 8.0 32.0 3.0 6.0 0.0 0.0 0.0 0.0 15.0 37.0 0.0 0.0 0.0 0.0 0.0 0.0 7.0 18.0 0.0 0.0 0.0 0.0 0.0 0.0 0.0 3.0 10.0 18.0 48.0 5.0 2.0 4.0 6.0 1.0 11.0 -6.0 64.0 9.0 6.0 10.0 9.0 2.0 -2.0 -19.0 6.0 1.0 0.0 1.0 5.0 12.0 -2.0 17.0 0.0 0.0 0.0 0.0 3.0 2.0 13.0 33.0 7.0 0.0 7.0 4.0 18.0 35.0 -9.0 19.0 -10.0 14.0 26.0 3.0 5.0 28.0 26.0 8.0 4.0 3.0 0.0 5.0 0.0 1.0 0.0 16.0 39.0 0.0 0.0 0.0 0.0 0.0 -9.0 9.0 102.0 0.0 0.0 0.0 0.0 1.0 0.0 -42.0 87.0 0.0 0.0 0.0 3.0 10.0 0.0 -36.0 42.0 0.0 0.0 0.0 7.0 13.0 0.0 -17.0 
25_3_020_107
0.0 0.0 0.0 2.0 0.0 0.0 0.0 0.0 0.0 0.0 0.0 6.0 0.0 0.0 0.0 0.0 0.0 0.0 25.0 77.0 0.0 0.0 0.0 0.0 0.0 0.0 1.0 6.0 0.0 0.0 0.0 0.0 0.0 0.0 0.0 1.0 0.0 0.0 0.0 0.0 0.0 0.0 2.0 18.0 0.0 0.0 0.0 0.0 0.0 0.0 24.0 102.0 0.0 0.0 0.0 0.0 0.0 0.0 1.0 3.0 0.0 0.0 0.0 0.0 0.0 0.0 0.0 1.0 0.0 0.0 0.0 0.0 0.0 0.0 6.0 32.0 1.0 0.0 0.0 0.0 0.0 0.0 16.0 97.0 0.0 0.0 0.0 0.0 0.0 0.0 0.0 2.0 0.0 0.0 0.0 0.0 0.0 0.0 0.0 1.0 0.0 0.0 0.0 0.0 0.0 0.0 3.0 38.0 0.0 0.0 0.0 0.0 0.0 0.0 4.0 73.0 0.0 0.0 0.0 0.0 0.0 0.0 0.0 0.0 0.0 0.0 0.0 0.0 
25_3_020_108
0.0 0.0 0.0 1.0 0.0 0.0 0.0 0.0 0.0 0.0 13.0 46.0 0.0 0.0 0.0 0.0 0.0 0.0 10.0 30.0 0.0 0.0 0.0 0.0 0.0 0.0 0.0 0.0 0.0 0.0 0.0 0.0 0.0 0.0 0.0 2.0 1.0 0.0 0.0 0.0 0.0 0.0 17.0 84.0 0.0 0.0 0.0 0.0 0.0 0.0 4.0 20.0 0.0 0.0 0.0 0.0 0.0 0.0 0.0 0.0 0.0 0.0 0.0 0.0 0.0 0.0 1.0 1.0 0.0 0.0 0.0 0.0 0.0 0.0 12.0 102.0 0.0 0.0 0.0 0.0 0.0 0.0 2.0 9.0 1.0 0.0 0.0 0.0 0.0 0.0 0.0 0.0 0.0 0.0 0.0 0.0 0.0 0.0 0.0 1.0 0.0 0.0 0.0 0.0 0.0 0.0 2.0 85.0 1.0 0.0 0.0 0.0 0.0 0.0 0.0 7.0 0.0 0.0 0.0 0.0 0.0 0.0 0.0 0.0 0.0 0.0 0.0 0.0 
25_3_020_109
0.0 0.0 11.0 64.0 0.0 0.0 0.0 0.0 0.0 0.0 2.0 15.0 0.0 0.0 0.0 0.0 0.0 0.0 17.0 88.0 0.0 0.0 0.0 0.0 0.0 0.0 0.0 2.0 0.0 0.0 0.0 0.0 0.0 0.0 0.0 5.0 1.0 0.0 0.0 0.0 0.0 0.0 1.0 10.0 2.0 0.0 0.0 0.0 0.0 0.0 18.0 102.0 0.0 0.0 0.0 0.0 0.0 0.0 0.0 1.0 0.0 0.0 0.0 0.0 0.0 0.0 0.0 0.0 0.0 0.0 0.0 0.0 0.0 0.0 5.0 29.0 0.0 0.0 0.0 0.0 0.0 0.0 16.0 98.0 0.0 0.0 0.0 0.0 0.0 0.0 0.0 0.0 0.0 0.0 0.0 0.0 0.0 0.0 0.0 2.0 2.0 0.0 0.0 0.0 0.0 0.0 2.0 35.0 0.0 0.0 0.0 0.0 0.0 0.0 8.0 66.0 0.0 0.0 0.0 0.0 0.0 0.0 0.0 0.0 0.0 0.0 0.0 0.0 
25_3_020_110
0.0 0.0 1.0 7.0 5.0 13.0 1.0 0.0 0.0 3.0 12.0 16.0 6.0 2.0 0.0 0.0 12.0 5.0 0.0 0.0 0.0 0.0 0.0 3.0 2.0 1.0 0.0 0.0 0.0 1.0 1.0 0.0 2.0 7.0 5.0 3.0 0.0 1.0 0.0 0.0 0.0 0.0 10.0 76.0 5.0 0.0 0.0 0.0 24.0 2.0 0.0 0.0 0.0 0.0 0.0 26.0 2.0 3.0 0.0 0.0 1.0 3.0 1.0 0.0 1.0 0.0 4.0 3.0 0.0 0.0 13.0 5.0 0.0 0.0 14.0 102.0 4.0 1.0 0.0 0.0 52.0 17.0 10.0 2.0 0.0 0.0 0.0 14.0 37.0 0.0 0.0 0.0 1.0 3.0 1.0 10.0 0.0 0.0 0.0 0.0 0.0 0.0 17.0 10.0 0.0 0.0 0.0 86.0 31.0 0.0 0.0 0.0 0.0 0.0 0.0 2.0 4.0 38.0 79.0 4.0 6.0 0.0 0.0 0.0 19.0 12.0 2.0 6.0 
25_3_020_111
9.0 5.0 0.0 0.0 0.0 2.0 1.0 2.0 6.0 9.0 9.0 20.0 2.0 0.0 0.0 0.0 0.0 0.0 30.0 102.0 2.0 0.0 0.0 0.0 1.0 0.0 4.0 5.0 2.0 4.0 17.0 15.0 78.0 53.0 3.0 4.0 25.0 6.0 3.0 4.0 0.0 25.0 49.0 48.0 6.0 0.0 0.0 0.0 6.0 6.0 15.0 18.0 43.0 12.0 3.0 16.0 0.0 0.0 0.0 0.0 14.0 25.0 66.0 8.0 88.0 10.0 0.0 0.0 0.0 31.0 39.0 21.0 25.0 13.0 11.0 21.0 10.0 13.0 16.0 16.0 0.0 0.0 0.0 7.0 18.0 16.0 61.0 9.0 0.0 0.0 0.0 1.0 13.0 2.0 48.0 43.0 0.0 0.0 0.0 0.0 0.0 19.0 26.0 20.0 0.0 0.0 0.0 0.0 0.0 5.0 40.0 10.0 0.0 0.0 0.0 9.0 4.0 0.0 6.0 6.0 2.0 1.0 0.0 0.0 2.0 0.0 9.0 35.0 
25_3_020_112
31.0 0.0 0.0 0.0 0.0 0.0 1.0 8.0 12.0 7.0 0.0 0.0 0.0 0.0 -17.0 33.0 -6.0 41.0 0.0 0.0 0.0 0.0 0.0 0.0 -38.0 102.0 0.0 0.0 0.0 0.0 0.0 0.0 0.0 0.0 0.0 0.0 2.0 16.0 19.0 8.0 -17.0 44.0 15.0 23.0 6.0 4.0 0.0 2.0 36.0 64.0 0.0 0.0 0.0 0.0 -3.0 -15.0 -5.0 9.0 26.0 15.0 2.0 0.0 0.0 0.0 15.0 0.0 0.0 0.0 0.0 0.0 -8.0 18.0 -4.0 9.0 21.0 85.0 0.0 0.0 0.0 0.0 11.0 8.0 11.0 1.0 0.0 0.0 0.0 1.0 -2.0 43.0 4.0 0.0 0.0 0.0 0.0 -4.0 2.0 0.0 0.0 0.0 0.0 0.0 0.0 9.0 0.0 1.0 13.0 64.0 5.0 0.0 0.0 0.0 7.0 0.0 3.0 3.0 7.0 10.0 1.0 0.0 0.0 1.0 2.0 5.0 12.0 1.0 0.0 0.0 
25_3_020_113
5.0 0.0 14.0 13.0 0.0 1.0 3.0 3.0 15.0 5.0 1.0 1.0 3.0 3.0 5.0 6.0 0.0 0.0 1.0 77.0 0.0 0.0 0.0 0.0 0.0 0.0 0.0 0.0 0.0 0.0 0.0 0.0 2.0 1.0 5.0 3.0 0.0 0.0 7.0 15.0 0.0 0.0 11.0 13.0 1.0 2.0 6.0 15.0 0.0 0.0 2.0 102.0 0.0 0.0 0.0 0.0 0.0 0.0 0.0 0.0 0.0 0.0 0.0 0.0 3.0 53.0 2.0 0.0 0.0 0.0 0.0 0.0 6.0 71.0 10.0 0.0 0.0 0.0 0.0 1.0 0.0 9.0 28.0 20.0 0.0 0.0 0.0 0.0 0.0 0.0 0.0 0.0 1.0 0.0 0.0 0.0 0.0 0.0 0.0 0.0 0.0 0.0 0.0 0.0 0.0 0.0 0.0 0.0 0.0 0.0 0.0 0.0 0.0 0.0 0.0 0.0 0.0 0.0 0.0 0.0 0.0 0.0 0.0 0.0 0.0 0.0 0.0 0.0 
25_3_020_114
0.0 0.0 0.0 0.0 0.0 0.0 0.0 1.0 0.0 0.0 18.0 24.0 0.0 0.0 0.0 0.0 8.0 2.0 2.0 1.0 4.0 5.0 0.0 1.0 0.0 3.0 7.0 24.0 2.0 0.0 0.0 0.0 0.0 0.0 0.0 4.0 1.0 0.0 2.0 0.0 0.0 1.0 19.0 72.0 0.0 0.0 0.0 0.0 3.0 40.0 30.0 2.0 0.0 0.0 0.0 0.0 8.0 10.0 1.0 12.0 5.0 0.0 14.0 19.0 0.0 0.0 0.0 3.0 1.0 0.0 0.0 1.0 0.0 0.0 2.0 102.0 10.0 0.0 0.0 0.0 13.0 1.0 25.0 16.0 3.0 0.0 0.0 10.0 2.0 0.0 0.0 22.0 6.0 2.0 23.0 63.0 0.0 0.0 0.0 2.0 2.0 1.0 2.0 0.0 0.0 0.0 0.0 72.0 10.0 0.0 0.0 0.0 8.0 0.0 16.0 77.0 2.0 0.0 0.0 25.0 24.0 0.0 2.0 12.0 1.0 0.0 -3.0 80.0 
25_3_020_115
0.0 0.0 2.0 21.0 3.0 0.0 0.0 0.0 0.0 0.0 2.0 16.0 6.0 2.0 4.0 2.0 0.0 10.0 16.0 0.0 0.0 0.0 0.0 2.0 0.0 10.0 21.0 0.0 0.0 0.0 0.0 0.0 0.0 0.0 0.0 5.0 8.0 0.0 0.0 0.0 0.0 0.0 1.0 5.0 47.0 16.0 0.0 0.0 0.0 3.0 19.0 29.0 18.0 1.0 0.0 0.0 0.0 4.0 10.0 2.0 0.0 0.0 1.0 0.0 0.0 0.0 0.0 0.0 0.0 0.0 0.0 0.0 0.0 0.0 2.0 20.0 5.0 1.0 0.0 0.0 0.0 0.0 13.0 102.0 3.0 0.0 0.0 0.0 3.0 0.0 0.0 0.0 0.0 0.0 4.0 20.0 0.0 0.0 0.0 0.0 0.0 1.0 0.0 0.0 0.0 0.0 0.0 10.0 5.0 1.0 0.0 0.0 0.0 0.0 0.0 85.0 13.0 0.0 0.0 0.0 1.0 0.0 0.0 0.0 0.0 0.0 6.0 19.0 
25_3_020_116
0.0 2.0 7.0 16.0 20.0 17.0 1.0 0.0 10.0 0.0 0.0 0.0 0.0 11.0 -33.0 102.0 4.0 0.0 2.0 57.0 23.0 0.0 -1.0 1.0 0.0 0.0 0.0 0.0 0.0 0.0 -18.0 85.0 0.0 0.0 0.0 1.0 32.0 45.0 4.0 1.0 0.0 0.0 8.0 49.0 22.0 41.0 3.0 0.0 3.0 4.0 7.0 30.0 21.0 0.0 1.0 -1.0 0.0 0.0 0.0 0.0 7.0 2.0 11.0 67.0 0.0 0.0 0.0 4.0 44.0 9.0 0.0 0.0 0.0 0.0 5.0 43.0 37.0 9.0 0.0 0.0 0.0 0.0 0.0 3.0 30.0 38.0 10.0 0.0 0.0 0.0 0.0 3.0 23.0 11.0 24.0 48.0 -2.0 9.0 10.0 17.0 7.0 0.0 0.0 0.0 0.0 0.0 1.0 25.0 15.0 4.0 0.0 0.0 0.0 0.0 0.0 2.0 18.0 11.0 0.0 0.0 2.0 0.0 0.0 1.0 6.0 11.0 11.0 9.0 
25_3_020_117
1.0 0.0 0.0 1.0 22.0 14.0 18.0 23.0 3.0 0.0 0.0 32.0 50.0 2.0 0.0 0.0 7.0 0.0 0.0 15.0 5.0 0.0 0.0 11.0 17.0 0.0 0.0 18.0 8.0 0.0 0.0 22.0 18.0 3.0 2.0 2.0 3.0 2.0 15.0 52.0 0.0 0.0 13.0 102.0 27.0 0.0 0.0 0.0 7.0 1.0 5.0 3.0 0.0 0.0 2.0 12.0 2.0 0.0 0.0 34.0 9.0 0.0 0.0 7.0 98.0 35.0 4.0 1.0 0.0 0.0 0.0 1.0 0.0 44.0 66.0 57.0 1.0 0.0 0.0 0.0 11.0 5.0 2.0 2.0 0.0 0.0 0.0 25.0 1.0 1.0 11.0 32.0 0.0 0.0 0.0 1.0 5.0 24.0 7.0 31.0 22.0 0.0 0.0 0.0 16.0 33.0 3.0 0.0 0.0 0.0 3.0 29.0 5.0 3.0 10.0 1.0 0.0 0.0 3.0 17.0 0.0 0.0 16.0 11.0 0.0 0.0 0.0 5.0 
25_3_020_118
5.0 1.0 6.0 10.0 1.0 0.0 3.0 8.0 0.0 14.0 38.0 7.0 0.0 0.0 0.0 0.0 0.0 15.0 79.0 3.0 0.0 0.0 0.0 0.0 10.0 47.0 21.0 0.0 0.0 0.0 0.0 0.0 11.0 51.0 34.0 0.0 0.0 0.0 0.0 0.0 11.0 27.0 34.0 1.0 1.0 0.0 0.0 0.0 0.0 0.0 72.0 102.0 1.0 0.0 0.0 0.0 25.0 29.0 12.0 9.0 3.0 0.0 10.0 1.0 0.0 2.0 28.0 22.0 1.0 0.0 0.0 0.0 21.0 65.0 23.0 13.0 3.0 0.0 0.0 1.0 1.0 16.0 34.0 30.0 4.0 16.0 12.0 6.0 1.0 15.0 3.0 0.0 3.0 43.0 63.0 4.0 0.0 11.0 31.0 11.0 0.0 0.0 0.0 0.0 0.0 10.0 46.0 18.0 1.0 0.0 0.0 0.0 14.0 67.0 9.0 1.0 0.0 0.0 0.0 0.0 0.0 73.0 19.0 0.0 0.0 4.0 5.0 0.0 
25_3_020_119
0.0 0.0 7.0 42.0 8.0 2.0 0.0 0.0 12.0 0.0 6.0 10.0 2.0 3.0 -21.0 62.0 16.0 3.0 0.0 28.0 22.0 0.0 -33.0 70.0 1.0 0.0 0.0 19.0 19.0 0.0 -10.0 29.0 0.0 0.0 0.0 7.0 68.0 14.0 0.0 0.0 0.0 0.0 0.0 0.0 19.0 102.0 13.0 0.0 0.0 8.0 4.0 18.0 19.0 15.0 3.0 10.0 0.0 0.0 2.0 29.0 18.0 2.0 1.0 1.0 0.0 0.0 0.0 4.0 34.0 3.0 0.0 0.0 0.0 0.0 4.0 10.0 21.0 8.0 2.0 0.0 0.0 0.0 3.0 54.0 20.0 13.0 1.0 0.0 0.0 0.0 0.0 0.0 30.0 20.0 12.0 0.0 0.0 0.0 0.0 0.0 2.0 12.0 2.0 5.0 0.0 0.0 3.0 16.0 37.0 7.0 0.0 0.0 0.0 0.0 0.0 12.0 24.0 11.0 0.0 0.0 0.0 0.0 0.0 2.0 14.0 9.0 1.0 0.0 
25_3_020_120
0.0 0.0 2.0 0.0 0.0 0.0 0.0 1.0 0.0 -35.0 102.0 0.0 0.0 0.0 0.0 0.0 0.0 -7.0 20.0 2.0 0.0 0.0 3.0 5.0 0.0 0.0 0.0 0.0 0.0 0.0 1.0 11.0 -9.0 21.0 12.0 0.0 0.0 0.0 0.0 0.0 -3.0 -2.0 35.0 19.0 10.0 0.0 0.0 0.0 3.0 -1.0 3.0 5.0 14.0 2.0 1.0 0.0 1.0 0.0 0.0 0.0 0.0 0.0 -3.0 20.0 -10.0 12.0 41.0 6.0 0.0 0.0 0.0 0.0 6.0 22.0 0.0 0.0 0.0 0.0 0.0 -7.0 -4.0 5.0 14.0 17.0 0.0 0.0 0.0 0.0 0.0 0.0 0.0 0.0 0.0 0.0 -6.0 30.0 0.0 0.0 7.0 30.0 3.0 0.0 0.0 0.0 0.0 0.0 0.0 0.0 2.0 1.0 2.0 7.0 0.0 0.0 0.0 16.0 6.0 0.0 0.0 0.0 0.0 0.0 0.0 0.0 0.0 0.0 5.0 11.0 
25_3_020_121
-4.0 21.0 0.0 0.0 0.0 0.0 0.0 0.0 12.0 21.0 0.0 0.0 0.0 0.0 0.0 -8.0 -35.0 102.0 0.0 0.0 0.0 0.0 0.0 0.0 -29.0 100.0 0.0 0.0 0.0 0.0 0.0 0.0 12.0 46.0 10.0 0.0 0.0 0.0 0.0 -12.0 49.0 14.0 9.0 0.0 0.0 0.0 -3.0 -12.0 -7.0 18.0 17.0 28.0 3.0 1.0 0.0 0.0 -2.0 5.0 0.0 0.0 0.0 5.0 11.0 0.0 1.0 2.0 0.0 0.0 1.0 3.0 6.0 2.0 6.0 11.0 6.0 4.0 0.0 0.0 -3.0 4.0 0.0 9.0 20.0 3.0 0.0 0.0 3.0 2.0 0.0 0.0 0.0 0.0 0.0 0.0 14.0 5.0 0.0 0.0 8.0 7.0 1.0 2.0 0.0 0.0 0.0 0.0 17.0 4.0 0.0 1.0 2.0 0.0 0.0 0.0 0.0 0.0 0.0 2.0 17.0 6.0 0.0 0.0 0.0 0.0 0.0 0.0 9.0 3.0 
25_3_020_122
0.0 0.0 0.0 0.0 2.0 1.0 0.0 0.0 2.0 0.0 0.0 0.0 2.0 0.0 0.0 1.0 0.0 1.0 47.0 8.0 1.0 0.0 0.0 0.0 0.0 3.0 94.0 24.0 0.0 0.0 3.0 0.0 0.0 0.0 0.0 3.0 5.0 1.0 0.0 0.0 0.0 0.0 2.0 10.0 2.0 0.0 0.0 0.0 0.0 1.0 102.0 96.0 5.0 0.0 0.0 0.0 3.0 8.0 29.0 1.0 4.0 4.0 30.0 14.0 0.0 0.0 1.0 2.0 1.0 0.0 0.0 0.0 0.0 0.0 1.0 15.0 7.0 1.0 0.0 0.0 0.0 0.0 4.0 101.0 85.0 2.0 0.0 0.0 1.0 26.0 20.0 12.0 19.0 3.0 0.0 0.0 0.0 0.0 0.0 0.0 1.0 0.0 0.0 0.0 0.0 0.0 0.0 2.0 1.0 0.0 0.0 0.0 0.0 0.0 15.0 28.0 51.0 5.0 0.0 0.0 0.0 10.0 70.0 77.0 27.0 0.0 0.0 0.0 
25_3_020_123
9.0 2.0 0.0 0.0 9.0 11.0 0.0 0.0 5.0 6.0 0.0 2.0 8.0 1.0 0.0 0.0 0.0 0.0 0.0 3.0 37.0 1.0 0.0 0.0 23.0 8.0 0.0 4.0 4.0 0.0 0.0 1.0 0.0 0.0 0.0 7.0 69.0 24.0 1.0 1.0 5.0 6.0 3.0 20.0 49.0 0.0 0.0 0.0 23.0 9.0 1.0 11.0 2.0 0.0 0.0 1.0 1.0 0.0 0.0 20.0 14.0 0.0 0.0 0.0 9.0 81.0 10.0 6.0 2.0 0.0 0.0 1.0 0.0 17.0 102.0 49.0 7.0 0.0 0.0 0.0 44.0 17.0 3.0 0.0 0.0 0.0 0.0 4.0 1.0 10.0 8.0 5.0 4.0 0.0 0.0 0.0 0.0 6.0 7.0 10.0 55.0 4.0 0.0 0.0 0.0 7.0 25.0 8.0 31.0 29.0 0.0 0.0 14.0 4.0 0.0 0.0 1.0 23.0 10.0 8.0 8.0 7.0 2.0 0.0 4.0 4.0 2.0 3.0 
25_3_020_124
2.0 1.0 2.0 0.0 0.0 5.0 5.0 1.0 -1.0 5.0 102.0 36.0 0.0 0.0 1.0 0.0 9.0 12.0 38.0 19.0 7.0 13.0 -3.0 13.0 12.0 49.0 7.0 4.0 0.0 0.0 0.0 -12.0 6.0 7.0 22.0 12.0 0.0 0.0 0.0 -3.0 0.0 0.0 51.0 52.0 4.0 3.0 20.0 1.0 0.0 0.0 3.0 43.0 36.0 24.0 0.0 0.0 0.0 0.0 2.0 44.0 28.0 0.0 0.0 0.0 1.0 0.0 16.0 43.0 0.0 0.0 0.0 2.0 0.0 0.0 3.0 26.0 0.0 0.0 19.0 19.0 0.0 0.0 4.0 62.0 24.0 8.0 1.0 0.0 0.0 0.0 0.0 2.0 27.0 54.0 2.0 0.0 0.0 0.0 2.0 24.0 16.0 0.0 0.0 0.0 3.0 0.0 0.0 2.0 7.0 1.0 3.0 5.0 0.0 0.0 0.0 6.0 8.0 14.0 25.0 4.0 0.0 0.0 0.0 1.0 37.0 28.0 8.0 0.0 
25_3_020_125
0.0 0.0 19.0 41.0 4.0 0.0 0.0 0.0 0.0 20.0 54.0 9.0 2.0 0.0 0.0 0.0 7.0 9.0 26.0 18.0 11.0 2.0 4.0 6.0 0.0 7.0 68.0 14.0 0.0 0.0 0.0 3.0 0.0 5.0 39.0 18.0 1.0 0.0 0.0 0.0 0.0 0.0 7.0 31.0 46.0 6.0 0.0 0.0 0.0 1.0 16.0 42.0 18.0 4.0 0.0 1.0 0.0 0.0 18.0 6.0 2.0 8.0 40.0 0.0 0.0 0.0 0.0 13.0 11.0 0.0 0.0 0.0 0.0 0.0 12.0 38.0 11.0 0.0 0.0 0.0 0.0 0.0 11.0 46.0 11.0 49.0 27.0 0.0 0.0 0.0 0.0 1.0 5.0 63.0 102.0 0.0 0.0 0.0 0.0 5.0 8.0 0.0 0.0 0.0 0.0 3.0 1.0 13.0 17.0 9.0 0.0 1.0 25.0 2.0 0.0 0.0 0.0 24.0 29.0 9.0 1.0 10.0 10.0 1.0 0.0 0.0 5.0 1.0 
25_3_020_126
8.0 8.0 1.0 0.0 34.0 22.0 0.0 0.0 57.0 10.0 0.0 0.0 0.0 3.0 -4.0 20.0 77.0 68.0 0.0 0.0 0.0 0.0 0.0 0.0 34.0 102.0 0.0 0.0 0.0 0.0 0.0 0.0 16.0 28.0 2.0 10.0 18.0 0.0 0.0 0.0 3.0 12.0 15.0 25.0 10.0 1.0 0.0 0.0 17.0 15.0 1.0 0.0 0.0 0.0 -15.0 40.0 0.0 14.0 9.0 5.0 27.0 1.0 0.0 1.0 14.0 16.0 0.0 0.0 3.0 2.0 0.0 0.0 0.0 18.0 10.0 16.0 9.0 0.0 0.0 0.0 8.0 25.0 2.0 0.0 0.0 0.0 0.0 31.0 23.0 38.0 0.0 2.0 4.0 0.0 0.0 1.0 0.0 0.0 0.0 0.0 14.0 8.0 0.0 0.0 0.0 0.0 0.0 0.0 18.0 12.0 0.0 0.0 0.0 8.0 7.0 9.0 37.0 3.0 0.0 0.0 4.0 35.0 5.0 0.0 17.0 3.0 0.0 0.0 
25_3_020_127
0.0 0.0 0.0 0.0 57.0 24.0 2.0 3.0 6.0 0.0 0.0 0.0 22.0 42.0 5.0 10.0 29.0 0.0 0.0 0.0 0.0 0.0 3.0 18.0 19.0 2.0 0.0 0.0 0.0 0.0 0.0 1.0 19.0 0.0 0.0 3.0 7.0 0.0 0.0 24.0 0.0 1.0 11.0 33.0 20.0 9.0 0.0 0.0 6.0 0.0 0.0 0.0 4.0 16.0 4.0 14.0 13.0 0.0 0.0 0.0 2.0 4.0 0.0 3.0 1.0 0.0 0.0 0.0 72.0 53.0 1.0 6.0 0.0 0.0 0.0 13.0 45.0 7.0 0.0 0.0 0.0 0.0 0.0 0.0 3.0 17.0 31.0 31.0 0.0 0.0 0.0 4.0 58.0 11.0 1.0 0.0 0.0 0.0 0.0 4.0 88.0 7.0 0.0 0.0 0.0 0.0 0.0 31.0 102.0 0.0 0.0 0.0 39.0 4.0 3.0 8.0 8.0 0.0 0.0 12.0 31.0 0.0 0.0 1.0 25.0 1.0 1.0 8.0 
25_3_020_128
0.0 0.0 25.0 102.0 0.0 0.0 0.0 0.0 0.0 0.0 0.0 10.0 7.0 2.0 31.0 2.0 0.0 0.0 21.0 40.0 1.0 0.0 2.0 0.0 0.0 0.0 1.0 25.0 5.0 2.0 16.0 5.0 0.0 0.0 59.0 71.0 0.0 0.0 0.0 0.0 -14.0 36.0 16.0 12.0 0.0 0.0 0.0 0.0 6.0 25.0 2.0 24.0 3.0 0.0 -2.0 0.0 0.0 0.0 0.0 4.0 6.0 9.0 31.0 4.0 -7.0 19.0 53.0 12.0 0.0 0.0 0.0 2.0 0.0 0.0 1.0 12.0 10.0 24.0 8.0 2.0 0.0 0.0 0.0 14.0 10.0 16.0 8.0 0.0 0.0 0.0 0.0 0.0 0.0 0.0 13.0 12.0 1.0 0.0 8.0 11.0 0.0 0.0 22.0 18.0 0.0 0.0 10.0 22.0 4.0 5.0 25.0 1.0 -1.0 2.0 12.0 19.0 0.0 0.0 2.0 3.0 0.0 0.0 0.0 0.0 0.0 0.0 11.0 8.0 
25_3_020_129
0.0 8.0 11.0 1.0 0.0 0.0 0.0 0.0 -2.0 16.0 9.0 7.0 0.0 0.0 3.0 0.0 0.0 8.0 7.0 0.0 2.0 22.0 5.0 0.0 0.0 0.0 14.0 5.0 12.0 43.0 0.0 0.0 0.0 2.0 1.0 0.0 1.0 41.0 31.0 5.0 0.0 13.0 15.0 21.0 13.0 35.0 10.0 0.0 15.0 0.0 0.0 0.0 0.0 26.0 -24.0 102.0 0.0 0.0 0.0 4.0 5.0 41.0 11.0 4.0 0.0 27.0 66.0 9.0 5.0 25.0 17.0 0.0 17.0 30.0 45.0 55.0 15.0 1.0 0.0 -7.0 0.0 0.0 0.0 0.0 0.0 2.0 -1.0 99.0 3.0 29.0 40.0 1.0 0.0 0.0 -7.0 16.0 -15.0 76.0 44.0 3.0 4.0 45.0 9.0 1.0 1.0 19.0 0.0 0.0 0.0 43.0 68.0 19.0 0.0 0.0 0.0 0.0 5.0 36.0 56.0 5.0 0.0 0.0 5.0 10.0 17.0 63.0 16.0 0.0 
25_3_020_130
0.0 0.0 0.0 0.0 0.0 57.0 16.0 0.0 0.0 0.0 0.0 0.0 0.0 102.0 32.0 0.0 0.0 3.0 1.0 0.0 0.0 102.0 26.0 0.0 0.0 0.0 0.0 0.0 0.0 69.0 26.0 2.0 5.0 46.0 25.0 1.0 0.0 23.0 8.0 0.0 53.0 31.0 2.0 4.0 1.0 11.0 5.0 0.0 2.0 37.0 59.0 61.0 0.0 0.0 0.0 0.0 90.0 12.0 0.0 0.0 0.0 0.0 0.0 19.0 3.0 10.0 15.0 4.0 3.0 36.0 21.0 0.0 47.0 20.0 0.0 0.0 8.0 46.0 11.0 19.0 2.0 5.0 4.0 30.0 46.0 18.0 0.0 7.0 6.0 2.0 0.0 0.0 0.0 21.0 30.0 10.0 1.0 0.0 0.0 0.0 0.0 22.0 15.0 2.0 0.0 3.0 3.0 0.0 0.0 37.0 14.0 0.0 0.0 14.0 4.0 0.0 5.0 40.0 8.0 0.0 0.0 32.0 10.0 0.0 0.0 27.0 13.0 0.0 
25_3_020_131
0.0 0.0 5.0 13.0 25.0 0.0 0.0 0.0 31.0 12.0 9.0 11.0 1.0 0.0 0.0 0.0 35.0 4.0 0.0 0.0 4.0 0.0 1.0 10.0 3.0 0.0 0.0 1.0 77.0 0.0 0.0 0.0 19.0 3.0 15.0 29.0 14.0 0.0 0.0 0.0 7.0 0.0 7.0 16.0 12.0 35.0 40.0 11.0 12.0 12.0 10.0 5.0 2.0 2.0 8.0 10.0 34.0 6.0 0.0 0.0 4.0 0.0 0.0 4.0 96.0 0.0 0.0 0.0 0.0 0.0 0.0 3.0 24.0 0.0 0.0 8.0 3.0 21.0 14.0 1.0 10.0 0.0 12.0 77.0 14.0 4.0 2.0 7.0 36.0 9.0 0.0 1.0 0.0 0.0 0.0 8.0 12.0 0.0 0.0 0.0 0.0 0.0 0.0 0.0 102.0 1.0 0.0 2.0 0.0 0.0 0.0 1.0 14.0 0.0 0.0 10.0 41.0 12.0 0.0 0.0 7.0 2.0 1.0 2.0 10.0 34.0 8.0 0.0 
25_3_020_132
5.0 0.0 0.0 0.0 0.0 1.0 -1.0 16.0 -3.0 5.0 26.0 59.0 6.0 0.0 0.0 0.0 9.0 29.0 2.0 6.0 0.0 0.0 -3.0 6.0 4.0 27.0 5.0 4.0 0.0 0.0 0.0 -4.0 19.0 0.0 0.0 0.0 0.0 0.0 -8.0 15.0 -1.0 7.0 26.0 102.0 0.0 0.0 0.0 0.0 7.0 12.0 17.0 2.0 0.0 0.0 -4.0 8.0 -7.0 40.0 4.0 7.0 2.0 0.0 0.0 -2.0 -1.0 2.0 0.0 0.0 0.0 0.0 4.0 7.0 0.0 0.0 16.0 88.0 8.0 0.0 0.0 0.0 0.0 0.0 0.0 1.0 13.0 29.0 9.0 0.0 0.0 0.0 0.0 8.0 30.0 3.0 0.0 0.0 -2.0 7.0 2.0 0.0 0.0 0.0 0.0 0.0 0.0 0.0 1.0 47.0 5.0 0.0 0.0 0.0 0.0 0.0 0.0 9.0 12.0 0.0 4.0 12.0 0.0 0.0 0.0 5.0 11.0 8.0 5.0 0.0 
25_3_020_133
0.0 0.0 0.0 0.0 0.0 13.0 39.0 20.0 0.0 0.0 0.0 17.0 75.0 26.0 0.0 0.0 0.0 0.0 0.0 0.0 4.0 7.0 37.0 46.0 0.0 0.0 0.0 1.0 19.0 8.0 4.0 0.0 0.0 0.0 0.0 0.0 0.0 0.0 20.0 69.0 0.0 4.0 38.0 43.0 27.0 4.0 3.0 0.0 0.0 0.0 3.0 2.0 5.0 1.0 21.0 57.0 0.0 0.0 2.0 12.0 2.0 0.0 0.0 0.0 13.0 0.0 0.0 0.0 0.0 0.0 -29.0 102.0 0.0 2.0 39.0 63.0 0.0 0.0 0.0 0.0 0.0 0.0 0.0 0.0 0.0 0.0 -3.0 97.0 0.0 0.0 0.0 10.0 8.0 0.0 0.0 0.0 44.0 16.0 7.0 2.0 0.0 0.0 -10.0 8.0 17.0 43.0 43.0 1.0 0.0 0.0 -2.0 14.0 2.0 0.0 0.0 0.0 0.0 0.0 5.0 81.0 0.0 3.0 17.0 1.0 0.0 0.0 0.0 0.0 
25_3_020_134
0.0 0.0 0.0 0.0 0.0 4.0 23.0 1.0 0.0 0.0 10.0 94.0 6.0 1.0 0.0 0.0 0.0 0.0 1.0 18.0 7.0 63.0 60.0 2.0 0.0 0.0 0.0 2.0 31.0 39.0 10.0 3.0 11.0 0.0 0.0 0.0 0.0 0.0 0.0 12.0 0.0 0.0 2.0 102.0 9.0 0.0 0.0 0.0 0.0 0.0 0.0 0.0 0.0 2.0 48.0 82.0 0.0 0.0 0.0 57.0 48.0 3.0 0.0 0.0 4.0 0.0 0.0 0.0 0.0 0.0 3.0 15.0 7.0 1.0 30.0 63.0 3.0 0.0 4.0 3.0 35.0 5.0 3.0 0.0 0.0 5.0 48.0 55.0 0.0 0.0 31.0 76.0 6.0 0.0 0.0 0.0 25.0 12.0 4.0 0.0 0.0 0.0 0.0 1.0 5.0 9.0 46.0 59.0 0.0 0.0 0.0 0.0 101.0 32.0 0.0 0.0 0.0 0.0 0.0 20.0 0.0 21.0 48.0 25.0 0.0 0.0 0.0 0.0 
25_3_020_135
0.0 0.0 0.0 0.0 5.0 50.0 12.0 0.0 0.0 0.0 0.0 0.0 6.0 13.0 -10.0 63.0 0.0 0.0 0.0 1.0 2.0 2.0 -2.0 24.0 0.0 0.0 0.0 3.0 9.0 1.0 0.0 0.0 0.0 0.0 0.0 0.0 5.0 10.0 8.0 34.0 0.0 0.0 1.0 29.0 43.0 15.0 1.0 7.0 3.0 0.0 0.0 0.0 0.0 0.0 -29.0 86.0 0.0 0.0 0.0 0.0 12.0 2.0 0.0 1.0 2.0 0.0 0.0 0.0 0.0 0.0 -36.0 102.0 0.0 1.0 6.0 44.0 16.0 0.0 -1.0 4.0 2.0 0.0 1.0 13.0 5.0 0.0 -36.0 90.0 0.0 0.0 1.0 3.0 0.0 0.0 -10.0 28.0 16.0 0.0 0.0 0.0 2.0 1.0 -14.0 29.0 47.0 19.0 16.0 7.0 0.0 0.0 0.0 -19.0 8.0 4.0 34.0 15.0 0.0 0.0 -16.0 43.0 4.0 0.0 2.0 1.0 0.0 0.0 -17.0 53.0 
