25_3_019_0
0.0 0.0 0.0 0.0 0.0 0.0 1.0 7.0 0.0 0.0 10.0 80.0 12.0 0.0 0.0 0.0 3.0 0.0 0.0 0.0 0.0 1.0 11.0 34.0 8.0 0.0 0.0 0.0 0.0 0.0 7.0 12.0 2.0 0.0 0.0 0.0 0.0 0.0 0.0 13.0 0.0 0.0 7.0 102.0 5.0 0.0 0.0 0.0 10.0 17.0 6.0 2.0 1.0 3.0 0.0 1.0 37.0 27.0 0.0 0.0 0.0 3.0 5.0 2.0 6.0 0.0 0.0 0.0 0.0 0.0 0.0 10.0 1.0 0.0 0.0 55.0 38.0 0.0 0.0 1.0 3.0 0.0 0.0 9.0 25.0 8.0 10.0 7.0 2.0 0.0 0.0 0.0 9.0 17.0 6.0 4.0 7.0 0.0 0.0 0.0 0.0 0.0 0.0 4.0 6.0 2.0 0.0 6.0 5.0 0.0 0.0 0.0 1.0 0.0 6.0 25.0 47.0 0.0 0.0 0.0 15.0 10.0 2.0 1.0 0.0 0.0 0.0 1.0 
25_3_019_1
0.0 0.0 5.0 31.0 0.0 0.0 18.0 56.0 0.0 0.0 0.0 0.0 0.0 0.0 32.0 70.0 0.0 0.0 7.0 76.0 8.0 0.0 11.0 7.0 0.0 0.0 0.0 0.0 0.0 0.0 5.0 6.0 0.0 0.0 3.0 22.0 0.0 0.0 24.0 77.0 0.0 0.0 0.0 0.0 0.0 0.0 37.0 99.0 0.0 0.0 10.0 102.0 4.0 0.0 0.0 0.0 0.0 0.0 0.0 0.0 0.0 0.0 4.0 7.0 1.0 1.0 0.0 0.0 0.0 0.0 15.0 68.0 2.0 0.0 0.0 0.0 0.0 0.0 19.0 90.0 0.0 0.0 23.0 87.0 0.0 0.0 0.0 0.0 0.0 0.0 0.0 0.0 0.0 0.0 3.0 4.0 9.0 4.0 2.0 0.0 0.0 2.0 2.0 14.0 12.0 20.0 6.0 0.0 0.0 0.0 3.0 31.0 0.0 38.0 53.0 24.0 0.0 0.0 0.0 0.0 1.0 50.0 6.0 0.0 0.0 0.0 0.0 0.0 
25_3_019_2
1.0 0.0 0.0 0.0 0.0 33.0 14.0 0.0 0.0 0.0 0.0 0.0 0.0 14.0 59.0 20.0 0.0 0.0 2.0 20.0 13.0 4.0 0.0 0.0 0.0 0.0 0.0 22.0 10.0 6.0 7.0 1.0 0.0 0.0 1.0 2.0 0.0 0.0 0.0 0.0 0.0 0.0 0.0 0.0 0.0 0.0 1.0 85.0 0.0 0.0 4.0 79.0 9.0 0.0 0.0 0.0 0.0 0.0 1.0 62.0 6.0 0.0 2.0 9.0 0.0 0.0 1.0 6.0 0.0 0.0 0.0 0.0 0.0 0.0 0.0 0.0 0.0 0.0 -13.0 102.0 0.0 0.0 7.0 96.0 1.0 0.0 0.0 0.0 0.0 0.0 3.0 70.0 0.0 0.0 -2.0 16.0 0.0 0.0 1.0 9.0 0.0 0.0 0.0 0.0 0.0 0.0 0.0 0.0 0.0 0.0 -11.0 80.0 0.0 1.0 12.0 68.0 0.0 0.0 0.0 0.0 3.0 0.0 8.0 55.0 0.0 0.0 -1.0 4.0 
25_3_019_3
0.0 0.0 0.0 7.0 20.0 13.0 2.0 0.0 4.0 7.0 7.0 11.0 2.0 4.0 6.0 3.0 0.0 1.0 12.0 31.0 18.0 0.0 0.0 0.0 0.0 0.0 2.0 78.0 33.0 0.0 0.0 0.0 0.0 3.0 9.0 15.0 3.0 2.0 0.0 0.0 4.0 8.0 5.0 17.0 10.0 13.0 4.0 9.0 0.0 0.0 0.0 32.0 28.0 19.0 0.0 0.0 0.0 0.0 2.0 60.0 42.0 102.0 12.0 0.0 7.0 2.0 26.0 14.0 1.0 0.0 6.0 8.0 13.0 4.0 2.0 5.0 0.0 0.0 2.0 44.0 0.0 0.0 15.0 62.0 1.0 0.0 0.0 0.0 5.0 0.0 0.0 0.0 0.0 13.0 32.0 101.0 0.0 0.0 4.0 49.0 47.0 8.0 0.0 0.0 46.0 27.0 1.0 3.0 10.0 0.0 0.0 0.0 10.0 19.0 14.0 7.0 0.0 0.0 0.0 6.0 0.0 0.0 0.0 0.0 0.0 0.0 33.0 82.0 
25_3_019_4
0.0 7.0 10.0 0.0 0.0 0.0 0.0 0.0 0.0 3.0 13.0 1.0 0.0 0.0 0.0 0.0 0.0 0.0 52.0 67.0 0.0 0.0 0.0 0.0 0.0 0.0 0.0 3.0 3.0 1.0 7.0 10.0 0.0 6.0 10.0 0.0 0.0 0.0 0.0 0.0 0.0 5.0 14.0 10.0 0.0 0.0 0.0 0.0 0.0 0.0 37.0 86.0 0.0 0.0 0.0 0.0 6.0 22.0 14.0 0.0 0.0 0.0 2.0 9.0 0.0 9.0 5.0 0.0 0.0 0.0 0.0 0.0 0.0 5.0 7.0 16.0 1.0 0.0 0.0 0.0 0.0 0.0 25.0 102.0 23.0 0.0 0.0 0.0 0.0 18.0 17.0 5.0 9.0 27.0 8.0 1.0 1.0 8.0 0.0 0.0 0.0 0.0 0.0 0.0 2.0 6.0 0.0 0.0 0.0 0.0 0.0 0.0 0.0 0.0 0.0 79.0 38.0 0.0 0.0 0.0 18.0 1.0 1.0 0.0 0.0 0.0 7.0 24.0 
25_3_019_5
0.0 0.0 0.0 0.0 1.0 36.0 1.0 0.0 0.0 0.0 0.0 0.0 0.0 7.0 14.0 60.0 0.0 2.0 0.0 0.0 0.0 0.0 7.0 12.0 1.0 1.0 2.0 3.0 3.0 0.0 0.0 2.0 0.0 0.0 0.0 0.0 14.0 102.0 0.0 0.0 0.0 0.0 0.0 15.0 40.0 67.0 11.0 2.0 0.0 0.0 0.0 0.0 6.0 8.0 12.0 4.0 0.0 0.0 2.0 3.0 3.0 4.0 4.0 1.0 0.0 0.0 7.0 1.0 0.0 0.0 0.0 0.0 0.0 0.0 21.0 48.0 0.0 0.0 0.0 0.0 1.0 0.0 1.0 1.0 0.0 0.0 0.0 12.0 0.0 2.0 3.0 3.0 5.0 0.0 0.0 0.0 0.0 0.0 4.0 2.0 0.0 0.0 0.0 0.0 0.0 0.0 3.0 45.0 1.0 0.0 0.0 0.0 2.0 11.0 16.0 1.0 0.0 0.0 0.0 1.0 5.0 9.0 8.0 0.0 0.0 0.0 4.0 9.0 
25_3_019_6
3.0 0.0 0.0 0.0 0.0 0.0 0.0 0.0 0.0 0.0 1.0 100.0 4.0 0.0 0.0 0.0 0.0 0.0 0.0 11.0 2.0 0.0 0.0 0.0 0.0 0.0 0.0 0.0 0.0 0.0 0.0 1.0 4.0 4.0 0.0 0.0 0.0 0.0 0.0 0.0 0.0 0.0 10.0 102.0 1.0 0.0 0.0 0.0 0.0 0.0 0.0 16.0 3.0 12.0 1.0 0.0 0.0 0.0 0.0 0.0 3.0 9.0 0.0 0.0 5.0 29.0 1.0 0.0 0.0 1.0 0.0 0.0 0.0 10.0 17.0 21.0 13.0 5.0 0.0 0.0 0.0 0.0 0.0 0.0 6.0 49.0 7.0 0.0 0.0 0.0 0.0 2.0 27.0 22.0 0.0 0.0 0.0 0.0 0.0 0.0 0.0 4.0 1.0 0.0 0.0 0.0 4.0 8.0 3.0 3.0 0.0 0.0 2.0 0.0 2.0 0.0 0.0 1.0 1.0 2.0 1.0 0.0 0.0 9.0 9.0 1.0 0.0 0.0 
25_3_019_7
0.0 0.0 0.0 53.0 9.0 0.0 1.0 2.0 0.0 0.0 1.0 56.0 21.0 0.0 11.0 27.0 6.0 0.0 0.0 0.0 0.0 0.0 4.0 35.0 8.0 0.0 0.0 0.0 0.0 0.0 2.0 17.0 0.0 0.0 0.0 33.0 3.0 0.0 0.0 5.0 4.0 1.0 4.0 102.0 14.0 0.0 2.0 15.0 15.0 26.0 10.0 0.0 0.0 0.0 0.0 6.0 28.0 64.0 1.0 0.0 0.0 0.0 0.0 2.0 1.0 0.0 7.0 39.0 2.0 0.0 0.0 3.0 7.0 2.0 6.0 99.0 15.0 0.0 2.0 4.0 0.0 3.0 9.0 6.0 3.0 19.0 13.0 3.0 0.0 0.0 0.0 0.0 0.0 35.0 17.0 3.0 3.0 0.0 0.0 7.0 6.0 0.0 0.0 2.0 0.0 0.0 0.0 40.0 73.0 2.0 0.0 0.0 9.0 0.0 0.0 1.0 2.0 0.0 5.0 12.0 7.0 0.0 0.0 0.0 4.0 3.0 4.0 8.0 
25_3_019_8
0.0 0.0 5.0 25.0 10.0 52.0 86.0 6.0 0.0 2.0 2.0 21.0 20.0 26.0 2.0 5.0 0.0 0.0 0.0 0.0 2.0 55.0 44.0 48.0 0.0 0.0 0.0 0.0 41.0 95.0 0.0 0.0 5.0 9.0 45.0 23.0 0.0 1.0 1.0 16.0 21.0 13.0 0.0 0.0 53.0 72.0 4.0 42.0 13.0 40.0 16.0 14.0 9.0 26.0 35.0 58.0 32.0 102.0 6.0 0.0 12.0 21.0 0.0 0.0 0.0 0.0 4.0 8.0 15.0 31.0 6.0 45.0 1.0 2.0 0.0 3.0 14.0 53.0 62.0 53.0 0.0 0.0 13.0 37.0 39.0 46.0 23.0 2.0 6.0 10.0 9.0 11.0 86.0 14.0 2.0 2.0 0.0 0.0 0.0 0.0 59.0 42.0 -8.0 95.0 18.0 5.0 4.0 6.0 16.0 2.0 -19.0 65.0 0.0 4.0 28.0 31.0 9.0 11.0 3.0 0.0 26.0 36.0 23.0 2.0 22.0 18.0 -16.0 45.0 
25_3_019_9
0.0 0.0 0.0 0.0 26.0 23.0 0.0 0.0 0.0 0.0 0.0 17.0 102.0 2.0 0.0 0.0 0.0 0.0 0.0 1.0 12.0 0.0 0.0 1.0 2.0 0.0 0.0 0.0 0.0 0.0 0.0 0.0 2.0 0.0 0.0 22.0 12.0 2.0 2.0 7.0 0.0 0.0 7.0 29.0 30.0 8.0 8.0 8.0 0.0 0.0 0.0 59.0 71.0 0.0 0.0 0.0 1.0 0.0 0.0 0.0 0.0 0.0 0.0 0.0 11.0 6.0 15.0 10.0 0.0 0.0 0.0 2.0 14.0 15.0 24.0 29.0 0.0 0.0 0.0 7.0 0.0 0.0 63.0 76.0 0.0 0.0 0.0 0.0 0.0 0.0 0.0 0.0 0.0 0.0 0.0 1.0 0.0 2.0 24.0 5.0 0.0 0.0 0.0 0.0 0.0 0.0 62.0 27.0 0.0 0.0 0.0 0.0 0.0 0.0 16.0 3.0 0.0 0.0 0.0 0.0 0.0 0.0 0.0 0.0 0.0 0.0 2.0 1.0 
25_3_019_10
0.0 0.0 0.0 0.0 6.0 2.0 3.0 4.0 0.0 0.0 6.0 38.0 18.0 0.0 0.0 0.0 0.0 0.0 0.0 47.0 29.0 0.0 0.0 0.0 0.0 0.0 0.0 0.0 0.0 0.0 0.0 2.0 5.0 3.0 9.0 5.0 0.0 0.0 0.0 11.0 0.0 3.0 22.0 36.0 0.0 3.0 14.0 6.0 0.0 0.0 2.0 102.0 32.0 0.0 0.0 0.0 1.0 0.0 0.0 0.0 0.0 0.0 0.0 0.0 2.0 16.0 35.0 0.0 0.0 0.0 0.0 0.0 13.0 32.0 47.0 2.0 0.0 0.0 0.0 9.0 0.0 2.0 76.0 31.0 0.0 0.0 0.0 0.0 0.0 0.0 0.0 0.0 0.0 0.0 0.0 0.0 0.0 25.0 42.0 1.0 0.0 0.0 0.0 0.0 0.0 14.0 44.0 0.0 0.0 0.0 0.0 0.0 0.0 0.0 4.0 0.0 0.0 0.0 1.0 0.0 0.0 0.0 0.0 0.0 0.0 0.0 2.0 0.0 
25_3_019_11
7.0 44.0 1.0 0.0 0.0 0.0 0.0 0.0 6.0 54.0 19.0 3.0 0.0 0.0 0.0 0.0 0.0 1.0 21.0 102.0 23.0 27.0 2.0 0.0 0.0 0.0 0.0 0.0 0.0 65.0 18.0 0.0 0.0 14.0 3.0 0.0 0.0 8.0 3.0 1.0 0.0 15.0 4.0 0.0 0.0 19.0 8.0 0.0 0.0 0.0 7.0 7.0 11.0 17.0 0.0 0.0 3.0 2.0 0.0 0.0 4.0 11.0 1.0 1.0 19.0 6.0 1.0 0.0 0.0 1.0 3.0 5.0 3.0 7.0 7.0 0.0 0.0 0.0 2.0 1.0 0.0 2.0 8.0 24.0 12.0 1.0 0.0 0.0 3.0 0.0 0.0 5.0 2.0 5.0 8.0 2.0 13.0 0.0 0.0 0.0 0.0 6.0 8.0 11.0 1.0 3.0 8.0 5.0 2.0 0.0 0.0 3.0 9.0 6.0 6.0 1.0 1.0 0.0 0.0 2.0 0.0 5.0 11.0 10.0 5.0 1.0 0.0 0.0 
25_3_019_12
0.0 0.0 0.0 6.0 8.0 11.0 13.0 0.0 1.0 0.0 0.0 1.0 3.0 5.0 18.0 6.0 3.0 0.0 0.0 8.0 3.0 1.0 0.0 14.0 1.0 0.0 0.0 0.0 0.0 0.0 7.0 44.0 6.0 4.0 2.0 0.0 0.0 3.0 1.0 3.0 7.0 0.0 0.0 0.0 2.0 1.0 3.0 7.0 4.0 0.0 0.0 19.0 8.0 0.0 0.0 15.0 21.0 3.0 0.0 0.0 0.0 0.0 5.0 52.0 6.0 1.0 1.0 0.0 0.0 2.0 9.0 6.0 7.0 24.0 12.0 2.0 0.0 0.0 0.0 2.0 7.0 7.0 11.0 17.0 0.0 0.0 0.0 0.0 20.0 102.0 23.0 25.0 2.0 0.0 0.0 1.0 11.0 9.0 6.0 0.0 0.0 0.0 0.0 5.0 1.0 4.0 2.0 5.0 8.0 2.0 3.0 0.0 0.0 0.0 4.0 11.0 1.0 1.0 3.0 2.0 0.0 0.0 0.0 66.0 20.0 0.0 0.0 0.0 
25_3_019_13
35.0 13.0 0.0 0.0 0.0 0.0 1.0 4.0 16.0 6.0 1.0 0.0 0.0 0.0 0.0 9.0 1.0 2.0 13.0 12.0 3.0 0.0 0.0 0.0 5.0 4.0 1.0 3.0 2.0 4.0 3.0 7.0 0.0 0.0 0.0 0.0 15.0 74.0 10.0 0.0 0.0 0.0 27.0 14.0 6.0 15.0 15.0 5.0 2.0 12.0 19.0 1.0 0.0 0.0 6.0 8.0 1.0 0.0 4.0 2.0 0.0 0.0 16.0 19.0 1.0 2.0 0.0 2.0 3.0 2.0 0.0 0.0 0.0 0.0 5.0 102.0 18.0 0.0 0.0 0.0 38.0 9.0 2.0 1.0 0.0 0.0 0.0 11.0 16.0 9.0 10.0 1.0 0.0 0.0 0.0 3.0 0.0 7.0 7.0 3.0 0.0 0.0 0.0 0.0 0.0 0.0 18.0 28.0 19.0 0.0 0.0 0.0 5.0 1.0 0.0 15.0 33.0 7.0 1.0 2.0 16.0 9.0 2.0 0.0 0.0 2.0 1.0 2.0 
25_3_019_14
0.0 0.0 0.0 0.0 2.0 17.0 1.0 0.0 0.0 0.0 0.0 1.0 3.0 11.0 3.0 0.0 0.0 1.0 11.0 66.0 9.0 0.0 0.0 0.0 2.0 16.0 0.0 0.0 0.0 0.0 0.0 0.0 0.0 1.0 2.0 0.0 0.0 0.0 0.0 0.0 0.0 0.0 6.0 4.0 0.0 0.0 0.0 0.0 0.0 0.0 22.0 90.0 0.0 0.0 0.0 0.0 0.0 0.0 1.0 1.0 0.0 0.0 0.0 0.0 0.0 3.0 0.0 0.0 0.0 0.0 0.0 0.0 0.0 0.0 3.0 10.0 0.0 0.0 0.0 0.0 0.0 0.0 3.0 102.0 2.0 0.0 0.0 0.0 0.0 0.0 0.0 0.0 0.0 0.0 0.0 0.0 0.0 2.0 0.0 0.0 0.0 0.0 0.0 0.0 0.0 1.0 4.0 8.0 0.0 0.0 0.0 0.0 0.0 0.0 5.0 70.0 0.0 0.0 0.0 0.0 0.0 0.0 0.0 0.0 1.0 0.0 0.0 0.0 
25_3_019_15
0.0 0.0 0.0 5.0 5.0 1.0 2.0 3.0 3.0 0.0 0.0 0.0 12.0 2.0 0.0 4.0 0.0 3.0 27.0 22.0 24.0 20.0 2.0 0.0 5.0 30.0 19.0 0.0 0.0 1.0 0.0 0.0 8.0 6.0 6.0 4.0 0.0 0.0 0.0 1.0 8.0 4.0 11.0 3.0 0.0 0.0 0.0 1.0 3.0 2.0 85.0 83.0 0.0 0.0 0.0 1.0 9.0 2.0 2.0 0.0 0.0 1.0 12.0 27.0 21.0 24.0 1.0 0.0 0.0 0.0 0.0 0.0 0.0 30.0 30.0 0.0 0.0 0.0 0.0 0.0 4.0 1.0 16.0 102.0 18.0 0.0 0.0 0.0 22.0 6.0 0.0 0.0 0.0 0.0 0.0 48.0 10.0 28.0 0.0 0.0 0.0 0.0 0.0 0.0 0.0 29.0 11.0 0.0 0.0 0.0 0.0 0.0 0.0 2.0 11.0 17.0 18.0 0.0 0.0 0.0 5.0 1.0 1.0 2.0 6.0 10.0 4.0 14.0 
25_3_019_16
0.0 0.0 0.0 0.0 0.0 26.0 10.0 0.0 0.0 0.0 0.0 1.0 25.0 22.0 0.0 0.0 0.0 0.0 6.0 9.0 15.0 7.0 0.0 0.0 0.0 20.0 10.0 7.0 16.0 0.0 0.0 0.0 0.0 0.0 2.0 0.0 0.0 4.0 14.0 2.0 0.0 0.0 3.0 15.0 9.0 8.0 1.0 0.0 0.0 0.0 69.0 94.0 8.0 1.0 0.0 0.0 7.0 13.0 15.0 0.0 1.0 5.0 22.0 21.0 2.0 11.0 4.0 0.0 0.0 0.0 0.0 2.0 0.0 0.0 4.0 10.0 0.0 0.0 7.0 5.0 0.0 0.0 1.0 102.0 45.0 1.0 0.0 0.0 1.0 0.0 0.0 0.0 5.0 7.0 37.0 26.0 12.0 14.0 21.0 0.0 0.0 0.0 0.0 4.0 1.0 88.0 36.0 0.0 0.0 0.0 0.0 0.0 26.0 35.0 6.0 3.0 20.0 4.0 0.0 0.0 1.0 1.0 0.0 0.0 3.0 19.0 7.0 0.0 
25_3_019_17
0.0 0.0 0.0 3.0 2.0 2.0 0.0 0.0 0.0 0.0 0.0 0.0 3.0 3.0 0.0 0.0 0.0 0.0 25.0 89.0 3.0 0.0 0.0 0.0 0.0 0.0 0.0 0.0 2.0 5.0 33.0 0.0 0.0 0.0 1.0 16.0 2.0 3.0 0.0 0.0 0.0 0.0 0.0 8.0 3.0 5.0 0.0 0.0 0.0 0.0 23.0 99.0 0.0 0.0 0.0 1.0 0.0 0.0 0.0 0.0 0.0 0.0 18.0 13.0 0.0 0.0 2.0 32.0 2.0 0.0 0.0 0.0 0.0 0.0 1.0 22.0 2.0 0.0 0.0 0.0 3.0 0.0 13.0 102.0 5.0 0.0 0.0 7.0 10.0 0.0 0.0 0.0 0.0 0.0 0.0 22.0 0.0 3.0 1.0 12.0 2.0 0.0 0.0 0.0 0.0 5.0 1.0 7.0 0.0 0.0 0.0 0.0 1.0 0.0 0.0 76.0 40.0 0.0 0.0 0.0 27.0 0.0 0.0 0.0 0.0 0.0 0.0 3.0 
25_3_019_18
0.0 0.0 0.0 0.0 20.0 95.0 0.0 0.0 0.0 0.0 0.0 0.0 55.0 102.0 0.0 0.0 0.0 0.0 0.0 0.0 15.0 38.0 18.0 32.0 0.0 0.0 0.0 2.0 3.0 0.0 4.0 3.0 0.0 0.0 3.0 1.0 0.0 0.0 0.0 0.0 0.0 0.0 2.0 7.0 7.0 3.0 0.0 0.0 0.0 0.0 3.0 58.0 15.0 0.0 1.0 0.0 0.0 0.0 0.0 0.0 2.0 4.0 7.0 12.0 0.0 2.0 3.0 0.0 0.0 0.0 0.0 0.0 0.0 0.0 29.0 12.0 0.0 0.0 0.0 0.0 0.0 0.0 19.0 30.0 0.0 0.0 0.0 4.0 2.0 1.0 0.0 0.0 0.0 0.0 1.0 11.0 0.0 1.0 1.0 0.0 0.0 0.0 0.0 0.0 0.0 0.0 13.0 36.0 0.0 0.0 0.0 0.0 0.0 0.0 2.0 6.0 1.0 0.0 0.0 3.0 1.0 0.0 1.0 1.0 0.0 0.0 1.0 5.0 
25_3_019_19
17.0 0.0 0.0 0.0 3.0 0.0 0.0 30.0 22.0 1.0 0.0 0.0 0.0 0.0 0.0 4.0 17.0 20.0 19.0 0.0 0.0 0.0 0.0 0.0 4.0 39.0 31.0 0.0 0.0 0.0 1.0 1.0 6.0 0.0 0.0 15.0 102.0 2.0 1.0 6.0 22.0 3.0 1.0 1.0 0.0 0.0 0.0 4.0 0.0 9.0 40.0 19.0 4.0 1.0 2.0 0.0 3.0 1.0 0.0 0.0 0.0 5.0 26.0 11.0 0.0 0.0 0.0 53.0 71.0 0.0 0.0 0.0 20.0 10.0 1.0 17.0 36.0 0.0 1.0 0.0 5.0 1.0 1.0 5.0 3.0 6.0 15.0 10.0 3.0 0.0 0.0 0.0 0.0 5.0 23.0 13.0 3.0 0.0 0.0 14.0 8.0 0.0 0.0 0.0 0.0 0.0 0.0 22.0 84.0 25.0 0.0 0.0 2.0 0.0 0.0 0.0 12.0 14.0 4.0 5.0 13.0 6.0 0.0 0.0 1.0 0.0 0.0 0.0 
25_3_019_20
18.0 20.0 2.0 0.0 0.0 0.0 0.0 1.0 17.0 26.0 9.0 0.0 0.0 0.0 0.0 0.0 0.0 6.0 10.0 8.0 0.0 0.0 0.0 0.0 5.0 0.0 0.0 0.0 0.0 0.0 8.0 58.0 0.0 5.0 7.0 1.0 35.0 31.0 0.0 0.0 16.0 13.0 1.0 0.0 3.0 21.0 19.0 3.0 3.0 9.0 10.0 13.0 2.0 2.0 2.0 1.0 9.0 0.0 0.0 0.0 0.0 0.0 20.0 93.0 0.0 0.0 5.0 24.0 15.0 0.0 0.0 0.0 0.0 0.0 2.0 10.0 10.0 11.0 3.0 0.0 0.0 0.0 5.0 30.0 2.0 0.0 45.0 19.0 0.0 0.0 0.0 0.0 0.0 0.0 102.0 26.0 0.0 0.0 17.0 14.0 0.0 0.0 0.0 0.0 0.0 0.0 31.0 8.0 0.0 0.0 0.0 0.0 1.0 1.0 5.0 1.0 0.0 0.0 65.0 77.0 0.0 0.0 2.0 2.0 0.0 0.0 8.0 3.0 
25_3_019_21
0.0 0.0 0.0 0.0 0.0 0.0 1.0 5.0 0.0 0.0 1.0 1.0 0.0 0.0 1.0 4.0 -15.0 16.0 95.0 4.0 0.0 0.0 0.0 0.0 1.0 -10.0 39.0 0.0 0.0 0.0 0.0 13.0 0.0 0.0 0.0 0.0 0.0 0.0 2.0 4.0 0.0 0.0 2.0 11.0 0.0 0.0 0.0 5.0 0.0 0.0 11.0 102.0 6.0 0.0 0.0 0.0 0.0 0.0 0.0 3.0 5.0 3.0 9.0 6.0 0.0 0.0 0.0 0.0 0.0 0.0 -1.0 8.0 0.0 0.0 9.0 20.0 0.0 0.0 -1.0 4.0 0.0 0.0 14.0 72.0 5.0 0.0 0.0 0.0 0.0 0.0 1.0 0.0 1.0 2.0 6.0 6.0 0.0 0.0 0.0 0.0 0.0 0.0 -2.0 7.0 2.0 0.0 1.0 22.0 1.0 0.0 0.0 0.0 0.0 0.0 1.0 54.0 10.0 0.0 0.0 0.0 0.0 0.0 1.0 0.0 0.0 0.0 -1.0 15.0 
25_3_019_22
0.0 0.0 0.0 0.0 0.0 0.0 3.0 19.0 0.0 0.0 0.0 0.0 0.0 1.0 -3.0 86.0 0.0 0.0 27.0 85.0 1.0 0.0 0.0 0.0 0.0 0.0 1.0 1.0 0.0 0.0 0.0 0.0 0.0 0.0 0.0 0.0 0.0 0.0 7.0 43.0 7.0 0.0 0.0 0.0 0.0 2.0 3.0 55.0 0.0 0.0 31.0 97.0 0.0 0.0 0.0 0.0 2.0 1.0 0.0 0.0 0.0 0.0 0.0 -1.0 0.0 0.0 0.0 0.0 0.0 0.0 16.0 57.0 0.0 0.0 2.0 11.0 1.0 0.0 16.0 31.0 0.0 0.0 25.0 102.0 0.0 0.0 0.0 0.0 0.0 1.0 0.0 0.0 0.0 0.0 0.0 0.0 0.0 0.0 0.0 0.0 0.0 0.0 8.0 63.0 1.0 0.0 7.0 28.0 0.0 0.0 4.0 12.0 0.0 0.0 18.0 58.0 0.0 0.0 0.0 0.0 0.0 1.0 1.0 0.0 0.0 0.0 0.0 0.0 
25_3_019_23
0.0 1.0 4.0 1.0 0.0 0.0 0.0 0.0 0.0 0.0 24.0 7.0 0.0 0.0 0.0 0.0 0.0 0.0 24.0 70.0 0.0 0.0 0.0 0.0 2.0 0.0 0.0 0.0 0.0 0.0 0.0 24.0 0.0 3.0 2.0 0.0 0.0 0.0 0.0 0.0 0.0 0.0 33.0 61.0 0.0 0.0 0.0 0.0 0.0 0.0 14.0 37.0 6.0 0.0 0.0 0.0 1.0 0.0 0.0 0.0 0.0 0.0 7.0 25.0 0.0 2.0 3.0 0.0 0.0 0.0 0.0 0.0 0.0 0.0 3.0 102.0 8.0 0.0 0.0 0.0 6.0 3.0 10.0 18.0 6.0 0.0 0.0 2.0 13.0 3.0 0.0 0.0 0.0 0.0 -1.0 12.0 0.0 2.0 1.0 0.0 0.0 0.0 0.0 0.0 0.0 0.0 1.0 63.0 7.0 0.0 0.0 0.0 0.0 0.0 6.0 24.0 13.0 2.0 0.0 0.0 0.0 8.0 16.0 2.0 1.0 0.0 0.0 0.0 
25_3_019_24
4.0 14.0 6.0 7.0 5.0 0.0 0.0 0.0 15.0 7.0 1.0 0.0 0.0 0.0 0.0 6.0 0.0 5.0 21.0 27.0 1.0 0.0 0.0 0.0 1.0 0.0 5.0 4.0 2.0 1.0 3.0 5.0 17.0 53.0 8.0 0.0 0.0 0.0 0.0 6.0 29.0 5.0 0.0 0.0 0.0 0.0 6.0 63.0 0.0 0.0 37.0 74.0 9.0 0.0 0.0 0.0 35.0 12.0 4.0 0.0 0.0 0.0 6.0 12.0 10.0 0.0 0.0 0.0 0.0 14.0 63.0 15.0 0.0 0.0 0.0 0.0 2.0 25.0 102.0 21.0 0.0 0.0 3.0 71.0 100.0 8.0 0.0 0.0 13.0 11.0 2.0 6.0 11.0 4.0 4.0 2.0 3.0 2.0 0.0 0.0 0.0 57.0 36.0 2.0 1.0 6.0 1.0 0.0 0.0 13.0 15.0 0.0 0.0 3.0 1.0 16.0 54.0 5.0 0.0 0.0 0.0 5.0 2.0 12.0 87.0 40.0 0.0 0.0 
25_3_019_25
83.0 0.0 0.0 0.0 0.0 0.0 -7.0 -5.0 11.0 0.0 0.0 0.0 0.0 3.0 -10.0 21.0 -18.0 44.0 0.0 0.0 0.0 2.0 1.0 0.0 -34.0 102.0 1.0 0.0 0.0 0.0 0.0 0.0 10.0 3.0 0.0 0.0 1.0 4.0 -6.0 24.0 55.0 0.0 0.0 0.0 0.0 0.0 -21.0 54.0 -17.0 28.0 57.0 10.0 0.0 0.0 0.0 0.0 -3.0 0.0 24.0 6.0 7.0 0.0 0.0 0.0 0.0 -2.0 5.0 2.0 22.0 9.0 0.0 0.0 0.0 0.0 0.0 0.0 0.0 0.0 6.0 60.0 0.0 0.0 5.0 20.0 19.0 2.0 0.0 1.0 0.0 0.0 0.0 0.0 4.0 28.0 6.0 2.0 0.0 -1.0 6.0 4.0 2.0 0.0 2.0 0.0 0.0 0.0 0.0 0.0 0.0 0.0 8.0 20.0 0.0 0.0 1.0 1.0 5.0 3.0 0.0 3.0 0.0 0.0 0.0 0.0 2.0 10.0 0.0 5.0 
25_3_019_26
0.0 0.0 0.0 0.0 0.0 0.0 0.0 3.0 0.0 0.0 0.0 72.0 24.0 0.0 0.0 0.0 0.0 0.0 0.0 0.0 0.0 0.0 4.0 22.0 2.0 0.0 0.0 0.0 0.0 0.0 0.0 5.0 0.0 0.0 0.0 0.0 0.0 0.0 0.0 4.0 0.0 0.0 6.0 102.0 2.0 0.0 0.0 0.0 8.0 0.0 1.0 2.0 0.0 0.0 0.0 19.0 2.0 2.0 5.0 2.0 0.0 0.0 0.0 0.0 1.0 0.0 0.0 0.0 0.0 0.0 0.0 3.0 0.0 0.0 21.0 85.0 2.0 0.0 0.0 0.0 13.0 0.0 0.0 13.0 4.0 0.0 0.0 11.0 2.0 1.0 8.0 6.0 2.0 1.0 0.0 0.0 1.0 0.0 0.0 0.0 0.0 0.0 0.0 1.0 0.0 0.0 2.0 44.0 29.0 0.0 0.0 0.0 0.0 0.0 0.0 2.0 16.0 3.0 2.0 4.0 0.0 0.0 0.0 0.0 0.0 3.0 4.0 6.0 
25_3_019_27
0.0 0.0 0.0 0.0 4.0 18.0 0.0 0.0 0.0 0.0 6.0 15.0 11.0 4.0 0.0 0.0 2.0 34.0 48.0 7.0 0.0 0.0 0.0 0.0 13.0 3.0 0.0 0.0 0.0 0.0 4.0 22.0 0.0 0.0 0.0 4.0 13.0 10.0 4.0 0.0 0.0 0.0 18.0 102.0 12.0 7.0 0.0 0.0 0.0 0.0 17.0 29.0 9.0 4.0 20.0 3.0 9.0 0.0 0.0 0.0 0.0 0.0 24.0 70.0 0.0 0.0 1.0 9.0 1.0 0.0 5.0 7.0 0.0 0.0 0.0 85.0 58.0 3.0 0.0 0.0 0.0 0.0 0.0 5.0 34.0 21.0 8.0 0.0 8.0 0.0 0.0 0.0 0.0 0.0 19.0 43.0 0.0 0.0 0.0 0.0 0.0 0.0 2.0 7.0 0.0 0.0 7.0 24.0 14.0 0.0 0.0 0.0 0.0 2.0 0.0 8.0 42.0 26.0 0.0 0.0 0.0 0.0 0.0 0.0 2.0 15.0 16.0 1.0 
25_3_019_28
0.0 0.0 0.0 5.0 8.0 0.0 0.0 0.0 0.0 0.0 0.0 15.0 2.0 0.0 0.0 0.0 39.0 1.0 2.0 18.0 1.0 0.0 -5.0 54.0 8.0 0.0 0.0 1.0 0.0 0.0 -4.0 25.0 0.0 0.0 0.0 17.0 6.0 0.0 0.0 0.0 0.0 0.0 1.0 22.0 0.0 0.0 0.0 0.0 3.0 0.0 2.0 48.0 0.0 0.0 -11.0 70.0 1.0 0.0 0.0 0.0 0.0 0.0 -15.0 102.0 0.0 0.0 4.0 19.0 0.0 0.0 0.0 0.0 0.0 0.0 2.0 26.0 0.0 0.0 0.0 0.0 0.0 0.0 3.0 44.0 0.0 0.0 24.0 43.0 0.0 0.0 0.0 0.0 0.0 0.0 16.0 67.0 0.0 0.0 2.0 14.0 0.0 0.0 0.0 0.0 0.0 0.0 6.0 23.0 0.0 0.0 0.0 0.0 0.0 0.0 1.0 7.0 0.0 2.0 69.0 31.0 0.0 0.0 0.0 0.0 0.0 0.0 9.0 8.0 
25_3_019_29
0.0 0.0 0.0 3.0 8.0 10.0 9.0 2.0 0.0 3.0 10.0 5.0 1.0 2.0 0.0 6.0 5.0 25.0 12.0 0.0 0.0 4.0 1.0 0.0 26.0 16.0 0.0 0.0 3.0 14.0 -5.0 12.0 0.0 2.0 3.0 1.0 1.0 3.0 1.0 0.0 0.0 0.0 16.0 20.0 3.0 11.0 4.0 0.0 0.0 0.0 31.0 47.0 8.0 0.0 0.0 0.0 11.0 5.0 0.0 0.0 0.0 0.0 -43.0 101.0 7.0 3.0 0.0 0.0 1.0 0.0 -9.0 24.0 4.0 2.0 4.0 18.0 7.0 8.0 4.0 8.0 0.0 5.0 31.0 102.0 9.0 0.0 0.0 0.0 4.0 11.0 18.0 0.0 0.0 0.0 -3.0 53.0 13.0 3.0 0.0 0.0 3.0 6.0 -2.0 4.0 7.0 15.0 20.0 6.0 0.0 0.0 0.0 -1.0 0.0 0.0 25.0 42.0 13.0 12.0 1.0 0.0 0.0 0.0 3.0 0.0 1.0 22.0 42.0 24.0 
25_3_019_30
0.0 0.0 0.0 12.0 6.0 1.0 3.0 1.0 0.0 6.0 9.0 49.0 9.0 0.0 0.0 0.0 12.0 1.0 0.0 4.0 27.0 1.0 14.0 21.0 0.0 0.0 0.0 33.0 48.0 0.0 0.0 0.0 5.0 0.0 2.0 16.0 0.0 0.0 0.0 8.0 0.0 0.0 5.0 73.0 14.0 0.0 0.0 0.0 18.0 0.0 6.0 2.0 9.0 0.0 22.0 66.0 0.0 0.0 13.0 102.0 23.0 0.0 0.0 0.0 9.0 9.0 12.0 1.0 0.0 0.0 0.0 1.0 0.0 0.0 19.0 69.0 0.0 0.0 0.0 0.0 39.0 9.0 23.0 0.0 0.0 0.0 1.0 24.0 0.0 0.0 70.0 41.0 0.0 0.0 0.0 0.0 0.0 4.0 21.0 0.0 0.0 0.0 0.0 0.0 0.0 0.0 29.0 7.0 0.0 2.0 3.0 0.0 0.0 0.0 55.0 16.0 0.0 0.0 2.0 0.0 0.0 0.0 20.0 4.0 0.0 0.0 0.0 0.0 
25_3_019_31
0.0 0.0 0.0 10.0 34.0 0.0 0.0 0.0 7.0 0.0 0.0 18.0 65.0 1.0 1.0 9.0 84.0 19.0 6.0 3.0 0.0 0.0 0.0 11.0 0.0 1.0 16.0 102.0 12.0 0.0 0.0 0.0 18.0 4.0 4.0 6.0 7.0 0.0 0.0 2.0 0.0 0.0 2.0 52.0 40.0 0.0 0.0 0.0 23.0 5.0 0.0 27.0 31.0 0.0 3.0 10.0 0.0 5.0 20.0 77.0 0.0 0.0 0.0 2.0 18.0 10.0 3.0 1.0 0.0 0.0 0.0 1.0 0.0 0.0 26.0 19.0 0.0 0.0 0.0 0.0 0.0 0.0 9.0 56.0 0.0 0.0 7.0 15.0 0.0 0.0 5.0 92.0 0.0 0.0 3.0 6.0 1.0 1.0 0.0 2.0 0.0 0.0 2.0 2.0 0.0 0.0 22.0 16.0 0.0 0.0 0.0 0.0 0.0 0.0 1.0 13.0 2.0 2.0 20.0 7.0 0.0 0.0 15.0 80.0 1.0 0.0 0.0 0.0 
25_3_019_32
0.0 0.0 0.0 0.0 0.0 0.0 10.0 51.0 0.0 0.0 3.0 18.0 2.0 1.0 6.0 12.0 0.0 0.0 14.0 55.0 2.0 0.0 3.0 8.0 0.0 0.0 2.0 1.0 0.0 0.0 0.0 0.0 0.0 0.0 0.0 0.0 0.0 0.0 14.0 68.0 0.0 3.0 7.0 15.0 3.0 15.0 5.0 17.0 2.0 1.0 19.0 78.0 2.0 2.0 0.0 0.0 0.0 1.0 1.0 0.0 0.0 0.0 0.0 0.0 5.0 0.0 0.0 0.0 0.0 0.0 11.0 77.0 5.0 0.0 3.0 13.0 3.0 11.0 10.0 6.0 0.0 0.0 23.0 102.0 0.0 0.0 0.0 0.0 0.0 1.0 0.0 0.0 0.0 0.0 0.0 0.0 2.0 0.0 0.0 0.0 0.0 0.0 6.0 53.0 4.0 1.0 7.0 19.0 0.0 0.0 -8.0 23.0 0.0 0.0 16.0 61.0 0.0 0.0 0.0 0.0 1.0 0.0 0.0 0.0 0.0 0.0 0.0 0.0 
25_3_019_33
9.0 11.0 4.0 0.0 0.0 0.0 0.0 1.0 0.0 12.0 8.0 0.0 0.0 0.0 0.0 0.0 0.0 0.0 59.0 48.0 0.0 0.0 0.0 0.0 0.0 0.0 13.0 8.0 0.0 0.0 32.0 9.0 0.0 0.0 0.0 0.0 0.0 3.0 0.0 0.0 0.0 0.0 1.0 10.0 1.0 2.0 0.0 0.0 0.0 0.0 31.0 102.0 1.0 0.0 11.0 0.0 0.0 0.0 0.0 0.0 0.0 0.0 37.0 21.0 0.0 0.0 0.0 0.0 0.0 2.0 0.0 0.0 0.0 0.0 2.0 23.0 3.0 0.0 0.0 0.0 0.0 0.0 6.0 65.0 19.0 4.0 11.0 2.0 0.0 0.0 0.0 0.0 0.0 0.0 10.0 11.0 0.0 0.0 0.0 0.0 0.0 2.0 0.0 0.0 0.0 0.0 0.0 6.0 6.0 2.0 0.0 0.0 0.0 0.0 0.0 45.0 23.0 0.0 0.0 0.0 0.0 0.0 0.0 0.0 0.0 0.0 1.0 11.0 
25_3_019_34
0.0 0.0 17.0 81.0 58.0 26.0 18.0 0.0 0.0 0.0 0.0 8.0 23.0 41.0 96.0 11.0 18.0 10.0 2.0 0.0 0.0 0.0 -7.0 98.0 11.0 98.0 25.0 0.0 1.0 0.0 0.0 5.0 1.0 30.0 47.0 0.0 0.0 0.0 64.0 71.0 0.0 0.0 13.0 37.0 26.0 7.0 21.0 2.0 3.0 43.0 47.0 91.0 19.0 3.0 0.0 0.0 21.0 21.0 18.0 0.0 0.0 0.0 13.0 25.0 10.0 20.0 0.0 0.0 0.0 6.0 45.0 25.0 1.0 30.0 58.0 9.0 2.0 4.0 0.0 0.0 0.0 0.0 21.0 38.0 5.0 64.0 102.0 9.0 0.0 0.0 0.0 21.0 57.0 64.0 14.0 0.0 0.0 0.0 5.0 9.0 8.0 46.0 28.0 0.0 0.0 0.0 11.0 29.0 45.0 20.0 3.0 0.0 0.0 10.0 4.0 0.0 0.0 13.0 24.0 76.0 0.0 0.0 11.0 23.0 14.0 8.0 2.0 0.0 
25_3_019_35
0.0 0.0 2.0 31.0 4.0 0.0 1.0 1.0 0.0 0.0 0.0 7.0 20.0 11.0 17.0 3.0 0.0 1.0 17.0 76.0 25.0 0.0 0.0 0.0 17.0 0.0 20.0 23.0 0.0 0.0 -10.0 27.0 1.0 0.0 1.0 6.0 12.0 4.0 2.0 1.0 0.0 0.0 0.0 10.0 20.0 11.0 18.0 15.0 0.0 0.0 8.0 102.0 99.0 5.0 0.0 0.0 0.0 0.0 21.0 42.0 12.0 7.0 8.0 2.0 52.0 2.0 1.0 0.0 0.0 0.0 -2.0 -7.0 44.0 14.0 18.0 4.0 0.0 0.0 0.0 -18.0 0.0 0.0 31.0 59.0 32.0 0.0 0.0 0.0 0.0 0.0 0.0 1.0 41.0 25.0 40.0 9.0 31.0 0.0 0.0 0.0 0.0 25.0 3.0 -11.0 30.0 6.0 2.0 0.0 5.0 31.0 2.0 -13.0 0.0 1.0 9.0 9.0 9.0 5.0 1.0 0.0 15.0 1.0 3.0 17.0 22.0 2.0 0.0 -4.0 
25_3_019_36
0.0 0.0 0.0 0.0 0.0 0.0 2.0 55.0 0.0 0.0 0.0 3.0 3.0 8.0 14.0 1.0 0.0 0.0 1.0 78.0 1.0 0.0 0.0 0.0 0.0 0.0 0.0 0.0 0.0 0.0 0.0 0.0 0.0 0.0 0.0 0.0 0.0 0.0 -7.0 77.0 8.0 0.0 2.0 2.0 0.0 0.0 -8.0 21.0 0.0 0.0 3.0 102.0 0.0 0.0 0.0 0.0 1.0 0.0 0.0 0.0 0.0 0.0 0.0 0.0 0.0 0.0 0.0 0.0 0.0 0.0 -4.0 64.0 15.0 4.0 0.0 0.0 0.0 3.0 4.0 3.0 0.0 0.0 4.0 87.0 4.0 0.0 0.0 0.0 1.0 0.0 0.0 0.0 0.0 0.0 0.0 0.0 0.0 0.0 0.0 0.0 0.0 0.0 0.0 46.0 1.0 0.0 0.0 0.0 1.0 0.0 1.0 20.0 0.0 0.0 0.0 83.0 0.0 0.0 0.0 0.0 0.0 0.0 0.0 0.0 0.0 0.0 0.0 0.0 
25_3_019_37
0.0 1.0 6.0 10.0 3.0 6.0 0.0 0.0 0.0 2.0 4.0 11.0 7.0 16.0 0.0 0.0 1.0 15.0 28.0 5.0 0.0 0.0 0.0 0.0 40.0 12.0 0.0 0.0 0.0 0.0 -9.0 27.0 4.0 4.0 10.0 9.0 0.0 9.0 -1.0 21.0 0.0 7.0 100.0 30.0 1.0 0.0 0.0 0.0 0.0 29.0 33.0 2.0 0.0 0.0 1.0 19.0 8.0 0.0 0.0 0.0 0.0 0.0 6.0 59.0 4.0 26.0 42.0 8.0 0.0 0.0 0.0 0.0 0.0 35.0 52.0 43.0 0.0 0.0 0.0 0.0 4.0 38.0 12.0 0.0 0.0 2.0 18.0 11.0 5.0 12.0 2.0 0.0 0.0 0.0 71.0 68.0 1.0 1.0 11.0 11.0 5.0 4.0 1.0 3.0 0.0 0.0 4.0 12.0 38.0 57.0 0.0 0.0 0.0 1.0 0.0 0.0 0.0 32.0 102.0 4.0 3.0 1.0 0.0 0.0 0.0 2.0 66.0 14.0 
25_3_019_38
0.0 0.0 8.0 6.0 0.0 0.0 0.0 0.0 0.0 1.0 13.0 16.0 1.0 0.0 0.0 0.0 16.0 4.0 2.0 0.0 0.0 0.0 -11.0 25.0 11.0 1.0 0.0 0.0 0.0 0.0 -33.0 81.0 0.0 0.0 0.0 5.0 3.0 6.0 14.0 0.0 0.0 0.0 22.0 51.0 8.0 0.0 0.0 0.0 2.0 5.0 14.0 2.0 0.0 0.0 -10.0 30.0 4.0 2.0 13.0 0.0 0.0 0.0 -20.0 102.0 6.0 2.0 4.0 5.0 3.0 3.0 3.0 4.0 0.0 0.0 20.0 54.0 24.0 0.0 0.0 0.0 0.0 1.0 30.0 7.0 6.0 1.0 2.0 5.0 0.0 0.0 0.0 0.0 0.0 0.0 20.0 78.0 3.0 6.0 10.0 1.0 0.0 0.0 0.0 0.0 0.0 0.0 6.0 25.0 13.0 1.0 0.0 0.0 0.0 0.0 0.0 5.0 6.0 30.0 23.0 0.0 0.0 0.0 0.0 0.0 0.0 2.0 19.0 22.0 
25_3_019_39
0.0 0.0 0.0 0.0 0.0 0.0 2.0 62.0 3.0 1.0 0.0 9.0 5.0 9.0 4.0 3.0 0.0 0.0 2.0 74.0 3.0 0.0 0.0 0.0 0.0 1.0 0.0 0.0 0.0 0.0 0.0 0.0 0.0 0.0 0.0 0.0 0.0 0.0 2.0 83.0 5.0 0.0 3.0 28.0 3.0 1.0 9.0 22.0 0.0 0.0 9.0 95.0 3.0 0.0 0.0 0.0 0.0 1.0 2.0 0.0 0.0 0.0 0.0 0.0 0.0 0.0 0.0 2.0 0.0 0.0 1.0 81.0 14.0 0.0 6.0 16.0 5.0 8.0 9.0 8.0 0.0 0.0 10.0 102.0 1.0 0.0 0.0 0.0 0.0 1.0 1.0 0.0 0.0 0.0 0.0 0.0 0.0 0.0 0.0 1.0 2.0 1.0 5.0 67.0 0.0 0.0 0.0 16.0 6.0 9.0 20.0 1.0 0.0 0.0 5.0 94.0 0.0 0.0 0.0 0.0 0.0 1.0 0.0 0.0 0.0 0.0 0.0 0.0 
25_3_019_40
13.0 4.0 0.0 15.0 21.0 0.0 0.0 3.0 5.0 5.0 6.0 11.0 13.0 0.0 0.0 0.0 2.0 9.0 11.0 3.0 0.0 0.0 0.0 0.0 0.0 5.0 25.0 26.0 3.0 0.0 0.0 0.0 0.0 0.0 0.0 16.0 102.0 0.0 0.0 0.0 1.0 3.0 0.0 4.0 18.0 21.0 3.0 1.0 0.0 0.0 20.0 30.0 15.0 0.0 0.0 0.0 3.0 1.0 2.0 1.0 9.0 14.0 4.0 14.0 0.0 0.0 0.0 11.0 22.0 0.0 0.0 0.0 5.0 4.0 2.0 41.0 73.0 0.0 0.0 0.0 0.0 0.0 16.0 62.0 16.0 0.0 0.0 0.0 16.0 1.0 0.0 3.0 1.0 0.0 -31.0 81.0 0.0 0.0 1.0 1.0 0.0 0.0 0.0 0.0 0.0 0.0 0.0 10.0 56.0 5.0 0.0 0.0 0.0 0.0 0.0 0.0 42.0 83.0 6.0 0.0 5.0 0.0 0.0 1.0 95.0 29.0 -3.0 8.0 
25_3_019_41
0.0 0.0 0.0 0.0 5.0 5.0 1.0 0.0 0.0 0.0 0.0 30.0 11.0 1.0 0.0 0.0 14.0 1.0 3.0 7.0 4.0 0.0 -9.0 21.0 0.0 0.0 0.0 0.0 0.0 0.0 -2.0 43.0 0.0 0.0 0.0 4.0 3.0 3.0 5.0 0.0 0.0 0.0 7.0 63.0 3.0 0.0 0.0 0.0 2.0 0.0 0.0 3.0 23.0 7.0 0.0 12.0 0.0 0.0 0.0 2.0 1.0 0.0 -22.0 102.0 2.0 0.0 1.0 6.0 1.0 0.0 -5.0 11.0 0.0 0.0 1.0 29.0 32.0 2.0 0.0 0.0 0.0 0.0 1.0 13.0 8.0 5.0 3.0 14.0 0.0 0.0 0.0 8.0 10.0 3.0 -1.0 68.0 14.0 1.0 4.0 2.0 0.0 0.0 0.0 -4.0 7.0 2.0 15.0 17.0 0.0 0.0 0.0 -3.0 2.0 0.0 5.0 5.0 0.0 0.0 0.0 17.0 0.0 0.0 0.0 0.0 1.0 4.0 43.0 14.0 
25_3_019_42
0.0 0.0 0.0 0.0 0.0 1.0 40.0 10.0 -1.0 4.0 0.0 0.0 0.0 3.0 34.0 13.0 3.0 0.0 17.0 33.0 15.0 0.0 -2.0 3.0 38.0 3.0 2.0 10.0 4.0 0.0 0.0 -14.0 0.0 0.0 0.0 0.0 0.0 4.0 43.0 26.0 0.0 0.0 60.0 30.0 3.0 4.0 10.0 0.0 13.0 20.0 56.0 6.0 0.0 0.0 0.0 -7.0 13.0 18.0 1.0 3.0 6.0 11.0 0.0 -8.0 102.0 0.0 0.0 0.0 0.0 0.0 -3.0 -21.0 40.0 12.0 20.0 72.0 1.0 0.0 0.0 -19.0 12.0 12.0 10.0 17.0 0.0 0.0 -3.0 24.0 0.0 0.0 0.0 0.0 1.0 24.0 24.0 6.0 2.0 0.0 0.0 0.0 0.0 3.0 -17.0 70.0 4.0 3.0 1.0 2.0 9.0 35.0 3.0 -1.0 0.0 0.0 0.0 4.0 40.0 16.0 14.0 28.0 5.0 0.0 2.0 1.0 8.0 7.0 -6.0 58.0 
25_3_019_43
0.0 0.0 0.0 0.0 0.0 2.0 7.0 37.0 3.0 0.0 0.0 18.0 29.0 6.0 0.0 0.0 -6.0 36.0 4.0 13.0 2.0 1.0 0.0 -2.0 -5.0 11.0 4.0 6.0 3.0 10.0 9.0 0.0 0.0 0.0 0.0 0.0 0.0 0.0 18.0 47.0 0.0 0.0 22.0 67.0 2.0 0.0 3.0 2.0 -1.0 22.0 10.0 8.0 1.0 1.0 -1.0 0.0 0.0 0.0 0.0 0.0 0.0 5.0 17.0 12.0 15.0 0.0 0.0 0.0 0.0 0.0 -2.0 44.0 -4.0 22.0 6.0 46.0 23.0 0.0 0.0 0.0 3.0 11.0 4.0 29.0 33.0 9.0 0.0 -2.0 7.0 0.0 0.0 0.0 0.0 3.0 -12.0 102.0 11.0 35.0 0.0 0.0 0.0 0.0 -5.0 5.0 -2.0 46.0 0.0 0.0 0.0 0.0 3.0 2.0 0.0 0.0 1.0 2.0 2.0 27.0 18.0 0.0 4.0 0.0 0.0 1.0 14.0 21.0 0.0 2.0 
25_3_019_44
0.0 0.0 0.0 0.0 0.0 0.0 0.0 4.0 0.0 0.0 0.0 76.0 17.0 0.0 0.0 0.0 0.0 -1.0 4.0 17.0 13.0 1.0 0.0 0.0 0.0 0.0 0.0 0.0 0.0 3.0 10.0 8.0 1.0 0.0 0.0 0.0 0.0 0.0 -1.0 4.0 0.0 0.0 19.0 92.0 0.0 0.0 0.0 0.0 0.0 0.0 5.0 13.0 9.0 7.0 2.0 2.0 0.0 0.0 2.0 0.0 1.0 1.0 0.0 12.0 0.0 0.0 0.0 0.0 0.0 0.0 -1.0 3.0 0.0 0.0 3.0 102.0 8.0 0.0 0.0 0.0 0.0 -2.0 10.0 15.0 4.0 0.0 0.0 6.0 0.0 -1.0 5.0 2.0 0.0 0.0 -3.0 15.0 4.0 0.0 0.0 0.0 0.0 0.0 0.0 0.0 0.0 0.0 1.0 50.0 19.0 0.0 0.0 0.0 0.0 0.0 0.0 26.0 11.0 0.0 0.0 0.0 0.0 0.0 0.0 2.0 0.0 0.0 0.0 10.0 
25_3_019_45
15.0 17.0 14.0 2.0 0.0 0.0 3.0 5.0 0.0 0.0 2.0 29.0 18.0 12.0 19.0 0.0 0.0 0.0 1.0 48.0 19.0 25.0 68.0 30.0 0.0 0.0 3.0 14.0 34.0 10.0 8.0 2.0 26.0 0.0 3.0 2.0 1.0 0.0 6.0 40.0 12.0 3.0 0.0 12.0 9.0 0.0 4.0 11.0 44.0 15.0 7.0 63.0 22.0 3.0 1.0 50.0 12.0 17.0 30.0 58.0 12.0 0.0 0.0 0.0 58.0 9.0 18.0 10.0 3.0 3.0 8.0 24.0 25.0 49.0 1.0 0.0 5.0 3.0 5.0 0.0 9.0 26.0 27.0 102.0 27.0 0.0 0.0 0.0 48.0 40.0 2.0 0.0 1.0 2.0 0.0 9.0 0.0 0.0 0.0 0.0 4.0 11.0 44.0 34.0 0.0 0.0 0.0 0.0 56.0 22.0 21.0 4.0 0.0 0.0 1.0 10.0 67.0 12.0 0.0 0.0 2.0 0.0 0.0 1.0 35.0 8.0 9.0 9.0 
25_3_019_46
0.0 0.0 0.0 0.0 0.0 0.0 -2.0 54.0 1.0 1.0 0.0 0.0 0.0 2.0 0.0 11.0 0.0 0.0 1.0 77.0 0.0 0.0 0.0 0.0 0.0 0.0 1.0 0.0 0.0 0.0 0.0 0.0 0.0 0.0 0.0 0.0 0.0 0.0 -7.0 67.0 5.0 0.0 0.0 0.0 0.0 1.0 -4.0 27.0 0.0 0.0 2.0 102.0 0.0 0.0 0.0 0.0 0.0 0.0 1.0 0.0 0.0 0.0 0.0 0.0 0.0 0.0 0.0 0.0 0.0 0.0 -1.0 61.0 11.0 5.0 1.0 0.0 0.0 0.0 -2.0 10.0 0.0 0.0 13.0 82.0 0.0 0.0 0.0 0.0 0.0 0.0 1.0 0.0 0.0 0.0 0.0 0.0 30.0 1.0 0.0 0.0 0.0 0.0 -8.0 6.0 42.0 41.0 2.0 0.0 0.0 0.0 0.0 -20.0 0.0 8.0 21.0 4.0 0.0 0.0 0.0 0.0 0.0 0.0 0.0 0.0 0.0 0.0 0.0 0.0 
25_3_019_47
0.0 0.0 0.0 0.0 0.0 10.0 26.0 1.0 0.0 0.0 3.0 2.0 2.0 36.0 39.0 12.0 0.0 0.0 32.0 79.0 8.0 12.0 0.0 0.0 0.0 9.0 32.0 37.0 3.0 0.0 0.0 0.0 2.0 3.0 4.0 0.0 0.0 0.0 7.0 5.0 33.0 44.0 28.0 0.0 0.0 0.0 0.0 8.0 0.0 0.0 31.0 102.0 2.0 1.0 0.0 0.0 0.0 0.0 13.0 95.0 35.0 4.0 2.0 0.0 9.0 3.0 17.0 31.0 0.0 0.0 0.0 2.0 20.0 63.0 22.0 18.0 0.0 0.0 0.0 5.0 6.0 11.0 28.0 9.0 0.0 1.0 25.0 15.0 0.0 0.0 0.0 21.0 96.0 5.0 15.0 5.0 5.0 4.0 5.0 5.0 0.0 3.0 9.0 12.0 2.0 0.0 0.0 40.0 79.0 16.0 1.0 6.0 49.0 5.0 1.0 2.0 0.0 0.0 2.0 39.0 15.0 20.0 2.0 5.0 7.0 0.0 0.0 4.0 
25_3_019_48
0.0 0.0 4.0 7.0 0.0 0.0 0.0 0.0 1.0 1.0 18.0 24.0 3.0 0.0 0.0 0.0 1.0 15.0 19.0 0.0 0.0 0.0 0.0 0.0 3.0 7.0 2.0 0.0 0.0 0.0 0.0 0.0 0.0 0.0 0.0 2.0 2.0 0.0 0.0 0.0 0.0 0.0 8.0 63.0 26.0 0.0 0.0 0.0 0.0 2.0 13.0 3.0 0.0 0.0 9.0 10.0 0.0 0.0 0.0 1.0 4.0 4.0 12.0 1.0 0.0 0.0 0.0 0.0 0.0 0.0 0.0 0.0 0.0 0.0 7.0 102.0 0.0 0.0 0.0 0.0 1.0 0.0 0.0 1.0 1.0 0.0 15.0 30.0 0.0 0.0 0.0 1.0 4.0 1.0 3.0 0.0 0.0 0.0 0.0 0.0 0.0 0.0 0.0 0.0 0.0 0.0 11.0 84.0 0.0 0.0 0.0 0.0 4.0 0.0 0.0 0.0 0.0 0.0 0.0 41.0 0.0 0.0 0.0 0.0 0.0 0.0 0.0 2.0 
25_3_019_49
0.0 0.0 0.0 0.0 0.0 0.0 23.0 63.0 0.0 0.0 0.0 6.0 9.0 7.0 1.0 0.0 0.0 0.0 11.0 69.0 4.0 0.0 0.0 0.0 0.0 0.0 0.0 3.0 0.0 0.0 0.0 0.0 0.0 0.0 0.0 0.0 0.0 0.0 27.0 90.0 0.0 0.0 3.0 9.0 29.0 2.0 0.0 0.0 0.0 0.0 15.0 97.0 5.0 0.0 0.0 0.0 0.0 0.0 0.0 1.0 0.0 0.0 1.0 0.0 5.0 3.0 6.0 0.0 0.0 0.0 16.0 77.0 7.0 12.0 27.0 3.0 0.0 0.0 0.0 2.0 0.0 0.0 24.0 102.0 0.0 0.0 0.0 0.0 0.0 0.0 0.0 0.0 0.0 0.0 1.0 0.0 1.0 4.0 5.0 5.0 7.0 0.0 10.0 29.0 2.0 4.0 5.0 18.0 0.0 0.0 7.0 16.0 0.0 0.0 13.0 58.0 0.0 0.0 0.0 0.0 0.0 0.0 0.0 0.0 0.0 0.0 0.0 0.0 
25_3_019_50
0.0 3.0 26.0 6.0 0.0 13.0 11.0 0.0 5.0 3.0 1.0 5.0 10.0 12.0 2.0 1.0 5.0 27.0 18.0 8.0 0.0 0.0 2.0 21.0 2.0 2.0 0.0 0.0 0.0 14.0 20.0 16.0 0.0 0.0 0.0 2.0 2.0 16.0 56.0 1.0 0.0 0.0 21.0 99.0 52.0 35.0 8.0 0.0 0.0 7.0 15.0 3.0 0.0 3.0 70.0 55.0 0.0 0.0 0.0 0.0 0.0 3.0 5.0 78.0 0.0 15.0 46.0 0.0 0.0 6.0 87.0 48.0 0.0 8.0 77.0 95.0 24.0 29.0 29.0 0.0 0.0 0.0 0.0 23.0 23.0 44.0 102.0 2.0 0.0 0.0 0.0 0.0 3.0 0.0 15.0 64.0 16.0 77.0 21.0 0.0 0.0 13.0 57.0 13.0 0.0 0.0 8.0 0.0 0.0 1.0 89.0 19.0 0.0 1.0 12.0 38.0 16.0 3.0 0.0 0.0 6.0 26.0 17.0 11.0 5.0 0.0 -4.0 16.0 
25_3_019_51
0.0 0.0 0.0 6.0 5.0 2.0 1.0 0.0 0.0 0.0 4.0 18.0 3.0 0.0 0.0 0.0 0.0 2.0 18.0 2.0 0.0 0.0 5.0 4.0 4.0 1.0 0.0 0.0 0.0 4.0 19.0 1.0 3.0 0.0 0.0 7.0 10.0 1.0 1.0 12.0 0.0 0.0 28.0 52.0 7.0 0.0 0.0 0.0 32.0 19.0 4.0 1.0 0.0 0.0 1.0 9.0 22.0 16.0 0.0 0.0 0.0 0.0 0.0 4.0 11.0 0.0 4.0 2.0 5.0 2.0 2.0 42.0 0.0 0.0 12.0 102.0 15.0 6.0 0.0 0.0 10.0 4.0 0.0 0.0 17.0 21.0 2.0 1.0 24.0 5.0 11.0 0.0 2.0 11.0 2.0 2.0 0.0 0.0 0.0 1.0 8.0 10.0 22.0 0.0 0.0 0.0 0.0 3.0 49.0 39.0 0.0 0.0 0.0 2.0 5.0 31.0 40.0 3.0 0.0 0.0 4.0 39.0 4.0 2.0 0.0 6.0 3.0 0.0 
25_3_019_52
0.0 0.0 0.0 0.0 0.0 0.0 0.0 0.0 0.0 0.0 1.0 2.0 0.0 0.0 0.0 0.0 0.0 0.0 40.0 46.0 0.0 0.0 0.0 0.0 0.0 0.0 4.0 3.0 0.0 0.0 2.0 5.0 0.0 0.0 0.0 0.0 0.0 0.0 0.0 0.0 0.0 0.0 3.0 16.0 0.0 0.0 0.0 0.0 0.0 0.0 27.0 85.0 0.0 0.0 0.0 0.0 0.0 0.0 0.0 0.0 0.0 0.0 3.0 18.0 0.0 2.0 0.0 0.0 0.0 0.0 0.0 0.0 0.0 1.0 1.0 19.0 1.0 0.0 0.0 0.0 0.0 0.0 7.0 102.0 2.0 0.0 0.0 0.0 5.0 0.0 0.0 0.0 0.0 0.0 0.0 16.0 1.0 1.0 0.0 0.0 0.0 0.0 0.0 0.0 0.0 0.0 1.0 12.0 0.0 0.0 0.0 0.0 0.0 0.0 0.0 74.0 13.0 0.0 0.0 0.0 6.0 0.0 0.0 0.0 0.0 0.0 0.0 5.0 
25_3_019_53
4.0 0.0 0.0 0.0 0.0 0.0 -1.0 39.0 5.0 0.0 1.0 2.0 0.0 0.0 -1.0 30.0 0.0 0.0 3.0 98.0 0.0 0.0 0.0 0.0 0.0 0.0 1.0 0.0 0.0 0.0 0.0 0.0 0.0 0.0 0.0 0.0 1.0 0.0 6.0 50.0 25.0 4.0 0.0 2.0 1.0 4.0 11.0 -4.0 0.0 0.0 10.0 102.0 2.0 0.0 0.0 0.0 0.0 0.0 1.0 0.0 0.0 0.0 0.0 0.0 59.0 28.0 2.0 0.0 0.0 0.0 -10.0 2.0 99.0 63.0 3.0 0.0 0.0 0.0 0.0 -46.0 0.0 17.0 39.0 11.0 0.0 0.0 0.0 0.0 0.0 0.0 0.0 0.0 0.0 0.0 0.0 0.0 0.0 0.0 0.0 1.0 0.0 0.0 0.0 0.0 0.0 0.0 0.0 0.0 0.0 0.0 0.0 0.0 0.0 0.0 0.0 0.0 0.0 0.0 0.0 0.0 0.0 0.0 0.0 0.0 0.0 0.0 0.0 0.0 
25_3_019_54
0.0 0.0 0.0 0.0 1.0 0.0 0.0 0.0 0.0 0.0 0.0 0.0 1.0 0.0 0.0 0.0 0.0 0.0 0.0 0.0 0.0 0.0 0.0 0.0 0.0 0.0 0.0 0.0 0.0 0.0 0.0 0.0 0.0 0.0 0.0 0.0 5.0 102.0 0.0 0.0 0.0 0.0 0.0 0.0 11.0 101.0 1.0 0.0 0.0 0.0 0.0 17.0 38.0 10.0 0.0 0.0 0.0 0.0 0.0 0.0 0.0 0.0 0.0 0.0 24.0 18.0 5.0 0.0 1.0 1.0 -2.0 -9.0 9.0 -5.0 24.0 4.0 0.0 2.0 -4.0 14.0 0.0 -45.0 98.0 63.0 2.0 0.0 0.0 0.0 0.0 0.0 0.0 0.0 0.0 0.0 0.0 0.0 37.0 19.0 3.0 0.0 0.0 0.0 0.0 -17.0 85.0 9.0 0.0 0.0 0.0 0.0 1.0 -38.0 -10.0 2.0 57.0 24.0 2.0 0.0 0.0 0.0 0.0 0.0 0.0 0.0 0.0 1.0 0.0 0.0 
25_3_019_55
0.0 0.0 0.0 1.0 8.0 19.0 12.0 0.0 0.0 0.0 0.0 2.0 8.0 6.0 4.0 7.0 35.0 3.0 0.0 2.0 1.0 0.0 11.0 11.0 0.0 0.0 0.0 11.0 1.0 2.0 43.0 47.0 0.0 -4.0 13.0 13.0 5.0 6.0 2.0 0.0 0.0 -5.0 14.0 7.0 1.0 4.0 30.0 14.0 4.0 2.0 5.0 24.0 19.0 8.0 -10.0 46.0 0.0 0.0 0.0 0.0 0.0 0.0 43.0 102.0 -1.0 -17.0 60.0 1.0 1.0 0.0 0.0 0.0 0.0 4.0 7.0 0.0 0.0 0.0 14.0 67.0 0.0 -2.0 16.0 54.0 4.0 1.0 40.0 30.0 0.0 0.0 0.0 0.0 0.0 0.0 44.0 83.0 0.0 -7.0 37.0 0.0 0.0 0.0 0.0 0.0 -5.0 10.0 0.0 2.0 0.0 4.0 15.0 39.0 0.0 0.0 3.0 0.0 0.0 18.0 57.0 32.0 0.0 0.0 0.0 0.0 0.0 0.0 28.0 23.0 
25_3_019_56
0.0 0.0 0.0 11.0 1.0 0.0 0.0 0.0 0.0 0.0 0.0 9.0 3.0 0.0 0.0 0.0 0.0 0.0 0.0 63.0 7.0 0.0 0.0 0.0 0.0 0.0 0.0 0.0 0.0 0.0 36.0 93.0 0.0 0.0 0.0 15.0 1.0 0.0 0.0 0.0 0.0 0.0 0.0 12.0 2.0 0.0 0.0 0.0 0.0 0.0 7.0 66.0 2.0 1.0 7.0 1.0 0.0 0.0 0.0 0.0 0.0 0.0 68.0 102.0 0.0 0.0 1.0 16.0 1.0 0.0 0.0 0.0 0.0 0.0 1.0 19.0 1.0 0.0 0.0 0.0 0.0 0.0 3.0 35.0 2.0 2.0 47.0 29.0 0.0 0.0 0.0 0.0 0.0 0.0 44.0 53.0 0.0 0.0 6.0 6.0 0.0 0.0 0.0 0.0 0.0 0.0 0.0 5.0 3.0 3.0 10.0 0.0 0.0 0.0 0.0 0.0 3.0 12.0 99.0 8.0 0.0 0.0 0.0 0.0 0.0 0.0 12.0 4.0 
25_3_019_57
0.0 0.0 2.0 1.0 0.0 0.0 6.0 30.0 11.0 3.0 14.0 2.0 0.0 0.0 0.0 13.0 6.0 4.0 33.0 12.0 0.0 0.0 4.0 5.0 8.0 17.0 16.0 2.0 0.0 0.0 7.0 15.0 0.0 0.0 0.0 1.0 2.0 8.0 30.0 3.0 1.0 6.0 9.0 0.0 1.0 20.0 21.0 6.0 8.0 12.0 14.0 39.0 60.0 2.0 3.0 0.0 12.0 7.0 0.0 0.0 0.0 1.0 18.0 24.0 0.0 22.0 18.0 5.0 2.0 0.0 0.0 0.0 54.0 14.0 0.0 0.0 0.0 0.0 0.0 27.0 0.0 4.0 57.0 102.0 0.0 0.0 0.0 0.0 34.0 3.0 0.0 0.0 0.0 0.0 2.0 49.0 8.0 27.0 7.0 0.0 0.0 0.0 0.0 0.0 15.0 46.0 4.0 3.0 0.0 0.0 0.0 0.0 0.0 29.0 73.0 18.0 9.0 8.0 0.0 0.0 44.0 3.0 0.0 0.0 0.0 3.0 15.0 30.0 
25_3_019_58
5.0 6.0 1.0 0.0 1.0 2.0 11.0 23.0 23.0 9.0 4.0 0.0 0.0 0.0 -1.0 34.0 16.0 52.0 16.0 0.0 0.0 0.0 2.0 19.0 0.0 3.0 9.0 0.0 0.0 3.0 23.0 9.0 0.0 0.0 0.0 18.0 42.0 21.0 6.0 0.0 0.0 2.0 16.0 32.0 4.0 2.0 5.0 1.0 12.0 8.0 0.0 0.0 0.0 0.0 -3.0 102.0 0.0 26.0 50.0 8.0 0.0 0.0 0.0 2.0 0.0 0.0 2.0 32.0 36.0 5.0 0.0 0.0 0.0 0.0 0.0 55.0 38.0 2.0 0.0 0.0 18.0 76.0 26.0 12.0 0.0 0.0 -10.0 25.0 6.0 95.0 29.0 0.0 0.0 0.0 0.0 2.0 1.0 0.0 0.0 0.0 20.0 13.0 5.0 2.0 0.0 0.0 0.0 13.0 81.0 25.0 0.0 0.0 0.0 4.0 6.0 45.0 98.0 15.0 9.0 0.0 0.0 0.0 0.0 1.0 4.0 32.0 30.0 9.0 
25_3_019_59
0.0 10.0 19.0 0.0 18.0 17.0 9.0 3.0 5.0 19.0 5.0 0.0 13.0 37.0 0.0 0.0 54.0 0.0 0.0 0.0 0.0 1.0 13.0 102.0 31.0 7.0 1.0 3.0 2.0 0.0 0.0 3.0 0.0 0.0 0.0 0.0 7.0 54.0 21.0 6.0 0.0 0.0 0.0 26.0 44.0 46.0 0.0 0.0 6.0 0.0 0.0 0.0 0.0 7.0 19.0 59.0 42.0 0.0 0.0 0.0 0.0 0.0 0.0 17.0 0.0 5.0 30.0 5.0 2.0 7.0 1.0 0.0 0.0 0.0 34.0 34.0 5.0 5.0 6.0 0.0 2.0 8.0 0.0 0.0 0.0 0.0 22.0 17.0 7.0 0.0 0.0 0.0 0.0 0.0 16.0 47.0 0.0 0.0 1.0 2.0 13.0 45.0 7.0 0.0 0.0 0.0 2.0 20.0 34.0 12.0 0.0 0.0 3.0 4.0 13.0 7.0 1.0 0.0 0.0 0.0 55.0 25.0 10.0 2.0 0.0 0.0 0.0 11.0 
25_3_019_60
0.0 2.0 6.0 5.0 8.0 21.0 1.0 0.0 0.0 0.0 10.0 5.0 40.0 48.0 0.0 0.0 1.0 11.0 8.0 0.0 38.0 69.0 3.0 0.0 17.0 2.0 0.0 0.0 2.0 76.0 11.0 -6.0 0.0 0.0 3.0 13.0 9.0 9.0 0.0 0.0 0.0 6.0 39.0 39.0 3.0 0.0 0.0 0.0 10.0 6.0 3.0 5.0 1.0 5.0 -1.0 66.0 0.0 0.0 0.0 0.0 4.0 41.0 4.0 9.0 0.0 0.0 0.0 13.0 32.0 27.0 3.0 0.0 0.0 0.0 59.0 100.0 5.0 0.0 0.0 0.0 74.0 22.0 14.0 0.0 0.0 0.0 -48.0 102.0 36.0 0.0 0.0 0.0 0.0 0.0 -11.0 42.0 0.0 0.0 70.0 37.0 0.0 1.0 0.0 0.0 0.0 0.0 54.0 57.0 15.0 1.0 3.0 1.0 0.0 3.0 6.0 24.0 17.0 0.0 -4.0 87.0 0.0 0.0 0.0 0.0 0.0 7.0 33.0 73.0 
25_3_019_61
8.0 1.0 1.0 0.0 0.0 4.0 18.0 26.0 0.0 0.0 9.0 18.0 6.0 5.0 2.0 0.0 0.0 6.0 35.0 6.0 2.0 3.0 1.0 0.0 0.0 0.0 16.0 43.0 6.0 0.0 0.0 0.0 0.0 0.0 0.0 0.0 0.0 3.0 22.0 15.0 0.0 0.0 10.0 76.0 10.0 0.0 0.0 0.0 0.0 0.0 2.0 4.0 10.0 16.0 26.0 15.0 0.0 0.0 11.0 51.0 64.0 1.0 0.0 0.0 1.0 3.0 3.0 2.0 1.0 0.0 0.0 0.0 0.0 1.0 6.0 28.0 34.0 5.0 0.0 0.0 0.0 0.0 0.0 8.0 10.0 0.0 49.0 38.0 0.0 0.0 3.0 102.0 74.0 2.0 0.0 0.0 9.0 4.0 4.0 0.0 0.0 0.0 -5.0 11.0 3.0 1.0 4.0 4.0 14.0 4.0 1.0 15.0 32.0 2.0 3.0 1.0 3.0 10.0 7.0 20.0 0.0 5.0 28.0 55.0 35.0 1.0 0.0 0.0 
25_3_019_62
1.0 0.0 0.0 0.0 9.0 33.0 15.0 5.0 7.0 9.0 3.0 3.0 2.0 2.0 5.0 7.0 0.0 1.0 4.0 5.0 5.0 2.0 2.0 1.0 1.0 1.0 0.0 0.0 0.0 0.0 6.0 4.0 52.0 24.0 6.0 4.0 0.0 0.0 0.0 6.0 5.0 13.0 10.0 47.0 6.0 0.0 0.0 0.0 33.0 3.0 0.0 0.0 0.0 2.0 1.0 22.0 1.0 0.0 8.0 11.0 3.0 0.0 0.0 0.0 102.0 8.0 0.0 0.0 0.0 0.0 2.0 45.0 11.0 22.0 20.0 36.0 1.0 0.0 0.0 0.0 40.0 0.0 0.0 0.0 0.0 0.0 1.0 36.0 4.0 5.0 12.0 17.0 0.0 0.0 0.0 0.0 30.0 6.0 0.0 0.0 2.0 0.0 4.0 22.0 24.0 10.0 0.0 0.0 0.0 0.0 0.0 25.0 1.0 1.0 1.0 0.0 0.0 0.0 17.0 25.0 2.0 1.0 2.0 0.0 0.0 0.0 7.0 8.0 
25_3_019_63
30.0 20.0 3.0 2.0 0.0 0.0 0.0 3.0 0.0 0.0 0.0 8.0 2.0 4.0 9.0 14.0 0.0 0.0 31.0 37.0 0.0 0.0 0.0 0.0 0.0 0.0 15.0 27.0 4.0 3.0 3.0 0.0 8.0 0.0 0.0 0.0 27.0 69.0 10.0 8.0 3.0 0.0 0.0 2.0 5.0 14.0 23.0 35.0 0.0 0.0 0.0 83.0 51.0 9.0 0.0 0.0 0.0 0.0 0.0 11.0 17.0 8.0 4.0 0.0 0.0 0.0 2.0 42.0 32.0 21.0 0.0 0.0 9.0 26.0 13.0 13.0 3.0 0.0 1.0 13.0 0.0 4.0 33.0 42.0 16.0 0.0 0.0 0.0 0.0 0.0 18.0 52.0 18.0 0.0 0.0 0.0 0.0 0.0 21.0 74.0 0.0 0.0 0.0 0.0 1.0 3.0 11.0 14.0 4.0 4.0 7.0 0.0 0.0 0.0 14.0 19.0 0.0 0.0 3.0 2.0 0.0 0.0 23.0 102.0 0.0 0.0 0.0 0.0 
25_3_019_64
1.0 8.0 13.0 10.0 4.0 2.0 0.0 21.0 20.0 11.0 0.0 0.0 0.0 9.0 4.0 22.0 0.0 0.0 0.0 86.0 5.0 0.0 0.0 0.0 0.0 0.0 0.0 0.0 0.0 2.0 0.0 0.0 4.0 5.0 3.0 10.0 3.0 2.0 3.0 26.0 3.0 5.0 4.0 0.0 5.0 6.0 12.0 38.0 0.0 0.0 7.0 102.0 2.0 0.0 0.0 0.0 0.0 0.0 0.0 0.0 0.0 1.0 0.0 0.0 13.0 25.0 7.0 0.0 0.0 0.0 0.0 2.0 11.0 61.0 0.0 0.0 0.0 0.0 0.0 1.0 0.0 11.0 33.0 7.0 0.0 0.0 0.0 0.0 0.0 16.0 39.0 0.0 0.0 0.0 0.0 0.0 0.0 0.0 0.0 0.0 0.0 0.0 0.0 0.0 0.0 0.0 4.0 0.0 0.0 0.0 0.0 0.0 0.0 5.0 83.0 0.0 0.0 0.0 0.0 0.0 0.0 7.0 46.0 0.0 0.0 3.0 6.0 0.0 
25_3_019_65
0.0 0.0 3.0 71.0 8.0 0.0 0.0 0.0 13.0 13.0 56.0 19.0 0.0 0.0 0.0 7.0 50.0 17.0 49.0 20.0 0.0 0.0 1.0 100.0 14.0 36.0 66.0 6.0 0.0 0.0 4.0 18.0 0.0 6.0 12.0 61.0 18.0 0.0 0.0 0.0 0.0 0.0 26.0 102.0 9.0 0.0 0.0 0.0 11.0 0.0 0.0 12.0 5.0 1.0 34.0 54.0 17.0 28.0 5.0 0.0 0.0 0.0 0.0 7.0 3.0 59.0 20.0 1.0 0.0 0.0 0.0 0.0 0.0 2.0 15.0 47.0 18.0 17.0 0.0 0.0 0.0 0.0 0.0 0.0 0.0 32.0 29.0 5.0 0.0 5.0 3.0 2.0 10.0 6.0 7.0 3.0 17.0 3.0 0.0 0.0 1.0 1.0 1.0 10.0 13.0 11.0 9.0 6.0 8.0 13.0 6.0 4.0 1.0 16.0 20.0 10.0 0.0 0.0 0.0 0.0 7.0 12.0 1.0 0.0 0.0 0.0 0.0 2.0 
25_3_019_66
0.0 3.0 0.0 0.0 0.0 0.0 0.0 0.0 0.0 1.0 1.0 10.0 1.0 0.0 0.0 0.0 0.0 0.0 4.0 83.0 15.0 0.0 0.0 0.0 5.0 6.0 3.0 0.0 7.0 5.0 0.0 3.0 0.0 0.0 0.0 0.0 0.0 0.0 0.0 0.0 1.0 0.0 3.0 16.0 0.0 0.0 0.0 0.0 3.0 0.0 17.0 102.0 0.0 0.0 0.0 8.0 2.0 0.0 11.0 16.0 6.0 6.0 1.0 3.0 0.0 1.0 0.0 0.0 0.0 0.0 0.0 0.0 0.0 0.0 5.0 20.0 0.0 0.0 0.0 0.0 4.0 0.0 16.0 95.0 10.0 0.0 0.0 6.0 2.0 4.0 53.0 11.0 0.0 0.0 0.0 0.0 0.0 2.0 0.0 0.0 0.0 0.0 0.0 0.0 0.0 1.0 1.0 5.0 1.0 0.0 0.0 0.0 0.0 0.0 0.0 12.0 62.0 25.0 0.0 0.0 0.0 1.0 7.0 52.0 39.0 3.0 0.0 0.0 
25_3_019_67
0.0 0.0 3.0 4.0 0.0 0.0 0.0 1.0 -35.0 102.0 34.0 11.0 0.0 0.0 0.0 0.0 -9.0 40.0 34.0 24.0 0.0 0.0 0.0 -2.0 1.0 0.0 0.0 0.0 0.0 0.0 7.0 14.0 0.0 0.0 20.0 35.0 0.0 0.0 0.0 0.0 -2.0 4.0 25.0 52.0 2.0 2.0 8.0 1.0 0.0 -1.0 17.0 31.0 2.0 0.0 2.0 0.0 0.0 0.0 0.0 0.0 0.0 0.0 15.0 25.0 0.0 0.0 19.0 65.0 0.0 0.0 0.0 0.0 -4.0 10.0 6.0 24.0 1.0 2.0 1.0 0.0 0.0 0.0 2.0 23.0 5.0 2.0 13.0 2.0 0.0 0.0 0.0 3.0 3.0 1.0 13.0 3.0 -1.0 3.0 41.0 30.0 0.0 0.0 0.0 0.0 0.0 0.0 2.0 6.0 7.0 5.0 2.0 2.0 0.0 0.0 0.0 1.0 4.0 2.0 7.0 3.0 0.0 0.0 0.0 0.0 2.0 2.0 3.0 1.0 
25_3_019_68
0.0 0.0 2.0 27.0 7.0 0.0 2.0 44.0 19.0 6.0 0.0 3.0 11.0 21.0 10.0 11.0 0.0 0.0 7.0 65.0 1.0 0.0 0.0 1.0 2.0 0.0 0.0 0.0 0.0 0.0 0.0 0.0 0.0 0.0 5.0 23.0 2.0 0.0 3.0 50.0 10.0 2.0 1.0 0.0 0.0 5.0 4.0 16.0 0.0 0.0 6.0 99.0 2.0 0.0 0.0 0.0 0.0 0.0 0.0 0.0 0.0 0.0 0.0 0.0 0.0 0.0 2.0 28.0 1.0 0.0 2.0 39.0 10.0 0.0 3.0 15.0 0.0 0.0 1.0 53.0 0.0 0.0 12.0 102.0 0.0 0.0 0.0 0.0 0.0 0.0 1.0 0.0 0.0 0.0 0.0 0.0 0.0 0.0 8.0 16.0 3.0 0.0 1.0 22.0 23.0 4.0 7.0 3.0 4.0 4.0 11.0 10.0 0.0 0.0 11.0 86.0 0.0 0.0 0.0 0.0 1.0 0.0 0.0 0.0 0.0 0.0 0.0 0.0 
25_3_019_69
3.0 7.0 11.0 0.0 0.0 4.0 0.0 2.0 5.0 12.0 20.0 18.0 11.0 0.0 0.0 3.0 20.0 23.0 6.0 0.0 0.0 0.0 3.0 11.0 0.0 0.0 6.0 2.0 1.0 7.0 23.0 0.0 15.0 0.0 0.0 0.0 0.0 6.0 21.0 22.0 0.0 0.0 15.0 81.0 47.0 7.0 0.0 0.0 14.0 0.0 0.0 0.0 0.0 0.0 18.0 56.0 2.0 0.0 0.0 0.0 0.0 1.0 8.0 12.0 42.0 36.0 0.0 0.0 0.0 0.0 0.0 4.0 0.0 31.0 102.0 46.0 0.0 0.0 0.0 0.0 97.0 9.0 0.0 0.0 0.0 0.0 0.0 33.0 27.0 23.0 0.0 0.0 0.0 0.0 0.0 6.0 3.0 6.0 4.0 6.0 1.0 0.0 0.0 0.0 0.0 3.0 8.0 20.0 16.0 6.0 0.0 0.0 0.0 0.0 0.0 0.0 0.0 6.0 52.0 47.0 5.0 3.0 0.0 0.0 23.0 9.0 0.0 0.0 
25_3_019_70
0.0 0.0 0.0 0.0 0.0 0.0 0.0 1.0 -7.0 17.0 0.0 0.0 0.0 0.0 0.0 2.0 -14.0 18.0 71.0 10.0 0.0 0.0 0.0 0.0 0.0 -6.0 31.0 10.0 2.0 0.0 1.0 5.0 0.0 0.0 0.0 0.0 0.0 0.0 0.0 2.0 -8.0 4.0 62.0 37.0 0.0 0.0 0.0 0.0 -30.0 80.0 8.0 2.0 1.0 0.0 0.0 1.0 0.0 -2.0 14.0 16.0 0.0 0.0 0.0 9.0 0.0 0.0 0.0 0.0 0.0 0.0 0.0 2.0 0.0 0.0 6.0 102.0 2.0 0.0 0.0 0.0 0.0 0.0 0.0 11.0 6.0 4.0 6.0 1.0 0.0 0.0 0.0 13.0 6.0 0.0 8.0 7.0 0.0 0.0 0.0 0.0 0.0 0.0 0.0 3.0 0.0 0.0 2.0 60.0 9.0 0.0 0.0 0.0 -3.0 5.0 4.0 9.0 2.0 0.0 0.0 0.0 0.0 0.0 0.0 2.0 2.0 2.0 5.0 4.0 
25_3_019_71
2.0 0.0 0.0 0.0 0.0 0.0 0.0 1.0 2.0 0.0 1.0 0.0 0.0 0.0 0.0 0.0 0.0 0.0 27.0 42.0 0.0 0.0 0.0 0.0 0.0 0.0 2.0 3.0 0.0 0.0 0.0 0.0 0.0 0.0 0.0 0.0 0.0 0.0 0.0 1.0 1.0 0.0 4.0 10.0 0.0 0.0 0.0 0.0 0.0 4.0 38.0 63.0 0.0 0.0 0.0 0.0 12.0 1.0 0.0 0.0 0.0 0.0 0.0 5.0 0.0 0.0 0.0 0.0 0.0 0.0 0.0 1.0 0.0 0.0 0.0 13.0 2.0 0.0 0.0 0.0 0.0 0.0 4.0 102.0 17.0 0.0 0.0 0.0 22.0 0.0 0.0 0.0 0.0 0.0 0.0 16.0 1.0 0.0 0.0 0.0 0.0 0.0 0.0 1.0 1.0 0.0 0.0 2.0 0.0 0.0 0.0 0.0 0.0 0.0 0.0 91.0 23.0 0.0 0.0 0.0 18.0 1.0 0.0 3.0 0.0 0.0 0.0 13.0 
25_3_019_72
0.0 0.0 0.0 0.0 0.0 0.0 13.0 28.0 0.0 0.0 0.0 3.0 11.0 6.0 8.0 6.0 0.0 0.0 5.0 70.0 10.0 0.0 0.0 1.0 0.0 0.0 0.0 1.0 0.0 1.0 11.0 25.0 0.0 0.0 0.0 0.0 0.0 0.0 22.0 30.0 0.0 0.0 5.0 10.0 1.0 2.0 0.0 11.0 0.0 0.0 7.0 102.0 1.0 0.0 8.0 6.0 0.0 0.0 1.0 5.0 3.0 0.0 17.0 26.0 2.0 3.0 1.0 0.0 0.0 0.0 7.0 47.0 1.0 8.0 24.0 7.0 2.0 1.0 0.0 0.0 0.0 0.0 9.0 52.0 13.0 3.0 10.0 17.0 3.0 2.0 5.0 20.0 1.0 0.0 6.0 12.0 3.0 2.0 3.0 0.0 0.0 0.0 -6.0 21.0 3.0 6.0 5.0 1.0 0.0 0.0 0.0 1.0 0.0 2.0 7.0 22.0 12.0 0.0 -1.0 3.0 9.0 5.0 3.0 5.0 1.0 0.0 0.0 -2.0 
25_3_019_73
0.0 0.0 9.0 9.0 0.0 1.0 8.0 0.0 16.0 16.0 7.0 1.0 22.0 8.0 0.0 0.0 3.0 2.0 0.0 0.0 93.0 37.0 0.0 0.0 0.0 0.0 0.0 0.0 38.0 16.0 0.0 0.0 13.0 3.0 0.0 7.0 14.0 0.0 0.0 0.0 3.0 9.0 16.0 43.0 24.0 1.0 0.0 0.0 42.0 18.0 0.0 0.0 0.0 0.0 1.0 23.0 16.0 10.0 0.0 0.0 52.0 21.0 0.0 0.0 102.0 43.0 0.0 0.0 0.0 0.0 0.0 0.0 41.0 20.0 6.0 31.0 23.0 13.0 0.0 2.0 0.0 1.0 10.0 34.0 17.0 17.0 41.0 6.0 40.0 18.0 0.0 0.0 4.0 0.0 0.0 2.0 2.0 0.0 0.0 0.0 0.0 0.0 0.0 0.0 64.0 23.0 0.0 0.0 0.0 0.0 0.0 0.0 80.0 36.0 0.0 9.0 8.0 0.0 0.0 0.0 9.0 2.0 0.0 2.0 19.0 32.0 4.0 0.0 
25_3_019_74
2.0 0.0 0.0 2.0 8.0 3.0 1.0 7.0 0.0 0.0 3.0 40.0 18.0 0.0 0.0 0.0 14.0 9.0 29.0 28.0 0.0 0.0 0.0 0.0 30.0 18.0 0.0 0.0 0.0 0.0 0.0 0.0 19.0 1.0 1.0 0.0 3.0 3.0 1.0 42.0 0.0 0.0 17.0 102.0 15.0 0.0 0.0 0.0 0.0 0.0 0.0 25.0 17.0 28.0 3.0 0.0 7.0 1.0 1.0 0.0 10.0 17.0 5.0 3.0 3.0 1.0 2.0 0.0 7.0 10.0 32.0 12.0 0.0 0.0 6.0 18.0 37.0 40.0 0.0 0.0 0.0 0.0 0.0 15.0 57.0 54.0 1.0 0.0 0.0 10.0 8.0 15.0 7.0 4.0 3.0 0.0 0.0 0.0 0.0 0.0 1.0 3.0 10.0 1.0 0.0 0.0 0.0 0.0 4.0 14.0 8.0 0.0 0.0 0.0 0.0 15.0 64.0 3.0 0.0 0.0 0.0 0.0 2.0 11.0 78.0 26.0 0.0 0.0 
25_3_019_75
0.0 0.0 0.0 0.0 0.0 75.0 30.0 0.0 0.0 1.0 0.0 0.0 0.0 102.0 41.0 0.0 0.0 8.0 5.0 16.0 32.0 77.0 14.0 0.0 0.0 0.0 0.0 26.0 17.0 0.0 0.0 0.0 10.0 28.0 17.0 10.0 0.0 7.0 3.0 4.0 1.0 76.0 56.0 14.0 0.0 4.0 18.0 25.0 27.0 51.0 19.0 9.0 20.0 7.0 -2.0 16.0 0.0 0.0 8.0 66.0 11.0 0.0 0.0 0.0 6.0 8.0 6.0 14.0 24.0 13.0 0.0 2.0 37.0 0.0 0.0 26.0 29.0 46.0 26.0 27.0 9.0 7.0 18.0 17.0 4.0 55.0 25.0 0.0 0.0 3.0 17.0 44.0 32.0 7.0 0.0 0.0 0.0 61.0 22.0 1.0 3.0 5.0 3.0 0.0 0.0 87.0 26.0 0.0 0.0 0.0 2.0 0.0 0.0 83.0 26.0 0.0 0.0 0.0 0.0 0.0 0.0 16.0 15.0 0.0 0.0 0.0 0.0 0.0 
25_3_019_76
0.0 0.0 0.0 0.0 0.0 10.0 21.0 2.0 0.0 0.0 0.0 0.0 0.0 89.0 12.0 0.0 0.0 0.0 0.0 0.0 1.0 95.0 10.0 0.0 0.0 0.0 0.0 0.0 0.0 65.0 10.0 0.0 23.0 2.0 0.0 0.0 0.0 0.0 8.0 41.0 7.0 51.0 16.0 0.0 8.0 4.0 14.0 17.0 19.0 53.0 16.0 29.0 20.0 1.0 0.0 17.0 21.0 7.0 2.0 0.0 6.0 1.0 3.0 17.0 3.0 0.0 0.0 0.0 0.0 0.0 7.0 71.0 20.0 6.0 1.0 14.0 22.0 56.0 9.0 7.0 0.0 4.0 17.0 21.0 1.0 74.0 38.0 13.0 1.0 2.0 0.0 7.0 10.0 26.0 14.0 8.0 22.0 0.0 0.0 0.0 0.0 0.0 0.0 26.0 15.0 86.0 6.0 0.0 0.0 2.0 0.0 9.0 0.0 102.0 19.0 0.0 0.0 0.0 0.0 0.0 0.0 87.0 13.0 0.0 0.0 0.0 0.0 0.0 
25_3_019_77
0.0 0.0 0.0 0.0 0.0 0.0 7.0 65.0 0.0 20.0 18.0 3.0 2.0 1.0 5.0 9.0 15.0 7.0 7.0 6.0 0.0 6.0 11.0 16.0 0.0 0.0 9.0 76.0 0.0 0.0 1.0 11.0 0.0 0.0 0.0 0.0 0.0 0.0 13.0 87.0 0.0 9.0 18.0 57.0 10.0 20.0 17.0 4.0 31.0 16.0 0.0 5.0 28.0 19.0 4.0 79.0 0.0 0.0 7.0 102.0 0.0 0.0 0.0 0.0 8.0 0.0 0.0 0.0 0.0 0.0 8.0 84.0 21.0 15.0 14.0 52.0 4.0 0.0 13.0 4.0 0.0 12.0 13.0 4.0 1.0 25.0 19.0 66.0 0.0 0.0 17.0 101.0 0.0 0.0 0.0 1.0 16.0 11.0 0.0 0.0 0.0 0.0 0.0 4.0 18.0 35.0 11.0 0.0 0.0 0.0 0.0 0.0 17.0 76.0 0.0 0.0 0.0 0.0 0.0 0.0 0.0 20.0 29.0 10.0 0.0 0.0 0.0 0.0 
25_3_019_78
0.0 0.0 0.0 0.0 0.0 30.0 38.0 0.0 0.0 0.0 3.0 24.0 8.0 12.0 14.0 0.0 0.0 0.0 3.0 16.0 0.0 4.0 29.0 5.0 0.0 0.0 21.0 21.0 0.0 2.0 5.0 0.0 0.0 0.0 0.0 0.0 0.0 9.0 26.0 9.0 0.0 0.0 7.0 97.0 13.0 5.0 0.0 0.0 4.0 1.0 3.0 0.0 0.0 2.0 -2.0 45.0 0.0 0.0 3.0 65.0 10.0 0.0 0.0 0.0 11.0 30.0 27.0 2.0 0.0 1.0 1.0 -2.0 17.0 17.0 49.0 68.0 0.0 0.0 0.0 -8.0 0.0 1.0 6.0 1.0 0.0 0.0 -36.0 102.0 0.0 0.0 12.0 40.0 5.0 0.0 0.0 0.0 29.0 37.0 20.0 0.0 0.0 0.0 -3.0 -2.0 13.0 14.0 26.0 14.0 0.0 0.0 0.0 -6.0 21.0 3.0 6.0 5.0 0.0 0.0 -42.0 90.0 20.0 10.0 19.0 13.0 0.0 0.0 0.0 -8.0 
25_3_019_79
0.0 0.0 0.0 0.0 1.0 6.0 1.0 0.0 0.0 0.0 0.0 0.0 8.0 12.0 0.0 0.0 0.0 0.0 15.0 56.0 4.0 0.0 0.0 0.0 0.0 0.0 26.0 14.0 0.0 0.0 7.0 1.0 0.0 0.0 0.0 0.0 0.0 3.0 12.0 0.0 0.0 0.0 0.0 15.0 5.0 2.0 0.0 0.0 0.0 0.0 45.0 102.0 0.0 0.0 0.0 0.0 0.0 0.0 5.0 6.0 0.0 0.0 34.0 19.0 0.0 0.0 0.0 0.0 0.0 1.0 9.0 5.0 0.0 0.0 0.0 34.0 16.0 5.0 0.0 0.0 0.0 0.0 9.0 95.0 18.0 5.0 5.0 0.0 0.0 0.0 0.0 5.0 0.0 1.0 36.0 14.0 2.0 0.0 0.0 0.0 0.0 0.0 1.0 10.0 1.0 0.0 0.0 29.0 7.0 0.0 0.0 1.0 0.0 0.0 0.0 29.0 50.0 5.0 1.0 0.0 0.0 0.0 1.0 5.0 2.0 3.0 5.0 2.0 
25_3_019_80
7.0 2.0 1.0 11.0 55.0 24.0 3.0 4.0 102.0 13.0 0.0 4.0 0.0 0.0 0.0 6.0 3.0 45.0 17.0 1.0 0.0 0.0 0.0 0.0 1.0 46.0 29.0 0.0 0.0 0.0 0.0 0.0 3.0 2.0 6.0 47.0 90.0 0.0 0.0 0.0 22.0 27.0 43.0 96.0 45.0 0.0 0.0 0.0 100.0 72.0 1.0 0.0 0.0 0.0 0.0 30.0 0.0 0.0 3.0 0.0 4.0 37.0 18.0 16.0 14.0 61.0 70.0 4.0 0.0 0.0 0.0 0.0 0.0 0.0 30.0 84.0 53.0 15.0 0.0 0.0 8.0 3.0 4.0 0.0 0.0 31.0 49.0 49.0 58.0 0.0 0.0 0.0 0.0 3.0 8.0 89.0 0.0 1.0 6.0 4.0 10.0 0.0 0.0 0.0 0.0 0.0 7.0 5.0 8.0 10.0 2.0 0.0 0.0 5.0 5.0 0.0 9.0 37.0 4.0 0.0 11.0 0.0 0.0 0.0 0.0 1.0 57.0 78.0 
25_3_019_81
1.0 0.0 0.0 0.0 0.0 0.0 0.0 1.0 0.0 0.0 0.0 0.0 0.0 0.0 0.0 0.0 1.0 0.0 0.0 0.0 0.0 0.0 0.0 0.0 1.0 0.0 0.0 0.0 0.0 0.0 0.0 0.0 0.0 7.0 8.0 5.0 23.0 61.0 0.0 0.0 0.0 0.0 0.0 6.0 19.0 53.0 12.0 3.0 0.0 0.0 0.0 8.0 32.0 14.0 0.0 0.0 0.0 0.0 0.0 0.0 0.0 0.0 0.0 0.0 10.0 8.0 18.0 38.0 2.0 12.0 10.0 6.0 6.0 2.0 6.0 8.0 13.0 7.0 15.0 55.0 0.0 0.0 20.0 102.0 6.0 0.0 0.0 0.0 1.0 0.0 0.0 0.0 0.0 0.0 0.0 0.0 40.0 8.0 5.0 24.0 29.0 15.0 0.0 -12.0 0.0 20.0 12.0 13.0 0.0 5.0 20.0 48.0 0.0 0.0 18.0 64.0 0.0 0.0 0.0 0.0 1.0 0.0 0.0 0.0 0.0 0.0 0.0 1.0 
25_3_019_82
0.0 0.0 0.0 0.0 1.0 1.0 0.0 0.0 0.0 0.0 0.0 0.0 0.0 0.0 13.0 77.0 0.0 9.0 13.0 39.0 9.0 13.0 11.0 2.0 23.0 10.0 0.0 0.0 15.0 20.0 2.0 32.0 0.0 0.0 0.0 0.0 0.0 1.0 0.0 0.0 7.0 0.0 0.0 0.0 0.0 0.0 12.0 102.0 15.0 10.0 10.0 54.0 6.0 2.0 7.0 8.0 1.0 6.0 17.0 4.0 1.0 14.0 16.0 43.0 0.0 0.0 0.0 0.0 0.0 0.0 0.0 0.0 29.0 15.0 0.0 0.0 0.0 0.0 0.0 9.0 14.0 48.0 16.0 0.0 0.0 0.0 0.0 5.0 17.0 58.0 0.0 0.0 0.0 0.0 1.0 4.0 0.0 0.0 0.0 0.0 0.0 1.0 0.0 0.0 0.0 0.0 0.0 0.0 1.0 0.0 0.0 0.0 0.0 0.0 0.0 0.0 0.0 1.0 0.0 0.0 0.0 0.0 0.0 0.0 0.0 0.0 0.0 0.0 
25_3_019_83
0.0 0.0 0.0 1.0 2.0 7.0 8.0 0.0 0.0 0.0 0.0 13.0 12.0 0.0 0.0 0.0 0.0 0.0 1.0 36.0 35.0 0.0 0.0 0.0 45.0 7.0 15.0 5.0 0.0 0.0 0.0 -18.0 0.0 0.0 0.0 7.0 13.0 4.0 0.0 0.0 0.0 0.0 0.0 1.0 8.0 44.0 15.0 0.0 0.0 0.0 17.0 95.0 28.0 1.0 0.0 0.0 0.0 1.0 8.0 33.0 29.0 1.0 0.0 0.0 0.0 0.0 0.0 19.0 6.0 2.0 19.0 3.0 0.0 0.0 13.0 25.0 0.0 0.0 27.0 2.0 0.0 0.0 15.0 102.0 45.0 0.0 0.0 0.0 10.0 0.0 6.0 12.0 20.0 8.0 0.0 34.0 0.0 0.0 0.0 10.0 0.0 0.0 3.0 16.0 0.0 0.0 2.0 25.0 13.0 1.0 0.0 0.0 0.0 0.0 27.0 96.0 19.0 0.0 0.0 0.0 12.0 0.0 11.0 9.0 7.0 10.0 -16.0 83.0 
25_3_019_84
1.0 0.0 1.0 8.0 13.0 7.0 1.0 0.0 0.0 0.0 0.0 1.0 7.0 9.0 3.0 7.0 0.0 2.0 6.0 30.0 9.0 0.0 0.0 0.0 1.0 4.0 6.0 2.0 0.0 0.0 0.0 10.0 1.0 1.0 0.0 27.0 67.0 0.0 0.0 0.0 29.0 3.0 4.0 3.0 3.0 0.0 -3.0 9.0 0.0 0.0 11.0 63.0 5.0 0.0 0.0 0.0 3.0 6.0 3.0 3.0 7.0 0.0 -10.0 31.0 0.0 0.0 0.0 22.0 31.0 0.0 0.0 0.0 5.0 0.0 0.0 25.0 58.0 5.0 -2.0 10.0 0.0 0.0 9.0 15.0 13.0 33.0 7.0 0.0 6.0 3.0 5.0 19.0 36.0 0.0 0.0 0.0 0.0 0.0 0.0 1.0 1.0 0.0 0.0 0.0 0.0 0.0 0.0 1.0 43.0 22.0 0.0 0.0 0.0 0.0 0.0 0.0 3.0 43.0 25.0 0.0 0.0 0.0 0.0 0.0 102.0 20.0 0.0 0.0 
25_3_019_85
0.0 0.0 0.0 10.0 6.0 0.0 0.0 0.0 0.0 0.0 0.0 36.0 39.0 0.0 0.0 0.0 31.0 12.0 20.0 15.0 2.0 0.0 0.0 -11.0 72.0 0.0 0.0 0.0 0.0 0.0 -41.0 65.0 0.0 0.0 0.0 0.0 5.0 31.0 19.0 0.0 0.0 0.0 13.0 101.0 26.0 12.0 0.0 0.0 0.0 0.0 15.0 54.0 35.0 1.0 -1.0 3.0 0.0 2.0 1.0 1.0 12.0 2.0 -33.0 88.0 0.0 0.0 10.0 14.0 0.0 0.0 24.0 3.0 0.0 0.0 25.0 102.0 37.0 0.0 0.0 0.0 0.0 0.0 20.0 25.0 27.0 3.0 -9.0 69.0 0.0 0.0 0.0 11.0 90.0 15.0 0.0 4.0 0.0 0.0 1.0 16.0 11.0 0.0 1.0 3.0 0.0 0.0 24.0 101.0 24.0 0.0 0.0 0.0 0.0 1.0 22.0 13.0 22.0 14.0 -17.0 100.0 0.0 0.0 0.0 37.0 49.0 1.0 -9.0 65.0 
25_3_019_86
36.0 3.0 0.0 0.0 0.0 0.0 -1.0 -9.0 5.0 7.0 2.0 0.0 0.0 0.0 -1.0 1.0 -9.0 41.0 0.0 0.0 0.0 0.0 0.0 -2.0 -37.0 102.0 0.0 0.0 0.0 0.0 0.0 0.0 15.0 0.0 0.0 0.0 0.0 3.0 16.0 19.0 -5.0 41.0 9.0 6.0 2.0 1.0 0.0 1.0 -22.0 82.0 8.0 0.0 0.0 0.0 0.0 -3.0 0.0 -3.0 22.0 4.0 6.0 1.0 0.0 0.0 1.0 0.0 0.0 0.0 0.0 0.0 -4.0 39.0 -1.0 5.0 8.0 61.0 2.0 0.0 0.0 0.0 -2.0 22.0 9.0 2.0 0.0 0.0 0.0 -2.0 10.0 17.0 1.0 0.0 2.0 0.0 0.0 -6.0 1.0 0.0 0.0 0.0 0.0 0.0 -3.0 18.0 3.0 0.0 1.0 39.0 5.0 0.0 0.0 -1.0 0.0 0.0 0.0 0.0 10.0 10.0 3.0 0.0 0.0 0.0 0.0 0.0 7.0 8.0 4.0 0.0 
25_3_019_87
0.0 0.0 0.0 0.0 0.0 0.0 1.0 0.0 0.0 0.0 0.0 0.0 0.0 19.0 39.0 0.0 0.0 0.0 0.0 2.0 1.0 48.0 102.0 4.0 9.0 1.0 0.0 12.0 9.0 17.0 19.0 4.0 0.0 0.0 0.0 0.0 0.0 36.0 79.0 0.0 0.0 0.0 0.0 0.0 2.0 35.0 70.0 27.0 6.0 0.0 6.0 16.0 11.0 0.0 -14.0 55.0 0.0 1.0 9.0 10.0 9.0 21.0 19.0 0.0 3.0 0.0 0.0 4.0 12.0 4.0 5.0 8.0 2.0 0.0 0.0 0.0 0.0 0.0 17.0 48.0 3.0 0.0 3.0 31.0 18.0 16.0 20.0 25.0 1.0 14.0 27.0 0.0 0.0 11.0 11.0 7.0 0.0 0.0 4.0 2.0 4.0 12.0 -1.0 37.0 1.0 9.0 16.0 0.0 0.0 15.0 29.0 1.0 0.0 46.0 87.0 1.0 1.0 1.0 0.0 0.0 0.0 45.0 82.0 0.0 0.0 0.0 0.0 0.0 
25_3_019_88
0.0 0.0 0.0 0.0 0.0 29.0 91.0 0.0 0.0 1.0 1.0 0.0 0.0 29.0 99.0 1.0 0.0 16.0 34.0 5.0 1.0 2.0 8.0 0.0 5.0 6.0 3.0 20.0 6.0 2.0 4.0 4.0 0.0 2.0 6.0 10.0 0.0 16.0 46.0 0.0 18.0 24.0 23.0 17.0 6.0 0.0 1.0 29.0 0.0 0.0 16.0 40.0 14.0 0.0 0.0 0.0 11.0 7.0 20.0 4.0 4.0 0.0 0.0 1.0 8.0 18.0 27.0 3.0 0.0 0.0 4.0 5.0 13.0 0.0 0.0 14.0 32.0 1.0 3.0 22.0 5.0 32.0 77.0 21.0 3.0 0.0 0.0 0.0 0.0 21.0 84.0 0.0 0.0 0.0 0.0 0.0 10.0 9.0 10.0 1.0 10.0 4.0 2.0 10.0 2.0 37.0 102.0 7.0 0.0 0.0 0.0 3.0 0.0 13.0 57.0 0.0 0.0 0.0 0.0 0.0 0.0 0.0 0.0 0.0 0.0 0.0 0.0 0.0 
25_3_019_89
0.0 -1.0 2.0 7.0 3.0 0.0 4.0 1.0 19.0 5.0 0.0 0.0 8.0 9.0 4.0 -2.0 18.0 1.0 1.0 0.0 1.0 0.0 -5.0 37.0 0.0 0.0 0.0 0.0 0.0 0.0 44.0 45.0 0.0 -8.0 20.0 0.0 0.0 0.0 11.0 29.0 0.0 -16.0 43.0 51.0 17.0 9.0 14.0 15.0 -5.0 11.0 0.0 0.0 0.0 0.0 15.0 102.0 0.0 0.0 0.0 0.0 0.0 0.0 17.0 64.0 0.0 -1.0 5.0 0.0 0.0 0.0 12.0 55.0 -1.0 -7.0 48.0 45.0 6.0 4.0 1.0 12.0 0.0 0.0 0.0 0.0 0.0 0.0 66.0 73.0 0.0 0.0 0.0 0.0 0.0 0.0 18.0 32.0 0.0 0.0 0.0 0.0 0.0 0.0 5.0 35.0 -9.0 20.0 6.0 1.0 3.0 23.0 6.0 2.0 0.0 0.0 0.0 0.0 0.0 0.0 61.0 62.0 0.0 0.0 0.0 0.0 0.0 1.0 8.0 2.0 
25_3_019_90
0.0 0.0 0.0 0.0 0.0 0.0 0.0 0.0 0.0 0.0 0.0 3.0 0.0 0.0 0.0 0.0 0.0 0.0 17.0 74.0 0.0 0.0 0.0 0.0 1.0 0.0 0.0 0.0 0.0 0.0 0.0 36.0 0.0 0.0 0.0 0.0 0.0 0.0 0.0 1.0 0.0 0.0 2.0 12.0 0.0 0.0 0.0 0.0 0.0 0.0 17.0 99.0 0.0 0.0 0.0 0.0 12.0 0.0 0.0 0.0 0.0 0.0 0.0 40.0 0.0 0.0 0.0 0.0 0.0 0.0 0.0 1.0 0.0 0.0 2.0 19.0 0.0 0.0 0.0 0.0 0.0 0.0 6.0 102.0 1.0 0.0 0.0 0.0 2.0 0.0 0.0 0.0 0.0 0.0 2.0 43.0 0.0 0.0 0.0 0.0 0.0 0.0 0.0 0.0 0.0 0.0 0.0 12.0 1.0 0.0 0.0 0.0 0.0 0.0 0.0 71.0 15.0 0.0 0.0 0.0 0.0 0.0 0.0 0.0 0.0 0.0 0.0 32.0 
25_3_019_91
0.0 0.0 0.0 0.0 0.0 0.0 0.0 0.0 0.0 0.0 7.0 71.0 5.0 0.0 0.0 0.0 8.0 1.0 0.0 0.0 0.0 5.0 1.0 10.0 0.0 0.0 4.0 18.0 4.0 1.0 0.0 0.0 1.0 0.0 0.0 0.0 0.0 0.0 0.0 0.0 0.0 0.0 9.0 102.0 3.0 0.0 0.0 0.0 7.0 2.0 7.0 3.0 0.0 0.0 -1.0 24.0 0.0 1.0 45.0 12.0 0.0 0.0 0.0 0.0 0.0 0.0 1.0 0.0 0.0 0.0 0.0 0.0 0.0 0.0 0.0 70.0 31.0 0.0 0.0 0.0 1.0 4.0 11.0 3.0 20.0 14.0 0.0 2.0 0.0 0.0 16.0 25.0 5.0 0.0 0.0 0.0 0.0 0.0 1.0 0.0 0.0 0.0 0.0 0.0 0.0 0.0 0.0 2.0 16.0 2.0 0.0 0.0 0.0 0.0 0.0 3.0 26.0 45.0 0.0 0.0 0.0 2.0 3.0 59.0 33.0 0.0 0.0 0.0 
25_3_019_92
0.0 0.0 1.0 4.0 6.0 0.0 0.0 0.0 0.0 0.0 2.0 14.0 2.0 0.0 0.0 0.0 2.0 3.0 53.0 10.0 0.0 0.0 0.0 0.0 0.0 0.0 26.0 10.0 0.0 0.0 0.0 0.0 0.0 0.0 4.0 7.0 0.0 0.0 0.0 0.0 0.0 0.0 8.0 32.0 0.0 0.0 0.0 0.0 0.0 0.0 38.0 57.0 0.0 0.0 0.0 0.0 0.0 0.0 5.0 4.0 0.0 0.0 0.0 0.0 0.0 0.0 7.0 7.0 0.0 0.0 0.0 0.0 0.0 0.0 2.0 28.0 10.0 3.0 0.0 0.0 0.0 0.0 9.0 47.0 35.0 29.0 0.0 0.0 0.0 0.0 0.0 0.0 12.0 16.0 0.0 0.0 0.0 0.0 0.0 3.0 1.0 0.0 0.0 0.0 0.0 0.0 0.0 0.0 1.0 8.0 57.0 13.0 0.0 0.0 0.0 0.0 24.0 102.0 10.0 0.0 0.0 0.0 0.0 0.0 94.0 53.0 0.0 0.0 
25_3_019_93
0.0 0.0 11.0 1.0 0.0 2.0 27.0 3.0 0.0 0.0 1.0 2.0 7.0 22.0 4.0 0.0 0.0 1.0 13.0 9.0 5.0 2.0 0.0 0.0 0.0 2.0 12.0 14.0 0.0 0.0 8.0 10.0 0.0 2.0 4.0 1.0 0.0 4.0 26.0 2.0 0.0 0.0 4.0 7.0 3.0 48.0 48.0 0.0 0.0 1.0 21.0 102.0 34.0 18.0 0.0 0.0 1.0 6.0 1.0 0.0 0.0 0.0 37.0 47.0 0.0 0.0 5.0 4.0 0.0 0.0 67.0 22.0 0.0 1.0 59.0 21.0 5.0 9.0 75.0 3.0 0.0 0.0 33.0 102.0 23.0 21.0 7.0 0.0 0.0 0.0 0.0 2.0 2.0 14.0 96.0 9.0 15.0 36.0 16.0 0.0 0.0 0.0 6.0 61.0 1.0 37.0 95.0 1.0 0.0 0.0 2.0 9.0 0.0 0.0 4.0 1.0 0.0 7.0 76.0 7.0 0.0 0.0 5.0 15.0 9.0 8.0 11.0 0.0 
25_3_019_94
0.0 0.0 3.0 1.0 0.0 8.0 15.0 2.0 0.0 0.0 1.0 3.0 5.0 15.0 2.0 0.0 0.0 4.0 25.0 20.0 8.0 0.0 0.0 0.0 0.0 0.0 0.0 0.0 0.0 0.0 -2.0 56.0 0.0 0.0 0.0 1.0 0.0 2.0 23.0 15.0 0.0 0.0 1.0 11.0 1.0 39.0 52.0 1.0 0.0 0.0 2.0 79.0 71.0 21.0 3.0 0.0 0.0 0.0 0.0 0.0 0.0 0.0 44.0 77.0 0.0 1.0 3.0 7.0 1.0 1.0 13.0 13.0 0.0 0.0 14.0 15.0 3.0 6.0 88.0 47.0 0.0 0.0 16.0 102.0 38.0 11.0 6.0 0.0 0.0 0.0 0.0 0.0 6.0 8.0 77.0 22.0 0.0 0.0 9.0 9.0 0.0 0.0 2.0 55.0 2.0 7.0 76.0 31.0 0.0 0.0 1.0 41.0 0.0 6.0 27.0 3.0 0.0 0.0 21.0 37.0 0.0 0.0 7.0 4.0 0.0 0.0 17.0 15.0 
25_3_019_95
0.0 0.0 0.0 0.0 0.0 2.0 23.0 2.0 2.0 5.0 29.0 0.0 0.0 0.0 0.0 14.0 0.0 26.0 102.0 2.0 0.0 0.0 -2.0 4.0 51.0 10.0 0.0 0.0 0.0 0.0 -7.0 1.0 13.0 1.0 5.0 1.0 0.0 0.0 -3.0 3.0 0.0 4.0 72.0 21.0 1.0 7.0 2.0 0.0 3.0 0.0 9.0 25.0 26.0 6.0 0.0 1.0 48.0 6.0 3.0 11.0 1.0 0.0 0.0 -15.0 0.0 0.0 16.0 18.0 0.0 0.0 0.0 0.0 0.0 0.0 7.0 15.0 1.0 3.0 12.0 4.0 0.0 0.0 5.0 37.0 23.0 14.0 0.0 0.0 0.0 0.0 3.0 17.0 26.0 16.0 -1.0 2.0 0.0 0.0 0.0 16.0 20.0 1.0 0.0 0.0 1.0 1.0 2.0 6.0 0.0 0.0 3.0 11.0 0.0 0.0 0.0 0.0 21.0 25.0 14.0 3.0 0.0 0.0 7.0 41.0 48.0 1.0 0.0 0.0 
25_3_019_96
0.0 0.0 0.0 0.0 0.0 0.0 0.0 0.0 0.0 0.0 2.0 56.0 3.0 0.0 0.0 0.0 0.0 0.0 0.0 22.0 15.0 2.0 0.0 4.0 7.0 8.0 5.0 2.0 1.0 0.0 0.0 2.0 0.0 0.0 0.0 0.0 0.0 0.0 0.0 0.0 0.0 0.0 23.0 78.0 0.0 0.0 0.0 0.0 5.0 3.0 3.0 1.0 5.0 7.0 3.0 6.0 0.0 0.0 1.0 12.0 12.0 9.0 0.0 0.0 1.0 0.0 0.0 0.0 0.0 0.0 0.0 0.0 0.0 0.0 20.0 102.0 0.0 0.0 0.0 0.0 8.0 2.0 1.0 0.0 0.0 0.0 0.0 27.0 0.0 2.0 36.0 13.0 0.0 0.0 0.0 0.0 0.0 0.0 1.0 1.0 0.0 0.0 0.0 0.0 0.0 0.0 9.0 70.0 11.0 0.0 0.0 0.0 1.0 4.0 16.0 3.0 0.0 0.0 1.0 10.0 0.0 2.0 26.0 10.0 0.0 0.0 0.0 0.0 
25_3_019_97
7.0 8.0 1.0 0.0 0.0 6.0 6.0 4.0 10.0 41.0 4.0 0.0 0.0 0.0 1.0 6.0 0.0 46.0 38.0 0.0 0.0 0.0 0.0 0.0 25.0 40.0 0.0 0.0 0.0 0.0 3.0 7.0 0.0 0.0 0.0 0.0 21.0 47.0 35.0 7.0 0.0 24.0 50.0 61.0 33.0 3.0 0.0 0.0 77.0 26.0 3.0 0.0 0.0 13.0 11.0 15.0 22.0 6.0 0.0 0.0 0.0 30.0 43.0 10.0 11.0 13.0 59.0 4.0 0.0 0.0 5.0 24.0 0.0 9.0 102.0 97.0 6.0 4.0 1.0 5.0 13.0 0.0 0.0 0.0 0.0 15.0 63.0 31.0 36.0 35.0 2.0 2.0 0.0 3.0 0.0 1.0 10.0 97.0 71.0 4.0 0.0 0.0 0.0 0.0 3.0 2.0 28.0 4.0 0.0 0.0 63.0 46.0 0.0 0.0 1.0 0.0 2.0 24.0 40.0 3.0 0.0 0.0 0.0 0.0 10.0 32.0 5.0 0.0 
25_3_019_98
0.0 0.0 0.0 0.0 29.0 94.0 34.0 8.0 0.0 0.0 0.0 0.0 0.0 54.0 38.0 22.0 0.0 0.0 0.0 0.0 10.0 9.0 16.0 6.0 1.0 0.0 0.0 5.0 15.0 0.0 4.0 13.0 2.0 0.0 0.0 0.0 0.0 44.0 102.0 46.0 0.0 1.0 7.0 84.0 76.0 75.0 0.0 0.0 0.0 0.0 0.0 6.0 16.0 7.0 19.0 12.0 4.0 0.0 0.0 37.0 25.0 0.0 0.0 5.0 14.0 41.0 5.0 0.0 0.0 3.0 12.0 21.0 1.0 18.0 56.0 55.0 12.0 11.0 0.0 0.0 0.0 0.0 0.0 5.0 12.0 30.0 9.0 3.0 0.0 0.0 0.0 61.0 21.0 0.0 0.0 0.0 8.0 26.0 6.0 0.0 0.0 0.0 17.0 18.0 6.0 0.0 1.0 0.0 1.0 10.0 27.0 14.0 0.0 0.0 11.0 41.0 16.0 2.0 0.0 0.0 0.0 0.0 11.0 37.0 5.0 0.0 0.0 0.0 
25_3_019_99
0.0 0.0 0.0 2.0 0.0 0.0 0.0 0.0 0.0 0.0 20.0 32.0 0.0 0.0 0.0 0.0 0.0 0.0 11.0 20.0 5.0 0.0 0.0 0.0 0.0 0.0 1.0 32.0 2.0 0.0 0.0 0.0 0.0 0.0 1.0 1.0 0.0 0.0 0.0 0.0 0.0 0.0 23.0 77.0 0.0 0.0 0.0 0.0 0.0 17.0 32.0 5.0 0.0 0.0 0.0 0.0 4.0 3.0 1.0 24.0 7.0 0.0 1.0 3.0 0.0 0.0 4.0 0.0 0.0 0.0 0.0 0.0 0.0 0.0 4.0 102.0 2.0 0.0 0.0 0.0 4.0 0.0 7.0 20.0 6.0 0.0 2.0 6.0 1.0 0.0 0.0 25.0 8.0 1.0 13.0 17.0 0.0 0.0 0.0 1.0 0.0 0.0 0.0 0.0 0.0 0.0 0.0 68.0 6.0 0.0 0.0 0.0 6.0 0.0 9.0 47.0 3.0 0.0 0.0 10.0 15.0 1.0 1.0 16.0 2.0 0.0 0.0 30.0 
25_3_019_100
4.0 2.0 0.0 0.0 3.0 10.0 9.0 7.0 17.0 5.0 2.0 0.0 1.0 3.0 7.0 5.0 12.0 22.0 0.0 0.0 0.0 0.0 0.0 0.0 16.0 10.0 1.0 0.0 0.0 0.0 0.0 13.0 0.0 0.0 0.0 1.0 8.0 26.0 3.0 0.0 0.0 0.0 22.0 61.0 6.0 8.0 5.0 0.0 25.0 48.0 12.0 0.0 0.0 0.0 0.0 0.0 28.0 20.0 4.0 0.0 0.0 0.0 1.0 32.0 0.0 0.0 2.0 12.0 1.0 0.0 0.0 0.0 1.0 6.0 38.0 102.0 3.0 0.0 1.0 0.0 29.0 14.0 11.0 20.0 1.0 0.0 0.0 9.0 19.0 10.0 4.0 0.0 0.0 0.0 6.0 39.0 0.0 0.0 0.0 10.0 8.0 0.0 0.0 0.0 0.0 0.0 6.0 52.0 35.0 0.0 0.0 0.0 10.0 0.0 0.0 27.0 32.0 0.0 0.0 11.0 26.0 0.0 0.0 2.0 17.0 5.0 0.0 30.0 
25_3_019_101
0.0 0.0 1.0 5.0 0.0 0.0 0.0 0.0 0.0 0.0 1.0 14.0 10.0 2.0 0.0 0.0 0.0 0.0 4.0 8.0 0.0 0.0 0.0 0.0 0.0 0.0 0.0 2.0 0.0 0.0 0.0 0.0 0.0 0.0 17.0 91.0 0.0 0.0 0.0 0.0 0.0 0.0 0.0 17.0 55.0 44.0 0.0 0.0 0.0 0.0 0.0 32.0 33.0 11.0 0.0 0.0 0.0 0.0 0.0 1.0 0.0 0.0 0.0 0.0 0.0 0.0 3.0 16.0 0.0 0.0 2.0 0.0 0.0 0.0 3.0 24.0 2.0 1.0 0.0 0.0 0.0 0.0 18.0 102.0 0.0 0.0 0.0 0.0 0.0 0.0 0.0 1.0 0.0 0.0 0.0 0.0 0.0 0.0 0.0 0.0 0.0 0.0 0.0 0.0 0.0 0.0 7.0 31.0 0.0 0.0 1.0 0.0 0.0 0.0 14.0 61.0 0.0 0.0 0.0 0.0 0.0 0.0 0.0 0.0 0.0 0.0 0.0 0.0 
25_3_019_102
0.0 0.0 0.0 2.0 14.0 1.0 0.0 0.0 0.0 0.0 0.0 32.0 102.0 4.0 0.0 0.0 0.0 0.0 0.0 2.0 30.0 6.0 -1.0 2.0 9.0 2.0 0.0 0.0 0.0 0.0 0.0 0.0 0.0 0.0 0.0 3.0 0.0 0.0 0.0 0.0 0.0 0.0 5.0 97.0 7.0 0.0 0.0 0.0 3.0 1.0 2.0 8.0 30.0 11.0 0.0 0.0 0.0 0.0 0.0 1.0 42.0 6.0 0.0 0.0 1.0 0.0 1.0 0.0 0.0 0.0 0.0 0.0 0.0 0.0 1.0 65.0 33.0 0.0 0.0 0.0 0.0 0.0 0.0 2.0 20.0 11.0 2.0 0.0 2.0 3.0 12.0 7.0 12.0 4.0 0.0 0.0 0.0 1.0 1.0 1.0 0.0 0.0 0.0 0.0 0.0 0.0 0.0 5.0 15.0 0.0 0.0 0.0 0.0 0.0 3.0 26.0 54.0 0.0 0.0 0.0 0.0 0.0 8.0 12.0 6.0 1.0 0.0 0.0 
25_3_019_103
0.0 0.0 0.0 0.0 0.0 0.0 0.0 0.0 0.0 0.0 0.0 0.0 0.0 0.0 0.0 0.0 0.0 0.0 9.0 77.0 0.0 0.0 0.0 0.0 0.0 0.0 0.0 2.0 0.0 0.0 0.0 0.0 0.0 0.0 0.0 0.0 0.0 0.0 0.0 0.0 0.0 0.0 1.0 5.0 0.0 0.0 0.0 0.0 0.0 0.0 10.0 97.0 0.0 0.0 0.0 0.0 0.0 0.0 0.0 1.0 0.0 0.0 0.0 0.0 0.0 0.0 0.0 0.0 0.0 0.0 0.0 0.0 1.0 0.0 1.0 11.0 0.0 0.0 0.0 1.0 0.0 0.0 5.0 102.0 0.0 0.0 0.0 0.0 0.0 0.0 0.0 0.0 0.0 0.0 0.0 0.0 0.0 0.0 0.0 0.0 0.0 0.0 0.0 0.0 0.0 0.0 0.0 10.0 0.0 0.0 0.0 0.0 0.0 0.0 1.0 72.0 1.0 0.0 0.0 0.0 0.0 0.0 0.0 0.0 0.0 0.0 0.0 0.0 
25_3_019_104
1.0 0.0 0.0 0.0 0.0 0.0 0.0 1.0 0.0 0.0 0.0 0.0 0.0 0.0 -2.0 5.0 0.0 0.0 70.0 16.0 0.0 0.0 0.0 0.0 0.0 0.0 34.0 10.0 1.0 0.0 0.0 0.0 3.0 0.0 0.0 0.0 0.0 0.0 0.0 -1.0 4.0 1.0 1.0 5.0 1.0 0.0 1.0 1.0 0.0 0.0 36.0 92.0 0.0 0.0 0.0 0.0 0.0 0.0 6.0 3.0 0.0 1.0 3.0 0.0 0.0 0.0 0.0 0.0 0.0 0.0 0.0 4.0 0.0 0.0 2.0 16.0 1.0 0.0 1.0 3.0 0.0 0.0 19.0 102.0 1.0 0.0 0.0 0.0 -1.0 6.0 38.0 0.0 0.0 0.0 0.0 1.0 2.0 0.0 0.0 0.0 0.0 0.0 -1.0 3.0 0.0 2.0 27.0 16.0 0.0 0.0 0.0 2.0 0.0 0.0 60.0 57.0 0.0 0.0 0.0 0.0 0.0 0.0 10.0 1.0 0.0 0.0 1.0 0.0 
25_3_019_105
14.0 1.0 0.0 12.0 83.0 2.0 0.0 4.0 9.0 0.0 0.0 15.0 38.0 1.0 0.0 7.0 2.0 0.0 0.0 14.0 20.0 0.0 0.0 0.0 10.0 0.0 0.0 8.0 18.0 0.0 0.0 3.0 102.0 30.0 1.0 4.0 1.0 0.0 0.0 5.0 0.0 6.0 25.0 101.0 43.0 0.0 0.0 0.0 25.0 3.0 10.0 8.0 0.0 0.0 0.0 3.0 0.0 0.0 8.0 25.0 2.0 0.0 0.0 0.0 23.0 62.0 23.0 15.0 13.0 0.0 0.0 0.0 59.0 94.0 19.0 18.0 0.0 0.0 0.0 1.0 15.0 3.0 10.0 1.0 0.0 0.0 0.0 16.0 0.0 0.0 4.0 5.0 2.0 1.0 1.0 0.0 0.0 0.0 1.0 6.0 89.0 4.0 0.0 0.0 4.0 0.0 0.0 0.0 36.0 24.0 11.0 10.0 15.0 28.0 2.0 1.0 2.0 0.0 0.0 12.0 10.0 0.0 0.0 0.0 0.0 0.0 3.0 10.0 
25_3_019_106
3.0 0.0 0.0 0.0 0.0 0.0 4.0 7.0 0.0 0.0 0.0 66.0 25.0 0.0 0.0 0.0 8.0 0.0 0.0 0.0 4.0 5.0 31.0 89.0 2.0 0.0 0.0 53.0 29.0 0.0 4.0 10.0 4.0 0.0 0.0 0.0 0.0 0.0 3.0 19.0 0.0 0.0 2.0 95.0 10.0 0.0 0.0 0.0 36.0 0.0 0.0 0.0 0.0 0.0 28.0 63.0 10.0 2.0 7.0 66.0 6.0 0.0 0.0 29.0 24.0 15.0 0.0 0.0 0.0 0.0 0.0 6.0 0.0 6.0 25.0 102.0 0.0 0.0 0.0 0.0 79.0 30.0 12.0 4.0 0.0 0.0 0.0 18.0 48.0 15.0 41.0 29.0 0.0 0.0 0.0 23.0 25.0 5.0 0.0 0.0 0.0 0.0 0.0 0.0 9.0 5.0 6.0 39.0 9.0 0.0 0.0 0.0 13.0 4.0 2.0 53.0 29.0 1.0 0.0 7.0 46.0 10.0 10.0 1.0 0.0 0.0 0.0 21.0 
25_3_019_107
0.0 2.0 17.0 7.0 1.0 2.0 0.0 0.0 0.0 10.0 22.0 3.0 1.0 0.0 0.0 0.0 8.0 11.0 7.0 0.0 0.0 0.0 0.0 2.0 1.0 1.0 1.0 0.0 0.0 0.0 4.0 3.0 0.0 2.0 3.0 0.0 6.0 8.0 0.0 0.0 0.0 0.0 18.0 75.0 6.0 0.0 0.0 0.0 18.0 3.0 1.0 0.0 0.0 0.0 0.0 31.0 1.0 7.0 1.0 0.0 0.0 3.0 3.0 0.0 2.0 5.0 2.0 0.0 0.0 2.0 5.0 5.0 0.0 0.0 9.0 102.0 11.0 0.0 0.0 0.0 40.0 18.0 7.0 3.0 0.0 0.0 5.0 12.0 32.0 5.0 0.0 0.0 0.0 5.0 7.0 8.0 0.0 0.0 0.0 0.0 0.0 2.0 15.0 12.0 0.0 0.0 0.0 94.0 36.0 0.0 0.0 0.0 7.0 0.0 1.0 17.0 5.0 0.0 49.0 89.0 1.0 0.0 0.0 1.0 64.0 40.0 17.0 5.0 
25_3_019_108
0.0 3.0 7.0 3.0 0.0 0.0 0.0 0.0 13.0 34.0 12.0 3.0 0.0 0.0 0.0 0.0 15.0 72.0 15.0 0.0 0.0 0.0 0.0 0.0 5.0 0.0 17.0 38.0 1.0 1.0 0.0 4.0 2.0 4.0 19.0 2.0 0.0 0.0 0.0 0.0 0.0 10.0 18.0 22.0 0.0 0.0 0.0 0.0 14.0 35.0 33.0 40.0 4.0 0.0 0.0 0.0 59.0 38.0 24.0 21.0 1.0 2.0 0.0 0.0 6.0 14.0 16.0 3.0 0.0 1.0 2.0 4.0 0.0 17.0 24.0 21.0 44.0 4.0 0.0 0.0 0.0 23.0 53.0 15.0 5.0 0.0 0.0 0.0 16.0 54.0 6.0 0.0 0.0 1.0 6.0 3.0 1.0 0.0 0.0 3.0 1.0 3.0 16.0 28.0 5.0 0.0 0.0 0.0 31.0 22.0 3.0 11.0 0.0 2.0 2.0 16.0 102.0 50.0 0.0 0.0 0.0 0.0 0.0 0.0 30.0 50.0 0.0 0.0 
25_3_019_109
0.0 0.0 12.0 39.0 25.0 0.0 0.0 0.0 5.0 24.0 66.0 7.0 16.0 10.0 0.0 -1.0 8.0 8.0 38.0 16.0 13.0 0.0 2.0 10.0 0.0 0.0 50.0 24.0 0.0 0.0 8.0 8.0 0.0 0.0 59.0 35.0 1.0 0.0 0.0 0.0 0.0 0.0 7.0 38.0 43.0 15.0 0.0 0.0 0.0 0.0 3.0 44.0 25.0 18.0 3.0 0.0 0.0 0.0 2.0 10.0 4.0 24.0 79.0 6.0 0.0 0.0 1.0 9.0 21.0 1.0 0.0 0.0 0.0 0.0 2.0 28.0 15.0 4.0 0.0 0.0 0.0 0.0 1.0 39.0 17.0 42.0 32.0 0.0 2.0 4.0 4.0 2.0 6.0 17.0 102.0 5.0 0.0 3.0 7.0 3.0 0.0 0.0 0.0 0.0 0.0 0.0 3.0 19.0 14.0 1.0 0.0 0.0 34.0 12.0 4.0 1.0 0.0 2.0 8.0 2.0 6.0 2.0 0.0 0.0 0.0 0.0 -2.0 17.0 
25_3_019_110
0.0 2.0 3.0 1.0 0.0 0.0 0.0 1.0 0.0 11.0 45.0 0.0 0.0 0.0 0.0 0.0 0.0 1.0 96.0 102.0 0.0 0.0 0.0 0.0 1.0 0.0 1.0 0.0 0.0 0.0 1.0 9.0 0.0 15.0 93.0 7.0 0.0 0.0 0.0 0.0 0.0 53.0 83.0 4.0 2.0 0.0 0.0 2.0 0.0 0.0 31.0 78.0 3.0 0.0 0.0 0.0 0.0 0.0 0.0 0.0 0.0 0.0 6.0 17.0 0.0 0.0 41.0 34.0 5.0 0.0 0.0 0.0 1.0 0.0 7.0 12.0 9.0 1.0 0.0 1.0 0.0 0.0 23.0 74.0 0.0 0.0 0.0 0.0 1.0 0.0 0.0 0.0 0.0 0.0 5.0 22.0 1.0 31.0 21.0 1.0 0.0 0.0 0.0 0.0 8.0 19.0 6.0 23.0 0.0 0.0 0.0 7.0 0.0 0.0 6.0 46.0 0.0 0.0 1.0 1.0 0.0 0.0 0.0 0.0 0.0 0.0 14.0 15.0 
25_3_019_111
1.0 30.0 22.0 1.0 4.0 2.0 0.0 0.0 0.0 35.0 68.0 18.0 8.0 0.0 0.0 0.0 0.0 11.0 60.0 7.0 0.0 0.0 0.0 0.0 5.0 11.0 3.0 2.0 0.0 0.0 -9.0 33.0 0.0 34.0 40.0 22.0 3.0 0.0 0.0 0.0 3.0 7.0 37.0 48.0 0.0 1.0 15.0 7.0 2.0 7.0 45.0 34.0 4.0 0.0 0.0 0.0 3.0 19.0 0.0 0.0 0.0 0.0 -5.0 49.0 0.0 70.0 31.0 7.0 0.0 0.0 1.0 16.0 0.0 5.0 7.0 20.0 2.0 14.0 70.0 34.0 0.0 0.0 12.0 102.0 3.0 3.0 4.0 0.0 0.0 0.0 0.0 0.0 0.0 0.0 42.0 45.0 0.0 0.0 0.0 10.0 20.0 6.0 89.0 16.0 0.0 0.0 47.0 73.0 0.0 3.0 43.0 3.0 0.0 0.0 16.0 29.0 0.0 0.0 9.0 9.0 0.0 0.0 0.0 0.0 0.0 0.0 93.0 26.0 
25_3_019_112
7.0 3.0 0.0 0.0 2.0 3.0 7.0 3.0 6.0 5.0 7.0 7.0 0.0 0.0 0.0 0.0 0.0 0.0 29.0 71.0 0.0 0.0 0.0 0.0 2.0 2.0 1.0 3.0 2.0 8.0 16.0 14.0 102.0 25.0 2.0 6.0 3.0 0.0 0.0 5.0 1.0 14.0 36.0 30.0 3.0 0.0 0.0 0.0 2.0 8.0 20.0 27.0 26.0 3.0 0.0 4.0 0.0 0.0 0.0 0.0 3.0 15.0 49.0 16.0 20.0 0.0 0.0 0.0 0.0 30.0 26.0 23.0 12.0 5.0 5.0 18.0 13.0 11.0 8.0 8.0 0.0 0.0 0.0 1.0 12.0 29.0 23.0 5.0 0.0 0.0 0.0 0.0 0.0 5.0 69.0 32.0 0.0 0.0 0.0 0.0 0.0 11.0 12.0 11.0 0.0 0.0 0.0 0.0 2.0 8.0 25.0 0.0 0.0 0.0 0.0 3.0 9.0 2.0 2.0 1.0 6.0 4.0 0.0 0.0 0.0 0.0 8.0 40.0 
25_3_019_113
0.0 0.0 0.0 0.0 0.0 0.0 0.0 0.0 0.0 0.0 1.0 2.0 0.0 0.0 0.0 0.0 0.0 0.0 33.0 64.0 0.0 0.0 0.0 0.0 0.0 0.0 2.0 6.0 0.0 0.0 0.0 0.0 0.0 4.0 0.0 0.0 0.0 0.0 0.0 0.0 0.0 3.0 5.0 8.0 0.0 0.0 0.0 0.0 0.0 0.0 16.0 102.0 0.0 0.0 0.0 0.0 0.0 0.0 0.0 1.0 1.0 3.0 0.0 0.0 0.0 44.0 3.0 0.0 0.0 0.0 0.0 0.0 0.0 45.0 8.0 0.0 0.0 0.0 0.0 0.0 0.0 0.0 11.0 33.0 18.0 14.0 0.0 0.0 0.0 0.0 0.0 0.0 2.0 42.0 4.0 0.0 0.0 0.0 0.0 0.0 0.0 1.0 0.0 0.0 0.0 0.0 0.0 0.0 0.0 1.0 1.0 0.0 0.0 0.0 0.0 0.0 0.0 4.0 0.0 0.0 0.0 0.0 0.0 0.0 2.0 5.0 0.0 0.0 
25_3_019_114
0.0 0.0 0.0 2.0 0.0 0.0 19.0 9.0 0.0 0.0 1.0 13.0 2.0 0.0 1.0 0.0 0.0 0.0 0.0 0.0 0.0 0.0 13.0 61.0 0.0 2.0 20.0 36.0 0.0 0.0 0.0 0.0 2.0 2.0 0.0 0.0 0.0 0.0 1.0 17.0 0.0 2.0 8.0 17.0 0.0 0.0 0.0 0.0 11.0 7.0 9.0 0.0 0.0 0.0 -24.0 102.0 0.0 8.0 60.0 24.0 0.0 0.0 -1.0 4.0 8.0 0.0 0.0 3.0 0.0 0.0 0.0 -1.0 1.0 3.0 3.0 17.0 3.0 0.0 0.0 0.0 13.0 30.0 17.0 8.0 9.0 0.0 0.0 -2.0 0.0 1.0 19.0 0.0 0.0 1.0 28.0 14.0 0.0 0.0 0.0 0.0 4.0 1.0 0.0 0.0 0.0 0.0 6.0 4.0 2.0 0.0 0.0 0.0 0.0 0.0 7.0 12.0 2.0 4.0 8.0 0.0 0.0 0.0 0.0 0.0 0.0 0.0 32.0 9.0 
25_3_019_115
0.0 22.0 38.0 12.0 15.0 9.0 0.0 0.0 4.0 67.0 10.0 2.0 9.0 32.0 0.0 0.0 12.0 43.0 0.0 0.0 0.0 3.0 18.0 4.0 11.0 23.0 0.0 0.0 0.0 11.0 5.0 2.0 0.0 0.0 2.0 5.0 1.0 102.0 53.0 0.0 0.0 2.0 47.0 60.0 81.0 68.0 3.0 0.0 0.0 0.0 0.0 1.0 13.0 9.0 41.0 12.0 0.0 0.0 0.0 0.0 0.0 17.0 5.0 2.0 0.0 53.0 94.0 0.0 0.0 0.0 0.0 0.0 0.0 8.0 64.0 2.0 3.0 13.0 20.0 0.0 0.0 0.0 0.0 5.0 9.0 19.0 21.0 0.0 1.0 0.0 0.0 5.0 2.0 0.0 1.0 6.0 0.0 3.0 3.0 0.0 0.0 7.0 7.0 0.0 2.0 20.0 3.0 0.0 0.0 7.0 13.0 2.0 0.0 15.0 20.0 10.0 2.0 1.0 0.0 0.0 0.0 0.0 0.0 2.0 0.0 6.0 19.0 4.0 
25_3_019_116
0.0 2.0 57.0 10.0 0.0 0.0 0.0 0.0 5.0 10.0 19.0 0.0 0.0 0.0 6.0 14.0 1.0 0.0 0.0 0.0 0.0 0.0 18.0 7.0 4.0 1.0 0.0 0.0 0.0 1.0 1.0 2.0 0.0 2.0 34.0 16.0 1.0 13.0 54.0 0.0 6.0 1.0 0.0 0.0 33.0 56.0 25.0 12.0 4.0 0.0 0.0 0.0 3.0 3.0 9.0 22.0 2.0 0.0 0.0 0.0 4.0 3.0 0.0 3.0 0.0 0.0 0.0 0.0 2.0 9.0 101.0 38.0 0.0 0.0 7.0 102.0 27.0 9.0 4.0 0.0 0.0 0.0 0.0 0.0 0.0 6.0 20.0 18.0 0.0 1.0 4.0 11.0 9.0 3.0 0.0 1.0 0.0 0.0 5.0 6.0 0.0 0.0 33.0 34.0 0.0 0.0 40.0 69.0 0.0 0.0 0.0 1.0 3.0 2.0 5.0 0.0 0.0 0.0 5.0 16.0 0.0 1.0 28.0 8.0 0.0 0.0 2.0 4.0 
25_3_019_117
0.0 0.0 24.0 31.0 0.0 0.0 5.0 4.0 0.0 0.0 2.0 6.0 5.0 9.0 53.0 22.0 30.0 2.0 0.0 1.0 0.0 13.0 61.0 18.0 5.0 4.0 0.0 0.0 0.0 13.0 21.0 6.0 0.0 0.0 11.0 22.0 0.0 0.0 28.0 39.0 0.0 0.0 14.0 99.0 3.0 0.0 36.0 38.0 61.0 45.0 2.0 0.0 0.0 0.0 0.0 8.0 66.0 5.0 0.0 0.0 0.0 0.0 0.0 49.0 0.0 0.0 0.0 2.0 1.0 5.0 54.0 54.0 0.0 0.0 2.0 102.0 28.0 0.0 6.0 19.0 0.0 0.0 0.0 0.0 3.0 48.0 53.0 0.0 2.0 0.0 0.0 0.0 0.0 3.0 49.0 52.0 0.0 0.0 0.0 0.0 0.0 1.0 31.0 19.0 2.0 0.0 4.0 49.0 7.0 0.0 0.0 5.0 21.0 2.0 0.0 0.0 2.0 0.0 8.0 14.0 29.0 0.0 0.0 0.0 0.0 0.0 0.0 14.0 
25_3_019_118
0.0 0.0 4.0 25.0 1.0 0.0 0.0 0.0 0.0 0.0 4.0 17.0 4.0 0.0 4.0 2.0 1.0 9.0 17.0 0.0 0.0 0.0 0.0 1.0 0.0 7.0 15.0 2.0 0.0 0.0 0.0 0.0 0.0 0.0 0.0 7.0 11.0 0.0 0.0 0.0 0.0 0.0 0.0 3.0 41.0 30.0 0.0 0.0 0.0 3.0 10.0 24.0 19.0 1.0 0.0 0.0 0.0 4.0 6.0 7.0 0.0 0.0 1.0 0.0 0.0 0.0 0.0 0.0 0.0 0.0 0.0 0.0 0.0 0.0 1.0 15.0 5.0 1.0 0.0 0.0 0.0 1.0 13.0 102.0 5.0 0.0 0.0 0.0 5.0 1.0 0.0 0.0 0.0 0.0 3.0 16.0 0.0 0.0 0.0 0.0 0.0 0.0 0.0 0.0 0.0 0.0 0.0 8.0 1.0 0.0 0.0 0.0 0.0 0.0 0.0 78.0 16.0 0.0 0.0 0.0 0.0 0.0 0.0 0.0 0.0 0.0 4.0 20.0 
25_3_019_119
0.0 0.0 0.0 0.0 0.0 51.0 14.0 0.0 0.0 0.0 0.0 0.0 0.0 102.0 29.0 0.0 0.0 0.0 0.0 0.0 0.0 102.0 31.0 0.0 0.0 0.0 0.0 0.0 0.0 83.0 32.0 1.0 7.0 39.0 21.0 0.0 0.0 36.0 12.0 0.0 44.0 27.0 2.0 3.0 0.0 22.0 7.0 1.0 7.0 36.0 48.0 49.0 2.0 0.0 0.0 0.0 74.0 15.0 0.0 0.0 0.0 0.0 0.0 15.0 4.0 9.0 21.0 4.0 1.0 29.0 19.0 0.0 44.0 19.0 0.0 0.0 8.0 42.0 12.0 17.0 2.0 2.0 5.0 33.0 38.0 24.0 1.0 6.0 6.0 3.0 0.0 0.0 0.0 18.0 29.0 10.0 1.0 0.0 0.0 0.0 0.0 22.0 14.0 2.0 0.0 3.0 3.0 0.0 0.0 30.0 14.0 0.0 0.0 19.0 6.0 0.0 5.0 34.0 8.0 0.0 0.0 43.0 13.0 0.0 0.0 22.0 11.0 0.0 
25_3_019_120
0.0 0.0 1.0 12.0 24.0 0.0 0.0 0.0 24.0 8.0 14.0 10.0 3.0 0.0 0.0 0.0 35.0 4.0 0.0 0.0 5.0 0.0 1.0 7.0 3.0 0.0 0.0 1.0 78.0 0.0 0.0 0.0 25.0 4.0 13.0 22.0 8.0 0.0 0.0 0.0 7.0 0.0 8.0 16.0 12.0 33.0 34.0 8.0 9.0 10.0 12.0 5.0 2.0 1.0 11.0 12.0 32.0 5.0 0.0 0.0 5.0 0.0 0.0 3.0 100.0 0.0 0.0 0.0 0.0 0.0 0.0 1.0 34.0 0.0 0.0 5.0 3.0 17.0 11.0 3.0 9.0 0.0 11.0 71.0 12.0 3.0 1.0 7.0 32.0 10.0 1.0 0.0 0.0 0.0 0.0 7.0 6.0 0.0 0.0 0.0 0.0 0.0 0.0 1.0 102.0 1.0 0.0 0.0 0.0 0.0 0.0 3.0 18.0 0.0 0.0 10.0 32.0 11.0 0.0 0.0 6.0 2.0 0.0 2.0 10.0 30.0 6.0 0.0 
25_3_019_121
0.0 0.0 0.0 0.0 0.0 0.0 0.0 0.0 0.0 0.0 0.0 0.0 0.0 0.0 1.0 1.0 0.0 0.0 63.0 19.0 0.0 0.0 0.0 1.0 0.0 0.0 51.0 25.0 0.0 0.0 7.0 9.0 1.0 1.0 0.0 0.0 0.0 0.0 0.0 0.0 0.0 2.0 5.0 7.0 0.0 0.0 0.0 0.0 0.0 0.0 72.0 102.0 5.0 0.0 0.0 0.0 3.0 5.0 6.0 0.0 0.0 4.0 20.0 16.0 0.0 1.0 0.0 0.0 0.0 0.0 0.0 0.0 0.0 2.0 1.0 5.0 1.0 0.0 0.0 0.0 0.0 0.0 0.0 64.0 92.0 10.0 0.0 0.0 0.0 13.0 11.0 9.0 35.0 17.0 0.0 0.0 0.0 0.0 0.0 0.0 0.0 0.0 0.0 0.0 0.0 0.0 0.0 0.0 0.0 0.0 0.0 0.0 0.0 0.0 1.0 3.0 14.0 7.0 0.0 0.0 0.0 0.0 41.0 97.0 20.0 3.0 0.0 0.0 
25_3_019_122
10.0 23.0 0.0 0.0 0.0 0.0 0.0 10.0 16.0 13.0 1.0 0.0 0.0 0.0 0.0 10.0 14.0 8.0 0.0 0.0 0.0 0.0 1.0 3.0 5.0 12.0 1.0 0.0 0.0 0.0 0.0 0.0 0.0 0.0 0.0 0.0 1.0 30.0 31.0 6.0 0.0 0.0 4.0 0.0 9.0 23.0 29.0 7.0 5.0 13.0 13.0 16.0 3.0 2.0 1.0 3.0 19.0 9.0 8.0 0.0 0.0 0.0 0.0 1.0 0.0 0.0 0.0 1.0 3.0 8.0 15.0 0.0 0.0 0.0 0.0 2.0 8.0 7.0 9.0 3.0 8.0 9.0 22.0 99.0 12.0 0.0 0.0 0.0 26.0 26.0 16.0 2.0 0.0 0.0 0.0 0.0 0.0 0.0 0.0 8.0 3.0 0.0 0.0 0.0 5.0 7.0 6.0 11.0 2.0 0.0 0.0 3.0 0.0 5.0 25.0 102.0 6.0 0.0 0.0 0.0 25.0 7.0 0.0 3.0 1.0 0.0 1.0 12.0 
25_3_019_123
2.0 3.0 3.0 3.0 3.0 0.0 0.0 1.0 0.0 0.0 1.0 52.0 14.0 0.0 0.0 0.0 2.0 6.0 6.0 10.0 13.0 2.0 0.0 0.0 16.0 0.0 0.0 0.0 0.0 0.0 -22.0 51.0 46.0 3.0 1.0 2.0 9.0 0.0 0.0 -5.0 4.0 2.0 6.0 46.0 14.0 0.0 0.0 0.0 0.0 0.0 0.0 20.0 24.0 11.0 0.0 0.0 8.0 14.0 7.0 11.0 1.0 0.0 0.0 0.0 0.0 0.0 0.0 6.0 95.0 11.0 -3.0 7.0 0.0 2.0 0.0 5.0 9.0 20.0 12.0 12.0 0.0 0.0 0.0 0.0 31.0 63.0 67.0 7.0 0.0 0.0 0.0 0.0 102.0 81.0 0.0 0.0 0.0 0.0 0.0 1.0 23.0 8.0 0.0 0.0 0.0 0.0 0.0 0.0 14.0 59.0 15.0 0.0 0.0 0.0 0.0 0.0 1.0 4.0 25.0 0.0 0.0 0.0 0.0 0.0 8.0 13.0 0.0 0.0 
25_3_019_124
0.0 0.0 1.0 2.0 0.0 0.0 0.0 0.0 0.0 21.0 56.0 6.0 0.0 0.0 0.0 0.0 3.0 82.0 15.0 1.0 0.0 0.0 0.0 0.0 9.0 72.0 2.0 0.0 0.0 0.0 0.0 0.0 0.0 3.0 7.0 10.0 0.0 0.0 0.0 0.0 0.0 4.0 20.0 85.0 4.0 0.0 0.0 0.0 15.0 1.0 0.0 1.0 4.0 16.0 3.0 6.0 0.0 0.0 0.0 0.0 0.0 29.0 7.0 1.0 0.0 102.0 66.0 0.0 0.0 0.0 0.0 0.0 19.0 52.0 42.0 5.0 0.0 0.0 0.0 1.0 33.0 24.0 1.0 0.0 0.0 0.0 0.0 1.0 40.0 8.0 0.0 0.0 0.0 0.0 0.0 4.0 0.0 3.0 5.0 0.0 0.0 21.0 5.0 0.0 4.0 2.0 0.0 0.0 2.0 11.0 7.0 7.0 7.0 14.0 2.0 0.0 3.0 4.0 5.0 4.0 17.0 6.0 0.0 0.0 0.0 0.0 6.0 3.0 
25_3_019_125
1.0 2.0 0.0 0.0 0.0 0.0 0.0 0.0 0.0 0.0 5.0 8.0 0.0 0.0 0.0 0.0 0.0 0.0 18.0 81.0 0.0 0.0 0.0 0.0 0.0 0.0 2.0 6.0 0.0 0.0 0.0 0.0 1.0 3.0 1.0 0.0 0.0 0.0 0.0 1.0 0.0 0.0 11.0 14.0 0.0 0.0 0.0 0.0 0.0 0.0 16.0 102.0 0.0 0.0 0.0 0.0 0.0 0.0 2.0 5.0 0.0 0.0 0.0 0.0 0.0 4.0 0.0 0.0 0.0 0.0 0.0 0.0 0.0 0.0 8.0 16.0 0.0 0.0 0.0 0.0 0.0 0.0 13.0 101.0 0.0 0.0 0.0 0.0 0.0 0.0 2.0 3.0 0.0 0.0 0.0 0.0 0.0 2.0 0.0 0.0 0.0 0.0 0.0 0.0 0.0 0.0 4.0 15.0 0.0 0.0 0.0 0.0 0.0 0.0 4.0 78.0 0.0 0.0 0.0 0.0 0.0 0.0 0.0 2.0 1.0 0.0 0.0 0.0 
25_3_019_126
0.0 0.0 0.0 0.0 4.0 23.0 12.0 0.0 0.0 0.0 0.0 0.0 13.0 18.0 15.0 1.0 2.0 7.0 17.0 16.0 3.0 2.0 2.0 0.0 14.0 5.0 2.0 0.0 0.0 0.0 0.0 4.0 0.0 0.0 1.0 6.0 2.0 2.0 1.0 0.0 2.0 0.0 3.0 3.0 3.0 5.0 5.0 5.0 15.0 2.0 31.0 102.0 1.0 0.0 0.0 0.0 26.0 19.0 12.0 1.0 0.0 0.0 0.0 1.0 0.0 0.0 1.0 8.0 1.0 0.0 0.0 0.0 2.0 18.0 21.0 28.0 1.0 0.0 0.0 0.0 1.0 4.0 36.0 89.0 1.0 0.0 0.0 0.0 23.0 1.0 0.0 0.0 1.0 1.0 4.0 20.0 0.0 0.0 0.0 1.0 4.0 3.0 0.0 0.0 0.0 0.0 0.0 35.0 30.0 0.0 0.0 0.0 0.0 0.0 0.0 41.0 34.0 0.0 0.0 0.0 20.0 0.0 0.0 5.0 7.0 0.0 0.0 36.0 
25_3_019_127
28.0 0.0 0.0 5.0 60.0 5.0 2.0 7.0 10.0 0.0 0.0 7.0 84.0 7.0 11.0 47.0 78.0 4.0 0.0 0.0 0.0 0.0 0.0 30.0 50.0 0.0 0.0 0.0 0.0 0.0 0.0 38.0 102.0 0.0 0.0 0.0 0.0 0.0 0.0 21.0 10.0 2.0 10.0 74.0 26.0 0.0 1.0 0.0 19.0 1.0 0.0 0.0 0.0 0.0 18.0 26.0 72.0 0.0 0.0 0.0 0.0 0.0 7.0 97.0 39.0 0.0 0.0 5.0 7.0 0.0 0.0 7.0 71.0 6.0 0.0 16.0 18.0 2.0 1.0 8.0 7.0 1.0 0.0 0.0 0.0 13.0 64.0 7.0 26.0 5.0 0.0 0.0 0.0 1.0 7.0 55.0 0.0 0.0 0.0 16.0 18.0 0.0 0.0 0.0 54.0 0.0 0.0 0.0 0.0 0.0 0.0 14.0 31.0 3.0 0.0 0.0 0.0 1.0 1.0 17.0 7.0 6.0 0.0 1.0 1.0 0.0 11.0 43.0 
25_3_019_128
0.0 0.0 0.0 0.0 0.0 0.0 0.0 0.0 0.0 0.0 0.0 0.0 0.0 0.0 0.0 1.0 0.0 0.0 25.0 71.0 0.0 0.0 0.0 0.0 0.0 0.0 2.0 5.0 0.0 0.0 0.0 0.0 0.0 0.0 0.0 0.0 0.0 0.0 0.0 0.0 0.0 0.0 1.0 7.0 0.0 0.0 0.0 0.0 0.0 0.0 20.0 102.0 0.0 0.0 0.0 0.0 0.0 0.0 0.0 3.0 0.0 0.0 0.0 0.0 0.0 0.0 0.0 0.0 0.0 0.0 0.0 0.0 0.0 0.0 2.0 17.0 0.0 0.0 0.0 1.0 0.0 0.0 7.0 102.0 0.0 0.0 0.0 0.0 0.0 0.0 0.0 2.0 1.0 0.0 0.0 0.0 0.0 0.0 0.0 0.0 0.0 0.0 0.0 0.0 0.0 0.0 0.0 14.0 0.0 0.0 0.0 1.0 0.0 0.0 0.0 80.0 4.0 0.0 0.0 0.0 0.0 0.0 0.0 1.0 0.0 0.0 0.0 0.0 
25_3_019_129
0.0 0.0 12.0 9.0 3.0 17.0 15.0 10.0 94.0 0.0 0.0 4.0 11.0 6.0 0.0 20.0 8.0 0.0 6.0 60.0 50.0 0.0 0.0 -3.0 0.0 0.0 0.0 0.0 4.0 0.0 -27.0 102.0 0.0 0.0 0.0 0.0 16.0 76.0 46.0 7.0 0.0 0.0 12.0 101.0 32.0 47.0 22.0 0.0 19.0 5.0 0.0 9.0 18.0 2.0 -4.0 17.0 0.0 0.0 0.0 1.0 31.0 9.0 0.0 53.0 1.0 2.0 3.0 3.0 9.0 19.0 0.0 6.0 -2.0 7.0 22.0 71.0 39.0 1.0 0.0 0.0 0.0 0.0 0.0 0.0 7.0 51.0 41.0 4.0 0.0 0.0 0.0 3.0 54.0 9.0 14.0 10.0 0.0 0.0 0.0 16.0 41.0 20.0 3.0 0.0 0.0 0.0 0.0 27.0 47.0 0.0 0.0 0.0 0.0 0.0 0.0 1.0 7.0 10.0 14.0 0.0 0.0 0.0 0.0 4.0 14.0 10.0 5.0 0.0 
