25_3_038_0
1.0 0.0 0.0 1.0 1.0 29.0 11.0 0.0 0.0 1.0 1.0 15.0 31.0 19.0 0.0 0.0 0.0 0.0 0.0 55.0 31.0 0.0 0.0 0.0 0.0 0.0 0.0 0.0 0.0 0.0 0.0 2.0 0.0 0.0 4.0 9.0 6.0 1.0 0.0 0.0 0.0 4.0 13.0 26.0 6.0 0.0 0.0 0.0 0.0 0.0 11.0 102.0 5.0 0.0 0.0 0.0 4.0 1.0 0.0 0.0 0.0 0.0 0.0 0.0 1.0 3.0 10.0 2.0 0.0 0.0 2.0 7.0 0.0 0.0 7.0 26.0 16.0 1.0 5.0 0.0 0.0 0.0 4.0 44.0 87.0 43.0 1.0 0.0 1.0 0.0 0.0 0.0 17.0 14.0 0.0 0.0 17.0 6.0 1.0 3.0 2.0 0.0 0.0 2.0 1.0 2.0 5.0 2.0 0.0 0.0 28.0 26.0 0.0 0.0 0.0 1.0 37.0 26.0 16.0 5.0 0.0 0.0 0.0 0.0 72.0 55.0 0.0 0.0 
25_3_038_1
0.0 0.0 0.0 0.0 0.0 0.0 2.0 2.0 0.0 0.0 10.0 6.0 0.0 0.0 0.0 0.0 3.0 0.0 19.0 2.0 0.0 0.0 0.0 1.0 1.0 0.0 0.0 0.0 0.0 0.0 0.0 14.0 0.0 0.0 0.0 0.0 0.0 0.0 0.0 5.0 0.0 0.0 6.0 28.0 0.0 0.0 0.0 0.0 0.0 0.0 0.0 1.0 5.0 6.0 1.0 0.0 0.0 0.0 0.0 0.0 2.0 1.0 -7.0 25.0 102.0 0.0 0.0 0.0 0.0 0.0 0.0 -46.0 47.0 14.0 7.0 10.0 0.0 0.0 0.0 -21.0 0.0 0.0 0.0 1.0 0.0 0.0 -2.0 14.0 0.0 0.0 0.0 1.0 1.0 0.0 2.0 2.0 8.0 1.0 0.0 0.0 0.0 0.0 0.0 -3.0 9.0 0.0 0.0 0.0 0.0 0.0 -11.0 35.0 6.0 0.0 0.0 0.0 0.0 0.0 -3.0 13.0 0.0 0.0 0.0 0.0 0.0 0.0 0.0 5.0 
25_3_038_2
0.0 0.0 0.0 0.0 0.0 0.0 0.0 9.0 0.0 0.0 11.0 78.0 6.0 0.0 0.0 0.0 1.0 0.0 2.0 0.0 0.0 3.0 12.0 31.0 3.0 0.0 0.0 0.0 0.0 1.0 13.0 16.0 1.0 0.0 0.0 0.0 0.0 0.0 0.0 15.0 0.0 0.0 13.0 102.0 0.0 0.0 0.0 0.0 15.0 16.0 6.0 3.0 0.0 0.0 0.0 4.0 51.0 19.0 0.0 0.0 0.0 0.0 1.0 4.0 4.0 0.0 0.0 0.0 0.0 0.0 0.0 14.0 1.0 0.0 0.0 56.0 38.0 0.0 0.0 0.0 1.0 0.0 0.0 8.0 21.0 12.0 13.0 6.0 1.0 0.0 0.0 0.0 6.0 19.0 4.0 4.0 7.0 0.0 0.0 0.0 0.0 0.0 0.0 5.0 4.0 5.0 2.0 11.0 8.0 0.0 0.0 0.0 4.0 3.0 16.0 25.0 27.0 0.0 0.0 3.0 11.0 7.0 1.0 1.0 2.0 0.0 0.0 2.0 
25_3_038_3
1.0 48.0 33.0 2.0 11.0 25.0 0.0 0.0 71.0 66.0 0.0 0.0 4.0 26.0 2.0 0.0 74.0 57.0 0.0 0.0 0.0 0.0 0.0 0.0 33.0 0.0 0.0 0.0 0.0 0.0 2.0 3.0 0.0 0.0 0.0 0.0 5.0 47.0 17.0 0.0 0.0 0.0 25.0 46.0 36.0 17.0 0.0 0.0 26.0 8.0 6.0 2.0 1.0 0.0 14.0 28.0 78.0 0.0 0.0 0.0 0.0 0.0 0.0 35.0 9.0 10.0 2.0 1.0 1.0 1.0 3.0 8.0 0.0 1.0 14.0 102.0 30.0 7.0 0.0 0.0 2.0 0.0 0.0 0.0 0.0 8.0 49.0 40.0 19.0 3.0 0.0 5.0 8.0 3.0 0.0 8.0 8.0 57.0 34.0 0.0 0.0 0.0 0.0 0.0 18.0 44.0 15.0 0.0 0.0 0.0 10.0 5.0 22.0 11.0 0.0 0.0 0.0 0.0 2.0 2.0 3.0 11.0 16.0 5.0 0.0 0.0 0.0 0.0 
25_3_038_4
0.0 1.0 1.0 0.0 2.0 5.0 2.0 2.0 0.0 0.0 3.0 1.0 8.0 15.0 4.0 0.0 0.0 0.0 0.0 0.0 0.0 9.0 50.0 4.0 0.0 0.0 0.0 2.0 17.0 10.0 0.0 0.0 1.0 0.0 0.0 0.0 2.0 6.0 4.0 2.0 12.0 4.0 9.0 24.0 5.0 0.0 0.0 -3.0 10.0 1.0 0.0 0.0 0.0 0.0 -37.0 102.0 0.0 6.0 14.0 7.0 0.0 0.0 0.0 0.0 4.0 2.0 0.0 0.0 30.0 6.0 0.0 -1.0 0.0 0.0 6.0 22.0 15.0 3.0 0.0 0.0 10.0 11.0 3.0 0.0 0.0 0.0 0.0 28.0 0.0 27.0 17.0 0.0 0.0 0.0 3.0 0.0 0.0 0.0 0.0 1.0 27.0 5.0 0.0 0.0 0.0 0.0 0.0 0.0 26.0 38.0 0.0 0.0 0.0 0.0 0.0 0.0 2.0 69.0 4.0 0.0 0.0 0.0 0.0 0.0 1.0 48.0 15.0 0.0 
25_3_038_5
0.0 0.0 17.0 65.0 82.0 36.0 31.0 0.0 3.0 1.0 0.0 1.0 1.0 28.0 66.0 1.0 3.0 4.0 0.0 7.0 37.0 34.0 1.0 0.0 0.0 0.0 1.0 90.0 61.0 0.0 0.0 0.0 0.0 1.0 17.0 4.0 1.0 16.0 24.0 0.0 3.0 3.0 3.0 24.0 25.0 15.0 5.0 0.0 2.0 19.0 25.0 26.0 4.0 2.0 0.0 0.0 0.0 0.0 6.0 102.0 24.0 1.0 0.0 0.0 9.0 26.0 11.0 5.0 0.0 0.0 1.0 1.0 1.0 8.0 22.0 16.0 7.0 1.0 0.0 0.0 2.0 0.0 5.0 21.0 26.0 25.0 4.0 15.0 0.0 0.0 0.0 90.0 36.0 9.0 0.0 0.0 15.0 1.0 0.0 6.0 5.0 25.0 25.0 15.0 11.0 5.0 42.0 14.0 0.0 0.0 0.0 8.0 7.0 2.0 19.0 23.0 0.0 0.0 1.0 25.0 0.0 0.0 4.0 11.0 0.0 10.0 29.0 51.0 
25_3_038_6
2.0 2.0 1.0 5.0 15.0 9.0 2.0 0.0 2.0 11.0 14.0 13.0 4.0 1.0 3.0 0.0 0.0 1.0 6.0 49.0 30.0 0.0 0.0 0.0 0.0 0.0 0.0 76.0 25.0 0.0 0.0 0.0 0.0 1.0 8.0 16.0 7.0 4.0 0.0 0.0 0.0 5.0 9.0 17.0 14.0 14.0 3.0 5.0 0.0 0.0 0.0 32.0 40.0 16.0 0.0 0.0 0.0 0.0 0.0 50.0 80.0 102.0 0.0 0.0 6.0 2.0 23.0 16.0 1.0 0.0 1.0 9.0 13.0 4.0 4.0 8.0 0.0 0.0 0.0 38.0 0.0 0.0 11.0 61.0 0.0 1.0 0.0 3.0 3.0 0.0 0.0 0.0 5.0 39.0 35.0 91.0 0.0 0.0 6.0 42.0 41.0 7.0 7.0 0.0 35.0 26.0 1.0 5.0 6.0 0.0 0.0 1.0 6.0 24.0 12.0 7.0 0.0 0.0 1.0 12.0 0.0 0.0 0.0 0.0 0.0 0.0 22.0 89.0 
25_3_038_7
1.0 0.0 0.0 1.0 13.0 3.0 1.0 1.0 0.0 0.0 0.0 39.0 66.0 1.0 0.0 0.0 0.0 0.0 0.0 24.0 24.0 0.0 0.0 0.0 1.0 0.0 0.0 0.0 0.0 0.0 0.0 1.0 6.0 1.0 3.0 2.0 1.0 0.0 2.0 13.0 0.0 0.0 5.0 49.0 13.0 1.0 0.0 0.0 0.0 0.0 1.0 102.0 40.0 0.0 0.0 0.0 2.0 0.0 0.0 0.0 0.0 0.0 0.0 1.0 12.0 14.0 13.0 0.0 0.0 0.0 0.0 1.0 3.0 24.0 75.0 6.0 0.0 0.0 0.0 0.0 0.0 0.0 71.0 51.0 0.0 0.0 0.0 0.0 0.0 0.0 0.0 0.0 0.0 0.0 0.0 1.0 0.0 19.0 46.0 0.0 0.0 0.0 0.0 0.0 0.0 5.0 81.0 0.0 0.0 0.0 0.0 0.0 0.0 0.0 8.0 0.0 0.0 0.0 0.0 0.0 0.0 0.0 0.0 0.0 0.0 0.0 2.0 0.0 
25_3_038_8
18.0 66.0 0.0 0.0 0.0 0.0 0.0 0.0 1.0 62.0 67.0 23.0 0.0 0.0 0.0 0.0 0.0 0.0 11.0 102.0 37.0 79.0 9.0 0.0 0.0 0.0 0.0 0.0 4.0 97.0 29.0 0.0 0.0 21.0 2.0 0.0 0.0 11.0 9.0 0.0 0.0 10.0 4.0 0.0 2.0 35.0 10.0 0.0 0.0 0.0 9.0 13.0 22.0 23.0 0.0 0.0 5.0 2.0 1.0 0.0 4.0 13.0 3.0 6.0 24.0 11.0 0.0 0.0 0.0 2.0 11.0 5.0 2.0 18.0 19.0 2.0 0.0 2.0 0.0 0.0 1.0 4.0 16.0 29.0 13.0 4.0 0.0 0.0 10.0 2.0 2.0 6.0 3.0 12.0 2.0 3.0 27.0 5.0 0.0 0.0 0.0 2.0 11.0 17.0 2.0 4.0 4.0 5.0 4.0 1.0 3.0 5.0 8.0 11.0 12.0 4.0 2.0 0.0 0.0 4.0 0.0 1.0 26.0 13.0 8.0 1.0 0.0 0.0 
25_3_038_9
0.0 0.0 0.0 4.0 6.0 2.0 2.0 4.0 4.0 0.0 0.0 0.0 23.0 9.0 0.0 3.0 0.0 4.0 42.0 22.0 17.0 21.0 4.0 0.0 3.0 37.0 18.0 0.0 0.0 0.0 0.0 2.0 9.0 5.0 4.0 6.0 0.0 0.0 0.0 3.0 8.0 3.0 13.0 10.0 0.0 0.0 0.0 1.0 3.0 2.0 71.0 102.0 0.0 0.0 0.0 3.0 13.0 1.0 0.0 0.0 0.0 2.0 13.0 29.0 22.0 33.0 1.0 0.0 0.0 0.0 0.0 0.0 0.0 34.0 44.0 0.0 0.0 0.0 0.0 0.0 5.0 3.0 18.0 89.0 29.0 0.0 0.0 0.0 32.0 0.0 0.0 0.0 0.0 0.0 0.0 33.0 8.0 38.0 0.0 0.0 0.0 0.0 0.0 0.0 0.0 30.0 13.0 0.0 0.0 0.0 0.0 0.0 0.0 9.0 18.0 8.0 10.0 0.0 0.0 0.0 7.0 3.0 10.0 2.0 6.0 5.0 2.0 5.0 
25_3_038_10
0.0 0.0 0.0 0.0 0.0 22.0 10.0 0.0 0.0 0.0 0.0 0.0 18.0 25.0 0.0 0.0 0.0 0.0 9.0 14.0 11.0 6.0 0.0 0.0 3.0 19.0 18.0 6.0 7.0 0.0 0.0 0.0 0.0 0.0 1.0 0.0 0.0 4.0 19.0 2.0 0.0 0.0 4.0 8.0 12.0 6.0 1.0 0.0 0.0 0.0 69.0 102.0 7.0 0.0 0.0 0.0 6.0 8.0 11.0 3.0 1.0 3.0 30.0 31.0 2.0 7.0 10.0 0.0 0.0 0.0 0.0 1.0 0.0 0.0 2.0 12.0 0.0 0.0 7.0 6.0 0.0 0.0 1.0 87.0 56.0 4.0 0.0 0.0 1.0 0.0 0.0 0.0 0.0 13.0 32.0 24.0 11.0 15.0 8.0 0.0 0.0 0.0 0.0 3.0 0.0 70.0 42.0 0.0 0.0 0.0 0.0 1.0 21.0 44.0 10.0 5.0 16.0 3.0 0.0 0.0 2.0 2.0 0.0 0.0 4.0 20.0 4.0 0.0 
25_3_038_11
9.0 11.0 2.0 0.0 0.0 0.0 0.0 1.0 18.0 23.0 2.0 0.0 0.0 0.0 0.0 0.0 0.0 10.0 9.0 4.0 0.0 0.0 0.0 0.0 2.0 0.0 0.0 0.0 0.0 0.0 15.0 53.0 0.0 4.0 1.0 2.0 54.0 17.0 0.0 0.0 5.0 10.0 0.0 0.0 8.0 26.0 8.0 4.0 6.0 7.0 7.0 8.0 2.0 1.0 1.0 5.0 1.0 0.0 0.0 0.0 0.0 0.0 17.0 102.0 0.0 0.0 9.0 24.0 2.0 0.0 0.0 0.0 0.0 0.0 6.0 13.0 5.0 2.0 0.0 0.0 0.0 0.0 3.0 16.0 0.0 0.0 79.0 20.0 0.0 0.0 0.0 0.0 0.0 0.0 69.0 16.0 0.0 0.0 18.0 5.0 0.0 0.0 0.0 0.0 1.0 1.0 23.0 4.0 0.0 0.0 3.0 8.0 0.0 0.0 0.0 0.0 0.0 0.0 86.0 32.0 0.0 0.0 2.0 2.0 0.0 0.0 1.0 0.0 
25_3_038_12
4.0 19.0 14.0 22.0 13.0 5.0 0.0 0.0 9.0 5.0 6.0 1.0 4.0 24.0 17.0 32.0 0.0 0.0 0.0 50.0 35.0 26.0 0.0 0.0 0.0 0.0 1.0 43.0 18.0 4.0 4.0 0.0 2.0 4.0 48.0 28.0 4.0 0.0 0.0 1.0 22.0 0.0 0.0 0.0 0.0 0.0 8.0 91.0 0.0 0.0 30.0 102.0 0.0 0.0 0.0 0.0 0.0 0.0 7.0 20.0 0.0 0.0 18.0 72.0 33.0 7.0 24.0 4.0 0.0 0.0 3.0 26.0 34.0 21.0 3.0 0.0 0.0 0.0 17.0 20.0 0.0 7.0 29.0 76.0 0.0 0.0 0.0 0.0 2.0 0.0 2.0 12.0 2.0 0.0 18.0 80.0 5.0 19.0 5.0 21.0 31.0 0.0 0.0 1.0 72.0 60.0 0.0 0.0 0.0 0.0 0.0 0.0 8.0 48.0 19.0 6.0 0.0 0.0 0.0 0.0 10.0 1.0 0.0 0.0 1.0 0.0 31.0 76.0 
25_3_038_13
0.0 1.0 1.0 0.0 0.0 0.0 0.0 0.0 0.0 0.0 5.0 70.0 0.0 0.0 0.0 0.0 0.0 0.0 2.0 27.0 0.0 0.0 0.0 0.0 0.0 0.0 0.0 0.0 0.0 0.0 0.0 0.0 0.0 3.0 1.0 0.0 0.0 0.0 0.0 0.0 0.0 0.0 23.0 85.0 0.0 0.0 0.0 0.0 0.0 0.0 3.0 23.0 3.0 0.0 0.0 0.0 0.0 0.0 0.0 0.0 1.0 1.0 0.0 0.0 0.0 4.0 2.0 0.0 0.0 0.0 0.0 0.0 0.0 0.0 6.0 102.0 1.0 0.0 0.0 0.0 0.0 0.0 0.0 16.0 3.0 0.0 0.0 0.0 0.0 0.0 0.0 0.0 1.0 0.0 0.0 0.0 0.0 2.0 1.0 0.0 0.0 0.0 0.0 0.0 0.0 0.0 5.0 70.0 0.0 0.0 0.0 0.0 0.0 0.0 1.0 14.0 0.0 0.0 0.0 0.0 0.0 0.0 0.0 0.0 0.0 0.0 0.0 0.0 
25_3_038_14
3.0 3.0 9.0 9.0 0.0 1.0 11.0 0.0 0.0 30.0 35.0 24.0 0.0 0.0 0.0 0.0 7.0 1.0 0.0 4.0 20.0 34.0 13.0 2.0 0.0 0.0 31.0 42.0 10.0 5.0 6.0 0.0 9.0 39.0 20.0 2.0 0.0 0.0 0.0 2.0 0.0 2.0 6.0 16.0 20.0 29.0 6.0 2.0 24.0 47.0 12.0 39.0 13.0 2.0 0.0 1.0 5.0 6.0 13.0 20.0 24.0 25.0 12.0 7.0 29.0 18.0 0.0 0.0 0.0 0.0 27.0 53.0 2.0 13.0 75.0 12.0 0.0 0.0 4.0 8.0 2.0 5.0 54.0 39.0 4.0 2.0 12.0 9.0 5.0 0.0 7.0 2.0 4.0 3.0 20.0 86.0 0.0 0.0 4.0 28.0 9.0 47.0 46.0 2.0 8.0 23.0 102.0 50.0 0.0 0.0 0.0 7.0 7.0 5.0 0.0 0.0 0.0 0.0 27.0 45.0 6.0 5.0 11.0 12.0 0.0 0.0 7.0 25.0 
25_3_038_15
3.0 0.0 0.0 3.0 16.0 39.0 14.0 6.0 1.0 3.0 6.0 9.0 11.0 3.0 21.0 13.0 7.0 1.0 6.0 10.0 25.0 15.0 26.0 12.0 5.0 1.0 0.0 9.0 32.0 17.0 15.0 1.0 0.0 0.0 14.0 36.0 22.0 2.0 0.0 0.0 1.0 13.0 15.0 9.0 4.0 23.0 18.0 0.0 32.0 14.0 10.0 19.0 59.0 5.0 1.0 2.0 73.0 10.0 0.0 2.0 1.0 0.0 0.0 11.0 0.0 1.0 21.0 9.0 27.0 2.0 0.0 0.0 11.0 9.0 6.0 1.0 2.0 6.0 11.0 5.0 0.0 0.0 11.0 102.0 19.0 0.0 0.0 0.0 32.0 21.0 1.0 0.0 0.0 0.0 0.0 16.0 0.0 13.0 49.0 19.0 2.0 0.0 0.0 0.0 46.0 28.0 19.0 1.0 0.0 0.0 0.0 14.0 6.0 0.0 1.0 59.0 74.0 2.0 0.0 14.0 13.0 19.0 8.0 4.0 29.0 8.0 0.0 0.0 
25_3_038_16
0.0 0.0 0.0 2.0 6.0 0.0 0.0 0.0 7.0 0.0 2.0 9.0 8.0 0.0 0.0 -2.0 19.0 0.0 1.0 2.0 0.0 0.0 -46.0 102.0 1.0 1.0 0.0 0.0 0.0 0.0 -4.0 11.0 0.0 0.0 0.0 7.0 7.0 0.0 0.0 0.0 0.0 0.0 0.0 14.0 8.0 0.0 0.0 0.0 0.0 0.0 0.0 34.0 5.0 0.0 -24.0 81.0 0.0 0.0 0.0 0.0 0.0 0.0 -14.0 59.0 0.0 0.0 4.0 12.0 1.0 0.0 0.0 0.0 0.0 0.0 3.0 17.0 0.0 0.0 0.0 0.0 0.0 0.0 3.0 45.0 0.0 0.0 5.0 36.0 0.0 0.0 0.0 0.0 0.0 0.0 5.0 48.0 -2.0 8.0 3.0 4.0 0.0 0.0 0.0 0.0 0.0 0.0 1.0 15.0 0.0 0.0 0.0 0.0 0.0 0.0 0.0 22.0 2.0 0.0 20.0 35.0 0.0 0.0 0.0 0.0 0.0 0.0 6.0 12.0 
25_3_038_17
0.0 0.0 0.0 0.0 0.0 0.0 0.0 0.0 0.0 0.0 8.0 24.0 5.0 0.0 0.0 0.0 0.0 8.0 23.0 16.0 6.0 0.0 0.0 0.0 3.0 8.0 5.0 0.0 0.0 1.0 0.0 2.0 1.0 0.0 0.0 0.0 0.0 0.0 0.0 0.0 0.0 0.0 0.0 8.0 8.0 0.0 0.0 0.0 0.0 0.0 12.0 88.0 7.0 0.0 2.0 9.0 0.0 0.0 0.0 0.0 2.0 4.0 17.0 15.0 1.0 0.0 0.0 0.0 0.0 0.0 0.0 2.0 0.0 0.0 1.0 15.0 0.0 0.0 0.0 1.0 2.0 1.0 14.0 102.0 0.0 0.0 0.0 24.0 1.0 0.0 0.0 0.0 0.0 0.0 0.0 29.0 0.0 0.0 0.0 0.0 0.0 0.0 1.0 1.0 0.0 0.0 3.0 20.0 0.0 0.0 0.0 1.0 9.0 1.0 15.0 82.0 0.0 0.0 0.0 21.0 5.0 0.0 0.0 0.0 0.0 0.0 0.0 24.0 
25_3_038_18
0.0 0.0 1.0 1.0 12.0 34.0 0.0 0.0 0.0 0.0 0.0 1.0 81.0 68.0 0.0 0.0 0.0 0.0 0.0 15.0 41.0 40.0 24.0 9.0 0.0 0.0 0.0 0.0 0.0 1.0 4.0 8.0 0.0 1.0 3.0 1.0 0.0 0.0 0.0 0.0 0.0 1.0 3.0 10.0 0.0 0.0 0.0 0.0 0.0 0.0 4.0 102.0 0.0 0.0 0.0 0.0 0.0 0.0 0.0 0.0 0.0 0.0 11.0 23.0 0.0 0.0 2.0 2.0 0.0 0.0 0.0 0.0 0.0 0.0 43.0 11.0 0.0 0.0 0.0 0.0 0.0 0.0 25.0 48.0 0.0 0.0 0.0 4.0 1.0 0.0 0.0 0.0 0.0 0.0 2.0 24.0 0.0 2.0 2.0 1.0 0.0 0.0 0.0 0.0 0.0 1.0 30.0 39.0 0.0 0.0 0.0 0.0 0.0 0.0 2.0 13.0 4.0 0.0 0.0 4.0 4.0 0.0 0.0 0.0 0.0 0.0 1.0 11.0 
25_3_038_19
0.0 0.0 0.0 0.0 0.0 0.0 1.0 3.0 0.0 0.0 0.0 82.0 17.0 0.0 0.0 0.0 0.0 0.0 0.0 0.0 1.0 1.0 3.0 21.0 3.0 0.0 0.0 0.0 0.0 0.0 0.0 8.0 2.0 0.0 0.0 0.0 0.0 0.0 0.0 3.0 0.0 0.0 14.0 102.0 1.0 0.0 0.0 0.0 6.0 0.0 3.0 9.0 0.0 0.0 0.0 22.0 5.0 4.0 1.0 0.0 0.0 0.0 0.0 2.0 0.0 0.0 0.0 0.0 0.0 0.0 0.0 3.0 0.0 0.0 17.0 100.0 2.0 0.0 0.0 0.0 17.0 0.0 0.0 11.0 2.0 0.0 0.0 11.0 0.0 4.0 17.0 5.0 1.0 2.0 0.0 0.0 0.0 0.0 0.0 0.0 0.0 0.0 0.0 2.0 0.0 0.0 0.0 43.0 37.0 0.0 0.0 0.0 0.0 0.0 0.0 4.0 22.0 2.0 3.0 4.0 0.0 0.0 0.0 0.0 0.0 6.0 10.0 2.0 
25_3_038_20
0.0 0.0 0.0 0.0 1.0 16.0 1.0 0.0 0.0 0.0 4.0 26.0 12.0 3.0 0.0 0.0 5.0 22.0 39.0 11.0 0.0 0.0 0.0 4.0 6.0 1.0 0.0 0.0 0.0 0.0 15.0 26.0 0.0 0.0 0.0 2.0 11.0 6.0 5.0 0.0 0.0 0.0 13.0 102.0 8.0 6.0 0.0 0.0 0.0 0.0 5.0 23.0 3.0 12.0 16.0 6.0 11.0 0.0 0.0 0.0 0.0 0.0 14.0 64.0 0.0 0.0 2.0 8.0 0.0 0.0 0.0 8.0 0.0 0.0 0.0 59.0 52.0 0.0 0.0 1.0 0.0 0.0 0.0 1.0 37.0 21.0 5.0 0.0 7.0 1.0 0.0 0.0 0.0 0.0 9.0 27.0 0.0 0.0 1.0 0.0 0.0 0.0 1.0 6.0 0.0 0.0 7.0 13.0 9.0 0.0 0.0 1.0 0.0 6.0 4.0 6.0 29.0 19.0 0.0 0.0 0.0 1.0 1.0 0.0 1.0 18.0 9.0 0.0 
25_3_038_21
0.0 14.0 27.0 13.0 4.0 0.0 0.0 0.0 12.0 11.0 7.0 3.0 0.0 0.0 0.0 1.0 2.0 5.0 23.0 9.0 0.0 0.0 0.0 0.0 0.0 0.0 16.0 41.0 0.0 0.0 0.0 0.0 0.0 1.0 2.0 18.0 29.0 12.0 0.0 0.0 4.0 0.0 0.0 0.0 4.0 15.0 16.0 3.0 0.0 0.0 16.0 35.0 4.0 0.0 0.0 0.0 0.0 0.0 43.0 54.0 1.0 0.0 0.0 0.0 0.0 0.0 13.0 23.0 21.0 7.0 0.0 0.0 0.0 5.0 13.0 11.0 4.0 0.0 0.0 0.0 0.0 0.0 46.0 56.0 0.0 0.0 0.0 0.0 0.0 0.0 102.0 28.0 0.0 0.0 0.0 0.0 0.0 1.0 37.0 5.0 0.0 0.0 0.0 0.0 0.0 0.0 14.0 7.0 0.0 2.0 0.0 0.0 0.0 0.0 54.0 73.0 20.0 2.0 0.0 0.0 0.0 0.0 16.0 11.0 3.0 1.0 0.0 0.0 
25_3_038_22
0.0 4.0 1.0 0.0 0.0 0.0 0.0 0.0 0.0 0.0 36.0 14.0 0.0 0.0 0.0 0.0 0.0 3.0 56.0 23.0 0.0 0.0 0.0 0.0 0.0 0.0 0.0 3.0 0.0 0.0 6.0 11.0 1.0 3.0 0.0 0.0 0.0 0.0 0.0 0.0 0.0 0.0 38.0 84.0 0.0 0.0 0.0 0.0 1.0 7.0 9.0 15.0 4.0 0.0 0.0 11.0 3.0 0.0 0.0 0.0 0.0 0.0 2.0 12.0 0.0 0.0 1.0 0.0 0.0 0.0 0.0 0.0 0.0 0.0 13.0 102.0 4.0 0.0 0.0 0.0 6.0 4.0 7.0 6.0 9.0 3.0 0.0 4.0 6.0 13.0 8.0 0.0 0.0 0.0 0.0 0.0 0.0 1.0 1.0 1.0 0.0 0.0 0.0 0.0 0.0 2.0 16.0 66.0 2.0 0.0 0.0 0.0 2.0 11.0 40.0 6.0 0.0 0.0 0.0 2.0 0.0 2.0 7.0 2.0 6.0 3.0 3.0 2.0 
25_3_038_23
0.0 0.0 0.0 0.0 12.0 6.0 1.0 0.0 4.0 2.0 0.0 6.0 21.0 0.0 0.0 0.0 0.0 0.0 0.0 55.0 76.0 0.0 0.0 0.0 0.0 0.0 0.0 2.0 3.0 0.0 0.0 0.0 1.0 0.0 0.0 0.0 1.0 4.0 7.0 7.0 0.0 0.0 12.0 48.0 11.0 0.0 0.0 0.0 7.0 0.0 0.0 32.0 59.0 0.0 0.0 4.0 0.0 0.0 0.0 37.0 34.0 0.0 0.0 0.0 9.0 0.0 3.0 3.0 0.0 0.0 0.0 19.0 0.0 1.0 11.0 50.0 6.0 0.0 0.0 0.0 6.0 0.0 6.0 28.0 8.0 4.0 21.0 13.0 0.0 0.0 6.0 102.0 10.0 0.0 0.0 0.0 9.0 12.0 4.0 0.0 0.0 0.0 0.0 5.0 0.0 2.0 36.0 26.0 0.0 0.0 0.0 0.0 27.0 18.0 43.0 8.0 0.0 0.0 0.0 0.0 0.0 0.0 32.0 33.0 0.0 0.0 0.0 0.0 
25_3_038_24
3.0 1.0 3.0 25.0 12.0 0.0 0.0 2.0 6.0 2.0 0.0 6.0 13.0 1.0 0.0 1.0 0.0 12.0 21.0 10.0 0.0 0.0 0.0 0.0 0.0 1.0 30.0 17.0 15.0 5.0 0.0 0.0 0.0 0.0 1.0 21.0 92.0 0.0 0.0 0.0 6.0 7.0 1.0 4.0 17.0 15.0 4.0 0.0 0.0 5.0 13.0 29.0 6.0 0.0 0.0 0.0 0.0 0.0 0.0 0.0 3.0 27.0 8.0 13.0 0.0 0.0 0.0 5.0 23.0 0.0 0.0 0.0 0.0 1.0 1.0 28.0 86.0 0.0 0.0 0.0 1.0 2.0 9.0 49.0 38.0 10.0 0.0 0.0 33.0 7.0 0.0 0.0 3.0 0.0 -24.0 60.0 0.0 1.0 1.0 0.0 0.0 0.0 0.0 0.0 0.0 0.0 0.0 3.0 39.0 5.0 0.0 0.0 0.0 0.0 0.0 0.0 32.0 71.0 4.0 0.0 1.0 3.0 0.0 0.0 102.0 39.0 0.0 0.0 
25_3_038_25
20.0 23.0 2.0 9.0 1.0 0.0 0.0 4.0 1.0 12.0 18.0 96.0 19.0 0.0 0.0 0.0 0.0 0.0 2.0 33.0 2.0 0.0 0.0 0.0 1.0 0.0 0.0 0.0 0.0 0.0 0.0 1.0 0.0 3.0 2.0 45.0 26.0 0.0 0.0 0.0 4.0 11.0 28.0 73.0 4.0 2.0 0.0 0.0 0.0 0.0 4.0 27.0 0.0 0.0 0.0 0.0 0.0 0.0 0.0 0.0 0.0 0.0 1.0 0.0 0.0 0.0 21.0 32.0 0.0 0.0 0.0 0.0 0.0 0.0 15.0 102.0 1.0 0.0 0.0 0.0 0.0 0.0 4.0 11.0 0.0 0.0 0.0 0.0 3.0 0.0 0.0 0.0 0.0 0.0 0.0 2.0 0.0 0.0 9.0 13.0 1.0 2.0 0.0 0.0 0.0 0.0 33.0 73.0 0.0 0.0 0.0 0.0 0.0 0.0 2.0 3.0 0.0 0.0 0.0 0.0 0.0 0.0 0.0 0.0 0.0 0.0 1.0 2.0 
25_3_038_26
0.0 0.0 0.0 0.0 0.0 0.0 0.0 4.0 0.0 0.0 0.0 80.0 11.0 0.0 0.0 0.0 0.0 0.0 0.0 26.0 22.0 1.0 0.0 0.0 0.0 0.0 0.0 0.0 1.0 4.0 11.0 4.0 0.0 0.0 0.0 0.0 0.0 0.0 -1.0 6.0 0.0 1.0 14.0 84.0 0.0 0.0 0.0 0.0 0.0 0.0 2.0 32.0 11.0 6.0 0.0 0.0 0.0 0.0 0.0 0.0 0.0 2.0 13.0 5.0 0.0 0.0 0.0 0.0 0.0 0.0 0.0 3.0 0.0 0.0 3.0 102.0 3.0 0.0 0.0 0.0 0.0 1.0 6.0 22.0 3.0 0.0 1.0 0.0 0.0 1.0 1.0 0.0 0.0 0.0 -5.0 24.0 2.0 0.0 0.0 0.0 0.0 0.0 -2.0 5.0 0.0 0.0 0.0 52.0 17.0 0.0 0.0 0.0 0.0 0.0 1.0 33.0 10.0 0.0 0.0 0.0 0.0 0.0 0.0 0.0 0.0 0.0 -1.0 15.0 
25_3_038_27
2.0 0.0 0.0 0.0 0.0 0.0 3.0 1.0 0.0 0.0 4.0 12.0 6.0 0.0 0.0 0.0 1.0 0.0 0.0 19.0 32.0 0.0 0.0 3.0 0.0 0.0 0.0 41.0 27.0 0.0 0.0 0.0 0.0 0.0 0.0 0.0 3.0 9.0 5.0 0.0 0.0 0.0 2.0 34.0 7.0 0.0 0.0 0.0 1.0 0.0 5.0 25.0 1.0 0.0 0.0 14.0 0.0 0.0 10.0 102.0 2.0 0.0 0.0 0.0 0.0 3.0 14.0 1.0 2.0 1.0 1.0 0.0 0.0 3.0 31.0 22.0 0.0 0.0 0.0 0.0 0.0 1.0 33.0 40.0 0.0 0.0 0.0 10.0 0.0 0.0 27.0 52.0 0.0 0.0 0.0 0.0 0.0 3.0 32.0 5.0 0.0 0.0 0.0 0.0 2.0 6.0 12.0 1.0 0.0 5.0 8.0 9.0 0.0 0.0 38.0 64.0 0.0 0.0 0.0 0.0 0.0 0.0 9.0 12.0 0.0 0.0 0.0 0.0 
25_3_038_28
0.0 0.0 0.0 0.0 3.0 54.0 19.0 4.0 9.0 16.0 2.0 0.0 0.0 1.0 32.0 31.0 14.0 75.0 9.0 0.0 0.0 0.0 0.0 0.0 22.0 1.0 0.0 0.0 2.0 12.0 16.0 31.0 9.0 11.0 6.0 5.0 7.0 8.0 15.0 4.0 0.0 14.0 45.0 48.0 30.0 19.0 0.0 0.0 45.0 29.0 13.0 0.0 0.0 0.0 25.0 24.0 29.0 78.0 17.0 0.0 0.0 0.0 9.0 29.0 102.0 66.0 1.0 0.0 0.0 0.0 3.0 56.0 6.0 56.0 94.0 60.0 7.0 1.0 9.0 12.0 9.0 1.0 0.0 0.0 0.0 30.0 65.0 14.0 1.0 18.0 51.0 23.0 11.0 18.0 1.0 0.0 0.0 46.0 19.0 15.0 12.0 23.0 2.0 0.0 45.0 13.0 0.0 0.0 0.0 16.0 29.0 92.0 9.0 2.0 12.0 1.0 0.0 0.0 18.0 37.0 0.0 0.0 33.0 51.0 30.0 29.0 9.0 0.0 
25_3_038_29
6.0 7.0 11.0 2.0 0.0 4.0 19.0 3.0 0.0 1.0 35.0 91.0 33.0 34.0 2.0 0.0 11.0 1.0 0.0 0.0 0.0 28.0 26.0 52.0 13.0 0.0 0.0 1.0 0.0 2.0 8.0 35.0 12.0 0.0 0.0 0.0 0.0 0.0 15.0 23.0 9.0 0.0 4.0 53.0 13.0 18.0 38.0 17.0 1.0 5.0 12.0 79.0 38.0 9.0 1.0 0.0 34.0 6.0 18.0 5.0 0.0 0.0 0.0 60.0 68.0 24.0 0.0 0.0 1.0 5.0 0.0 3.0 34.0 77.0 102.0 38.0 0.0 0.0 0.0 0.0 42.0 62.0 50.0 20.0 0.0 0.0 0.0 2.0 30.0 2.0 9.0 14.0 0.0 0.0 0.0 49.0 0.0 2.0 0.0 18.0 75.0 9.0 0.0 0.0 0.0 2.0 7.0 56.0 67.0 0.0 0.0 0.0 15.0 10.0 7.0 0.0 2.0 7.0 9.0 23.0 10.0 11.0 2.0 0.0 0.0 0.0 6.0 24.0 
25_3_038_30
2.0 27.0 45.0 4.0 0.0 0.0 0.0 0.0 0.0 36.0 72.0 4.0 5.0 10.0 2.0 0.0 0.0 20.0 29.0 5.0 26.0 10.0 0.0 0.0 18.0 7.0 4.0 0.0 4.0 0.0 0.0 2.0 10.0 30.0 8.0 1.0 3.0 1.0 0.0 2.0 0.0 0.0 0.0 2.0 12.0 77.0 48.0 1.0 0.0 0.0 30.0 102.0 54.0 18.0 0.0 0.0 4.0 13.0 14.0 4.0 0.0 5.0 49.0 15.0 34.0 18.0 18.0 4.0 20.0 63.0 28.0 24.0 29.0 20.0 3.0 0.0 0.0 23.0 36.0 54.0 0.0 0.0 21.0 67.0 55.0 82.0 1.0 0.0 0.0 0.0 1.0 14.0 5.0 48.0 53.0 5.0 6.0 0.0 0.0 0.0 20.0 24.0 11.0 3.0 15.0 22.0 3.0 0.0 0.0 9.0 11.0 1.0 0.0 3.0 61.0 33.0 0.0 0.0 0.0 0.0 29.0 13.0 4.0 4.0 0.0 0.0 24.0 23.0 
25_3_038_31
0.0 0.0 12.0 12.0 3.0 4.0 0.0 0.0 0.0 0.0 3.0 12.0 9.0 10.0 0.0 0.0 6.0 16.0 22.0 6.0 0.0 0.0 0.0 0.0 29.0 4.0 0.0 0.0 0.0 0.0 -8.0 40.0 0.0 0.0 3.0 12.0 5.0 7.0 0.0 13.0 0.0 6.0 77.0 40.0 0.0 0.0 0.0 0.0 9.0 23.0 9.0 10.0 0.0 0.0 -4.0 16.0 6.0 10.0 1.0 0.0 0.0 0.0 -21.0 93.0 4.0 25.0 42.0 4.0 0.0 0.0 -2.0 6.0 0.0 16.0 66.0 45.0 2.0 0.0 0.0 0.0 5.0 23.0 14.0 0.0 0.0 1.0 16.0 11.0 6.0 4.0 1.0 0.0 0.0 0.0 99.0 52.0 0.0 0.0 8.0 21.0 0.0 1.0 1.0 0.0 0.0 0.0 1.0 18.0 30.0 39.0 1.0 0.0 0.0 0.0 0.0 0.0 0.0 18.0 102.0 11.0 1.0 2.0 0.0 0.0 0.0 0.0 32.0 24.0 
25_3_038_32
0.0 2.0 8.0 2.0 0.0 0.0 0.0 0.0 8.0 4.0 6.0 9.0 0.0 0.0 0.0 -2.0 37.0 6.0 1.0 0.0 0.0 0.0 -2.0 -5.0 20.0 0.0 0.0 0.0 0.0 0.0 -20.0 49.0 0.0 0.0 0.0 1.0 6.0 3.0 6.0 0.0 0.0 0.0 10.0 24.0 13.0 0.0 0.0 0.0 7.0 6.0 15.0 7.0 0.0 0.0 -2.0 2.0 0.0 0.0 0.0 0.0 0.0 0.0 -24.0 102.0 0.0 0.0 0.0 0.0 6.0 1.0 5.0 2.0 0.0 0.0 1.0 30.0 37.0 0.0 0.0 0.0 0.0 0.0 9.0 17.0 6.0 2.0 1.0 0.0 0.0 0.0 0.0 0.0 0.0 0.0 -6.0 73.0 12.0 2.0 2.0 0.0 0.0 0.0 0.0 -3.0 0.0 1.0 11.0 22.0 3.0 0.0 0.0 0.0 0.0 0.0 0.0 4.0 12.0 13.0 9.0 1.0 0.0 0.0 0.0 0.0 0.0 2.0 19.0 6.0 
25_3_038_33
-2.0 10.0 24.0 3.0 0.0 0.0 0.0 0.0 26.0 20.0 2.0 1.0 0.0 0.0 0.0 -14.0 79.0 5.0 1.0 7.0 0.0 0.0 -14.0 5.0 14.0 2.0 1.0 1.0 0.0 0.0 -17.0 34.0 0.0 0.0 0.0 5.0 13.0 4.0 0.0 0.0 1.0 1.0 8.0 12.0 8.0 4.0 0.0 0.0 10.0 2.0 3.0 15.0 2.0 0.0 -7.0 10.0 21.0 0.0 0.0 0.0 0.0 0.0 -46.0 102.0 0.0 0.0 0.0 0.0 4.0 4.0 6.0 6.0 0.0 0.0 0.0 6.0 46.0 13.0 0.0 0.0 0.0 0.0 0.0 19.0 29.0 15.0 1.0 0.0 0.0 0.0 0.0 0.0 0.0 5.0 15.0 31.0 0.0 0.0 0.0 0.0 6.0 1.0 1.0 2.0 2.0 8.0 3.0 2.0 7.0 3.0 1.0 1.0 0.0 0.0 0.0 16.0 19.0 5.0 0.0 0.0 1.0 0.0 0.0 0.0 3.0 6.0 1.0 6.0 
25_3_038_34
0.0 0.0 0.0 0.0 0.0 12.0 89.0 22.0 0.0 0.0 0.0 0.0 10.0 61.0 2.0 0.0 0.0 3.0 14.0 22.0 7.0 7.0 0.0 0.0 2.0 19.0 5.0 4.0 0.0 2.0 -7.0 19.0 0.0 0.0 0.0 0.0 0.0 4.0 70.0 33.0 0.0 0.0 9.0 94.0 24.0 15.0 0.0 0.0 0.0 0.0 4.0 16.0 6.0 23.0 19.0 6.0 0.0 0.0 2.0 28.0 55.0 36.0 5.0 13.0 0.0 2.0 2.0 0.0 1.0 3.0 34.0 30.0 0.0 0.0 14.0 102.0 9.0 3.0 2.0 0.0 0.0 0.0 0.0 0.0 2.0 12.0 47.0 36.0 0.0 0.0 14.0 11.0 32.0 35.0 25.0 24.0 4.0 19.0 6.0 0.0 0.0 0.0 -5.0 14.0 0.0 4.0 21.0 27.0 1.0 0.0 0.0 0.0 8.0 32.0 28.0 19.0 0.0 0.0 -10.0 24.0 11.0 33.0 5.0 0.0 0.0 0.0 10.0 59.0 
25_3_038_35
2.0 2.0 6.0 0.0 0.0 0.0 0.0 0.0 5.0 3.0 9.0 5.0 0.0 0.0 0.0 2.0 1.0 8.0 79.0 35.0 0.0 0.0 0.0 2.0 0.0 3.0 10.0 1.0 1.0 6.0 2.0 4.0 2.0 19.0 12.0 0.0 0.0 0.0 0.0 0.0 5.0 27.0 17.0 5.0 0.0 0.0 0.0 0.0 2.0 0.0 17.0 102.0 0.0 0.0 0.0 18.0 7.0 4.0 6.0 3.0 0.0 0.0 1.0 17.0 0.0 19.0 4.0 0.0 0.0 0.0 0.0 0.0 3.0 18.0 13.0 1.0 0.0 0.0 0.0 0.0 2.0 0.0 6.0 82.0 6.0 0.0 0.0 2.0 14.0 1.0 0.0 1.0 0.0 0.0 8.0 23.0 0.0 7.0 0.0 0.0 0.0 0.0 0.0 0.0 0.0 7.0 5.0 0.0 2.0 0.0 0.0 0.0 0.0 0.0 1.0 19.0 27.0 2.0 0.0 0.0 6.0 0.0 0.0 0.0 2.0 3.0 3.0 20.0 
25_3_038_36
0.0 0.0 0.0 14.0 21.0 3.0 2.0 0.0 0.0 0.0 0.0 5.0 27.0 6.0 21.0 2.0 0.0 1.0 31.0 47.0 44.0 0.0 0.0 0.0 14.0 3.0 11.0 17.0 0.0 0.0 -4.0 16.0 0.0 0.0 1.0 13.0 18.0 2.0 4.0 2.0 0.0 0.0 0.0 2.0 16.0 9.0 14.0 18.0 0.0 0.0 3.0 78.0 102.0 4.0 0.0 0.0 0.0 0.0 7.0 50.0 20.0 13.0 9.0 1.0 46.0 6.0 5.0 1.0 0.0 0.0 0.0 -20.0 56.0 5.0 14.0 4.0 1.0 0.0 0.0 -22.0 0.0 1.0 32.0 58.0 22.0 0.0 0.0 0.0 0.0 0.0 0.0 2.0 37.0 17.0 21.0 11.0 50.0 0.0 0.0 0.0 0.0 1.0 1.0 -22.0 18.0 12.0 7.0 0.0 0.0 6.0 1.0 -8.0 0.0 7.0 8.0 3.0 9.0 6.0 0.0 0.0 0.0 0.0 1.0 9.0 19.0 6.0 0.0 0.0 
25_3_038_37
1.0 0.0 1.0 0.0 0.0 7.0 2.0 4.0 0.0 0.0 5.0 29.0 6.0 4.0 2.0 0.0 0.0 0.0 3.0 26.0 6.0 15.0 5.0 0.0 3.0 1.0 15.0 23.0 3.0 0.0 0.0 0.0 15.0 8.0 0.0 0.0 0.0 0.0 -9.0 20.0 4.0 3.0 5.0 3.0 0.0 11.0 -1.0 23.0 0.0 0.0 15.0 102.0 10.0 1.0 0.0 0.0 4.0 19.0 27.0 27.0 14.0 0.0 -3.0 17.0 18.0 7.0 1.0 0.0 0.0 0.0 -5.0 12.0 13.0 20.0 11.0 4.0 0.0 0.0 -6.0 14.0 0.0 4.0 93.0 37.0 4.0 0.0 0.0 0.0 0.0 5.0 38.0 30.0 12.0 9.0 7.0 0.0 3.0 1.0 0.0 0.0 23.0 11.0 -2.0 5.0 4.0 9.0 3.0 7.0 5.0 0.0 0.0 0.0 0.0 0.0 2.0 33.0 8.0 2.0 2.0 0.0 0.0 0.0 0.0 0.0 7.0 48.0 15.0 4.0 
25_3_038_38
0.0 0.0 0.0 0.0 2.0 9.0 15.0 24.0 0.0 0.0 0.0 0.0 16.0 21.0 11.0 2.0 0.0 0.0 3.0 21.0 102.0 19.0 0.0 0.0 0.0 0.0 10.0 9.0 10.0 18.0 5.0 21.0 0.0 0.0 0.0 0.0 0.0 6.0 44.0 49.0 3.0 7.0 4.0 27.0 34.0 7.0 0.0 2.0 18.0 40.0 7.0 18.0 22.0 0.0 0.0 -13.0 0.0 0.0 11.0 76.0 22.0 0.0 0.0 0.0 2.0 1.0 0.0 4.0 4.0 2.0 35.0 29.0 -3.0 10.0 47.0 60.0 2.0 0.0 0.0 0.0 -6.0 23.0 7.0 19.0 15.0 7.0 0.0 0.0 -3.0 8.0 2.0 2.0 8.0 38.0 22.0 0.0 16.0 0.0 3.0 14.0 2.0 2.0 10.0 3.0 -3.0 11.0 17.0 85.0 16.0 0.0 0.0 0.0 6.0 19.0 0.0 0.0 0.0 0.0 14.0 31.0 0.0 0.0 0.0 0.0 0.0 27.0 45.0 4.0 
25_3_038_39
0.0 45.0 52.0 0.0 10.0 10.0 0.0 0.0 0.0 28.0 31.0 7.0 20.0 10.0 0.0 0.0 18.0 15.0 15.0 1.0 8.0 0.0 0.0 3.0 1.0 0.0 0.0 0.0 31.0 26.0 7.0 7.0 0.0 0.0 1.0 1.0 12.0 72.0 36.0 1.0 0.0 0.0 42.0 102.0 56.0 16.0 0.0 0.0 11.0 30.0 19.0 7.0 2.0 2.0 43.0 7.0 12.0 0.0 3.0 1.0 3.0 4.0 30.0 29.0 23.0 18.0 2.0 0.0 0.0 26.0 24.0 37.0 0.0 0.0 20.0 88.0 87.0 64.0 0.0 0.0 0.0 0.0 1.0 11.0 10.0 81.0 83.0 0.0 0.0 0.0 0.0 0.0 37.0 36.0 67.0 5.0 12.0 19.0 3.0 0.0 0.0 11.0 4.0 0.0 0.0 5.0 66.0 38.0 0.0 0.0 0.0 0.0 21.0 1.0 2.0 4.0 0.0 4.0 69.0 33.0 7.0 0.0 0.0 6.0 14.0 16.0 31.0 2.0 
25_3_038_40
0.0 0.0 0.0 0.0 0.0 0.0 0.0 0.0 0.0 0.0 12.0 59.0 0.0 0.0 0.0 0.0 1.0 0.0 6.0 13.0 10.0 9.0 0.0 2.0 1.0 1.0 7.0 7.0 1.0 0.0 0.0 0.0 1.0 2.0 1.0 0.0 0.0 0.0 0.0 0.0 0.0 0.0 12.0 102.0 2.0 0.0 0.0 0.0 4.0 4.0 40.0 9.0 0.0 0.0 0.0 3.0 8.0 12.0 30.0 2.0 0.0 0.0 0.0 7.0 0.0 1.0 0.0 0.0 0.0 0.0 0.0 0.0 0.0 0.0 0.0 19.0 41.0 4.0 0.0 0.0 0.0 0.0 2.0 74.0 78.0 16.0 0.0 0.0 2.0 0.0 4.0 5.0 0.0 0.0 5.0 44.0 0.0 1.0 0.0 0.0 0.0 0.0 0.0 0.0 1.0 0.0 0.0 0.0 0.0 0.0 0.0 0.0 0.0 0.0 0.0 80.0 43.0 0.0 0.0 0.0 20.0 0.0 0.0 30.0 11.0 0.0 0.0 22.0 
25_3_038_41
0.0 0.0 0.0 0.0 0.0 0.0 0.0 0.0 0.0 0.0 13.0 28.0 0.0 0.0 0.0 0.0 0.0 1.0 9.0 21.0 8.0 3.0 1.0 0.0 1.0 1.0 3.0 5.0 2.0 1.0 0.0 0.0 1.0 1.0 0.0 0.0 0.0 0.0 0.0 0.0 0.0 0.0 18.0 66.0 0.0 0.0 0.0 0.0 3.0 7.0 25.0 9.0 0.0 0.0 0.0 3.0 5.0 13.0 25.0 1.0 0.0 0.0 0.0 2.0 0.0 0.0 0.0 0.0 0.0 0.0 0.0 0.0 0.0 0.0 0.0 19.0 31.0 3.0 0.0 0.0 0.0 0.0 8.0 64.0 46.0 6.0 0.0 0.0 0.0 0.0 4.0 0.0 0.0 0.0 10.0 30.0 0.0 0.0 0.0 0.0 0.0 0.0 0.0 0.0 0.0 0.0 0.0 0.0 0.0 0.0 0.0 0.0 0.0 0.0 0.0 102.0 22.0 0.0 0.0 0.0 9.0 0.0 1.0 0.0 0.0 0.0 0.0 33.0 
25_3_038_42
0.0 1.0 1.0 0.0 0.0 1.0 5.0 0.0 0.0 0.0 3.0 0.0 0.0 0.0 12.0 6.0 0.0 0.0 61.0 81.0 2.0 0.0 0.0 0.0 0.0 0.0 23.0 12.0 7.0 19.0 5.0 0.0 0.0 0.0 0.0 0.0 0.0 1.0 11.0 2.0 0.0 1.0 13.0 13.0 0.0 0.0 2.0 0.0 0.0 0.0 11.0 102.0 16.0 0.0 0.0 0.0 0.0 0.0 0.0 19.0 13.0 4.0 0.0 0.0 14.0 83.0 1.0 0.0 0.0 0.0 0.0 0.0 14.0 54.0 30.0 0.0 0.0 0.0 0.0 1.0 2.0 0.0 3.0 32.0 51.0 2.0 0.0 3.0 0.0 0.0 0.0 5.0 30.0 18.0 7.0 0.0 22.0 29.0 1.0 0.0 0.0 2.0 5.0 0.0 44.0 47.0 3.0 0.0 0.0 0.0 0.0 3.0 71.0 15.0 0.0 1.0 0.0 0.0 0.0 4.0 4.0 1.0 0.0 1.0 17.0 5.0 0.0 0.0 
25_3_038_43
0.0 0.0 6.0 17.0 0.0 0.0 0.0 0.0 2.0 0.0 2.0 22.0 2.0 0.0 0.0 3.0 0.0 0.0 0.0 74.0 9.0 0.0 0.0 0.0 0.0 0.0 1.0 0.0 0.0 0.0 0.0 0.0 0.0 0.0 6.0 19.0 0.0 0.0 0.0 0.0 0.0 0.0 1.0 17.0 4.0 0.0 5.0 3.0 0.0 0.0 4.0 102.0 1.0 0.0 0.0 0.0 0.0 0.0 0.0 1.0 2.0 0.0 0.0 0.0 0.0 0.0 7.0 19.0 3.0 0.0 0.0 0.0 0.0 0.0 10.0 16.0 0.0 0.0 2.0 1.0 0.0 0.0 27.0 67.0 0.0 0.0 0.0 0.0 0.0 0.0 0.0 2.0 2.0 0.0 0.0 1.0 0.0 0.0 1.0 18.0 6.0 0.0 0.0 0.0 0.0 0.0 38.0 33.0 0.0 0.0 0.0 0.0 0.0 0.0 14.0 16.0 0.0 0.0 0.0 0.0 0.0 0.0 6.0 1.0 0.0 0.0 0.0 0.0 
25_3_038_44
0.0 0.0 0.0 0.0 0.0 0.0 0.0 0.0 0.0 0.0 0.0 0.0 0.0 0.0 0.0 0.0 0.0 0.0 46.0 52.0 0.0 0.0 0.0 0.0 0.0 0.0 7.0 5.0 0.0 0.0 0.0 0.0 0.0 0.0 0.0 0.0 0.0 0.0 0.0 0.0 0.0 0.0 1.0 4.0 0.0 0.0 0.0 0.0 0.0 0.0 30.0 85.0 0.0 0.0 0.0 0.0 0.0 0.0 0.0 1.0 0.0 0.0 0.0 0.0 0.0 0.0 0.0 0.0 0.0 0.0 0.0 0.0 0.0 0.0 1.0 16.0 0.0 0.0 0.0 0.0 0.0 0.0 7.0 102.0 2.0 0.0 0.0 0.0 0.0 0.0 0.0 0.0 0.0 0.0 0.0 0.0 0.0 0.0 0.0 0.0 0.0 0.0 0.0 0.0 0.0 0.0 0.0 7.0 1.0 0.0 0.0 0.0 0.0 0.0 0.0 71.0 17.0 0.0 0.0 0.0 0.0 0.0 0.0 1.0 0.0 0.0 0.0 0.0 
25_3_038_45
4.0 0.0 0.0 0.0 0.0 0.0 8.0 7.0 0.0 0.0 0.0 54.0 37.0 0.0 0.0 0.0 0.0 0.0 0.0 4.0 3.0 0.0 0.0 0.0 0.0 0.0 0.0 0.0 0.0 0.0 0.0 0.0 3.0 0.0 0.0 3.0 2.0 3.0 9.0 14.0 0.0 0.0 7.0 102.0 6.0 0.0 0.0 0.0 0.0 0.0 2.0 19.0 1.0 0.0 0.0 0.0 0.0 0.0 0.0 0.0 0.0 0.0 0.0 1.0 29.0 10.0 3.0 0.0 0.0 0.0 0.0 3.0 0.0 0.0 48.0 64.0 0.0 0.0 0.0 0.0 0.0 0.0 5.0 12.0 0.0 0.0 0.0 0.0 0.0 0.0 0.0 0.0 0.0 0.0 1.0 1.0 5.0 5.0 16.0 0.0 0.0 0.0 0.0 2.0 0.0 0.0 48.0 8.0 0.0 0.0 0.0 0.0 0.0 0.0 1.0 0.0 0.0 0.0 0.0 0.0 0.0 0.0 0.0 0.0 0.0 0.0 0.0 1.0 
25_3_038_46
0.0 4.0 8.0 13.0 10.0 7.0 1.0 0.0 15.0 11.0 3.0 0.0 1.0 21.0 19.0 44.0 5.0 0.0 0.0 0.0 0.0 0.0 9.0 41.0 0.0 0.0 14.0 2.0 0.0 3.0 10.0 3.0 0.0 0.0 0.0 0.0 5.0 78.0 35.0 0.0 0.0 0.0 2.0 34.0 35.0 29.0 0.0 2.0 32.0 13.0 5.0 0.0 0.0 0.0 0.0 49.0 7.0 13.0 42.0 3.0 0.0 0.0 11.0 23.0 6.0 6.0 12.0 9.0 2.0 5.0 0.0 0.0 0.0 0.0 17.0 102.0 2.0 0.0 0.0 0.0 8.0 21.0 76.0 17.0 0.0 0.0 0.0 7.0 82.0 31.0 6.0 0.0 0.0 0.0 0.0 35.0 11.0 56.0 4.0 0.0 0.0 0.0 0.0 0.0 0.0 18.0 26.0 26.0 6.0 0.0 0.0 0.0 0.0 0.0 12.0 58.0 6.0 0.0 1.0 0.0 4.0 6.0 0.0 0.0 1.0 2.0 18.0 23.0 
25_3_038_47
0.0 0.0 0.0 0.0 2.0 48.0 18.0 0.0 0.0 0.0 6.0 47.0 26.0 8.0 0.0 0.0 0.0 12.0 21.0 21.0 9.0 1.0 0.0 0.0 16.0 7.0 2.0 0.0 0.0 0.0 0.0 0.0 10.0 27.0 13.0 7.0 1.0 1.0 7.0 11.0 0.0 0.0 16.0 80.0 8.0 0.0 0.0 0.0 1.0 3.0 3.0 102.0 35.0 0.0 1.0 0.0 50.0 8.0 8.0 21.0 4.0 0.0 11.0 17.0 15.0 18.0 22.0 13.0 0.0 0.0 0.0 19.0 8.0 3.0 25.0 48.0 1.0 0.0 0.0 1.0 0.0 0.0 0.0 16.0 50.0 5.0 14.0 18.0 3.0 0.0 0.0 5.0 65.0 26.0 41.0 23.0 3.0 2.0 5.0 21.0 8.0 0.0 0.0 2.0 10.0 22.0 8.0 0.0 0.0 0.0 0.0 16.0 9.0 0.0 0.0 0.0 0.0 0.0 3.0 24.0 3.0 0.0 0.0 8.0 33.0 0.0 0.0 3.0 
25_3_038_48
0.0 -1.0 3.0 63.0 26.0 0.0 0.0 0.0 0.0 0.0 0.0 4.0 6.0 9.0 8.0 5.0 0.0 0.0 0.0 0.0 0.0 6.0 15.0 7.0 0.0 0.0 0.0 0.0 1.0 7.0 7.0 1.0 0.0 0.0 0.0 102.0 9.0 1.0 2.0 4.0 0.0 2.0 0.0 19.0 11.0 8.0 7.0 3.0 0.0 0.0 0.0 0.0 0.0 0.0 -13.0 50.0 0.0 0.0 0.0 0.0 0.0 7.0 3.0 9.0 0.0 0.0 0.0 84.0 34.0 0.0 2.0 0.0 2.0 -2.0 12.0 36.0 1.0 0.0 0.0 2.0 1.0 0.0 0.0 0.0 0.0 0.0 -15.0 51.0 4.0 0.0 0.0 0.0 0.0 0.0 -21.0 53.0 0.0 0.0 0.0 53.0 40.0 0.0 0.0 0.0 0.0 0.0 0.0 34.0 17.0 0.0 0.0 0.0 0.0 0.0 0.0 1.0 0.0 0.0 -5.0 28.0 0.0 0.0 0.0 0.0 0.0 0.0 -4.0 20.0 
25_3_038_49
0.0 0.0 0.0 2.0 9.0 2.0 0.0 0.0 0.0 0.0 1.0 14.0 28.0 1.0 0.0 0.0 2.0 0.0 0.0 2.0 21.0 3.0 -10.0 22.0 0.0 0.0 0.0 0.0 0.0 0.0 -35.0 102.0 0.0 0.0 0.0 5.0 8.0 5.0 4.0 0.0 0.0 0.0 10.0 36.0 11.0 0.0 0.0 0.0 5.0 0.0 0.0 2.0 30.0 5.0 -11.0 33.0 1.0 0.0 0.0 7.0 18.0 0.0 -33.0 92.0 1.0 0.0 0.0 2.0 5.0 1.0 0.0 5.0 0.0 0.0 0.0 26.0 33.0 8.0 0.0 0.0 3.0 2.0 3.0 3.0 3.0 17.0 5.0 8.0 0.0 2.0 1.0 15.0 20.0 3.0 6.0 5.0 21.0 1.0 3.0 1.0 0.0 0.0 0.0 -6.0 0.0 2.0 7.0 20.0 0.0 0.0 0.0 0.0 4.0 0.0 15.0 11.0 1.0 0.0 0.0 0.0 2.0 0.0 0.0 0.0 0.0 0.0 14.0 17.0 
25_3_038_50
4.0 7.0 0.0 0.0 0.0 0.0 9.0 21.0 0.0 2.0 14.0 7.0 2.0 8.0 1.0 0.0 0.0 8.0 23.0 14.0 6.0 0.0 0.0 0.0 0.0 2.0 34.0 6.0 0.0 0.0 0.0 0.0 9.0 31.0 6.0 0.0 0.0 0.0 2.0 8.0 0.0 43.0 83.0 14.0 0.0 0.0 0.0 0.0 15.0 63.0 30.0 1.0 0.0 0.0 0.0 3.0 0.0 18.0 70.0 9.0 0.0 0.0 0.0 0.0 24.0 46.0 8.0 0.0 0.0 0.0 0.0 0.0 13.0 10.0 6.0 35.0 15.0 9.0 5.0 3.0 0.0 0.0 69.0 24.0 1.0 14.0 36.0 1.0 0.0 0.0 32.0 20.0 0.0 3.0 42.0 3.0 0.0 0.0 0.0 0.0 10.0 38.0 6.0 2.0 1.0 28.0 29.0 7.0 12.0 1.0 -1.0 9.0 0.0 9.0 59.0 0.0 0.0 34.0 74.0 0.0 0.0 0.0 0.0 0.0 1.0 42.0 102.0 0.0 
25_3_038_51
0.0 0.0 0.0 3.0 3.0 3.0 4.0 1.0 25.0 2.0 1.0 0.0 0.0 0.0 4.0 3.0 11.0 2.0 0.0 5.0 2.0 1.0 13.0 23.0 0.0 0.0 0.0 0.0 0.0 0.0 12.0 30.0 0.0 -1.0 4.0 5.0 1.0 0.0 5.0 13.0 0.0 0.0 3.0 35.0 19.0 8.0 8.0 7.0 8.0 1.0 0.0 0.0 0.0 0.0 11.0 102.0 0.0 0.0 0.0 0.0 0.0 0.0 5.0 20.0 0.0 -3.0 10.0 3.0 0.0 0.0 2.0 25.0 1.0 -12.0 40.0 24.0 1.0 3.0 1.0 14.0 0.0 0.0 0.0 0.0 0.0 0.0 47.0 82.0 0.0 0.0 0.0 0.0 0.0 0.0 4.0 11.0 0.0 -2.0 7.0 0.0 0.0 0.0 2.0 22.0 0.0 0.0 0.0 1.0 3.0 18.0 15.0 3.0 0.0 0.0 0.0 0.0 0.0 1.0 53.0 29.0 0.0 0.0 0.0 0.0 0.0 2.0 1.0 0.0 
25_3_038_52
0.0 0.0 3.0 7.0 0.0 0.0 0.0 0.0 0.0 4.0 38.0 35.0 0.0 0.0 0.0 0.0 2.0 6.0 5.0 18.0 5.0 0.0 0.0 3.0 0.0 0.0 0.0 5.0 2.0 0.0 1.0 12.0 0.0 0.0 2.0 19.0 1.0 0.0 0.0 0.0 0.0 0.0 13.0 102.0 0.0 0.0 0.0 0.0 12.0 0.0 0.0 18.0 5.0 0.0 4.0 36.0 4.0 0.0 0.0 15.0 3.0 0.0 0.0 7.0 0.0 1.0 1.0 11.0 0.0 0.0 0.0 0.0 0.0 0.0 0.0 100.0 26.0 0.0 0.0 0.0 23.0 10.0 4.0 2.0 0.0 3.0 1.0 20.0 3.0 0.0 5.0 14.0 0.0 0.0 0.0 4.0 0.0 0.0 0.0 4.0 0.0 0.0 0.0 0.0 3.0 0.0 4.0 71.0 5.0 0.0 0.0 0.0 1.0 0.0 0.0 2.0 7.0 19.0 2.0 3.0 2.0 1.0 5.0 10.0 1.0 0.0 0.0 0.0 
25_3_038_53
0.0 0.0 2.0 18.0 15.0 0.0 0.0 0.0 0.0 0.0 0.0 18.0 12.0 4.0 2.0 0.0 0.0 0.0 0.0 70.0 7.0 0.0 0.0 0.0 0.0 0.0 0.0 1.0 0.0 0.0 0.0 0.0 0.0 0.0 10.0 21.0 0.0 0.0 0.0 0.0 1.0 0.0 5.0 29.0 1.0 0.0 0.0 7.0 0.0 0.0 4.0 102.0 3.0 0.0 0.0 0.0 0.0 0.0 2.0 0.0 0.0 0.0 0.0 0.0 0.0 0.0 11.0 22.0 0.0 0.0 0.0 0.0 0.0 0.0 1.0 18.0 3.0 3.0 5.0 2.0 0.0 0.0 15.0 89.0 0.0 0.0 0.0 0.0 0.0 0.0 0.0 2.0 1.0 0.0 0.0 0.0 0.0 0.0 6.0 13.0 1.0 0.0 0.0 0.0 0.0 0.0 22.0 24.0 0.0 0.0 1.0 0.0 0.0 0.0 22.0 39.0 0.0 0.0 0.0 0.0 0.0 0.0 0.0 1.0 2.0 0.0 0.0 0.0 
25_3_038_54
0.0 2.0 2.0 0.0 0.0 0.0 0.0 0.0 0.0 0.0 14.0 77.0 0.0 0.0 0.0 0.0 0.0 0.0 3.0 18.0 0.0 0.0 0.0 0.0 0.0 0.0 0.0 0.0 0.0 0.0 0.0 0.0 0.0 2.0 4.0 0.0 0.0 0.0 0.0 0.0 0.0 0.0 10.0 102.0 0.0 0.0 0.0 0.0 0.0 0.0 0.0 21.0 1.0 0.0 0.0 0.0 0.0 0.0 0.0 0.0 0.0 0.0 0.0 0.0 0.0 4.0 5.0 0.0 0.0 0.0 0.0 0.0 0.0 0.0 8.0 96.0 0.0 0.0 0.0 0.0 0.0 0.0 1.0 18.0 0.0 0.0 0.0 0.0 0.0 0.0 0.0 0.0 0.0 0.0 0.0 0.0 0.0 2.0 3.0 0.0 0.0 0.0 0.0 0.0 0.0 0.0 4.0 71.0 0.0 0.0 0.0 0.0 0.0 0.0 1.0 13.0 0.0 0.0 0.0 0.0 0.0 0.0 0.0 0.0 0.0 0.0 0.0 0.0 
25_3_038_55
1.0 0.0 0.0 0.0 0.0 12.0 37.0 2.0 10.0 0.0 6.0 3.0 4.0 14.0 47.0 22.0 0.0 0.0 3.0 96.0 57.0 1.0 0.0 0.0 0.0 2.0 8.0 38.0 46.0 2.0 1.0 0.0 2.0 0.0 6.0 10.0 10.0 2.0 1.0 0.0 27.0 58.0 71.0 7.0 0.0 0.0 0.0 1.0 41.0 30.0 24.0 51.0 6.0 0.0 0.0 10.0 1.0 0.0 2.0 38.0 16.0 3.0 6.0 32.0 0.0 1.0 9.0 46.0 5.0 0.0 0.0 0.0 0.0 0.0 11.0 102.0 8.0 0.0 0.0 0.0 26.0 41.0 41.0 3.0 0.0 2.0 0.0 18.0 17.0 15.0 11.0 1.0 0.0 0.0 1.0 26.0 43.0 41.0 6.0 5.0 0.0 0.0 0.0 0.0 5.0 1.0 5.0 33.0 16.0 0.0 0.0 0.0 0.0 0.0 3.0 17.0 38.0 56.0 10.0 0.0 21.0 4.0 0.0 9.0 28.0 21.0 5.0 13.0 
25_3_038_56
0.0 0.0 10.0 39.0 5.0 0.0 0.0 0.0 41.0 0.0 6.0 28.0 10.0 16.0 0.0 19.0 27.0 12.0 1.0 0.0 0.0 0.0 -11.0 67.0 0.0 0.0 3.0 23.0 14.0 1.0 9.0 5.0 0.0 0.0 27.0 22.0 1.0 1.0 15.0 23.0 0.0 0.0 3.0 45.0 19.0 68.0 26.0 0.0 0.0 0.0 2.0 8.0 2.0 0.0 47.0 66.0 0.0 0.0 0.0 0.0 16.0 8.0 24.0 14.0 0.0 0.0 3.0 3.0 0.0 5.0 41.0 69.0 0.0 0.0 0.0 20.0 47.0 72.0 32.0 23.0 0.0 0.0 0.0 2.0 21.0 51.0 49.0 4.0 2.0 0.0 0.0 0.0 0.0 1.0 36.0 26.0 9.0 0.0 0.0 0.0 0.0 0.0 0.0 102.0 40.0 30.0 18.0 6.0 3.0 4.0 19.0 25.0 -2.0 12.0 17.0 28.0 9.0 0.0 1.0 0.0 18.0 14.0 14.0 0.0 0.0 0.0 0.0 -2.0 
25_3_038_57
0.0 0.0 0.0 0.0 0.0 20.0 35.0 0.0 4.0 0.0 1.0 2.0 1.0 7.0 22.0 8.0 3.0 10.0 32.0 21.0 1.0 0.0 0.0 0.0 33.0 4.0 7.0 2.0 0.0 0.0 0.0 -8.0 1.0 0.0 0.0 0.0 0.0 5.0 13.0 21.0 0.0 0.0 56.0 38.0 3.0 4.0 0.0 0.0 43.0 19.0 20.0 7.0 0.0 0.0 0.0 -20.0 13.0 1.0 4.0 16.0 10.0 0.0 0.0 -3.0 102.0 0.0 0.0 0.0 0.0 0.0 -2.0 -20.0 -1.0 12.0 44.0 68.0 1.0 0.0 0.0 0.0 29.0 4.0 11.0 3.0 1.0 0.0 -5.0 6.0 3.0 0.0 0.0 0.0 2.0 7.0 3.0 11.0 15.0 0.0 0.0 0.0 5.0 19.0 1.0 1.0 8.0 4.0 15.0 18.0 20.0 14.0 0.0 -3.0 6.0 0.0 3.0 2.0 11.0 15.0 40.0 35.0 0.0 0.0 0.0 0.0 16.0 35.0 26.0 7.0 
25_3_038_58
9.0 5.0 6.0 4.0 19.0 25.0 4.0 7.0 31.0 20.0 0.0 0.0 0.0 0.0 0.0 20.0 8.0 50.0 11.0 0.0 0.0 0.0 0.0 0.0 0.0 33.0 19.0 30.0 36.0 0.0 0.0 0.0 9.0 4.0 2.0 21.0 60.0 34.0 10.0 6.0 10.0 55.0 29.0 96.0 38.0 0.0 0.0 0.0 31.0 84.0 9.0 0.0 0.0 0.0 12.0 39.0 0.0 7.0 6.0 0.0 9.0 71.0 14.0 0.0 17.0 71.0 49.0 2.0 0.0 0.0 0.0 0.0 0.0 2.0 66.0 102.0 33.0 4.0 0.0 0.0 31.0 0.0 0.0 0.0 0.0 8.0 38.0 100.0 21.0 0.0 0.0 0.0 2.0 20.0 19.0 63.0 0.0 20.0 28.0 5.0 0.0 0.0 0.0 0.0 8.0 9.0 1.0 3.0 12.0 7.0 3.0 2.0 0.0 0.0 0.0 0.0 0.0 34.0 38.0 17.0 9.0 5.0 3.0 0.0 0.0 0.0 11.0 72.0 
25_3_038_59
0.0 2.0 0.0 1.0 0.0 0.0 0.0 0.0 0.0 0.0 4.0 31.0 16.0 0.0 0.0 0.0 0.0 0.0 1.0 96.0 34.0 0.0 0.0 0.0 1.0 0.0 0.0 0.0 0.0 0.0 -6.0 30.0 0.0 1.0 1.0 0.0 0.0 0.0 0.0 0.0 0.0 0.0 52.0 40.0 0.0 0.0 0.0 0.0 0.0 0.0 19.0 80.0 27.0 0.0 0.0 0.0 0.0 0.0 0.0 3.0 4.0 0.0 -8.0 31.0 0.0 0.0 1.0 3.0 1.0 0.0 0.0 0.0 0.0 0.0 11.0 102.0 2.0 0.0 0.0 0.0 3.0 3.0 29.0 25.0 9.0 0.0 0.0 0.0 0.0 0.0 0.0 11.0 30.0 1.0 -1.0 8.0 0.0 0.0 3.0 1.0 0.0 0.0 0.0 0.0 0.0 0.0 2.0 76.0 22.0 0.0 0.0 0.0 7.0 1.0 17.0 30.0 10.0 0.0 -3.0 15.0 5.0 0.0 0.0 11.0 22.0 0.0 0.0 20.0 
25_3_038_60
0.0 0.0 0.0 4.0 6.0 0.0 0.0 0.0 0.0 0.0 0.0 42.0 102.0 0.0 0.0 0.0 0.0 0.0 0.0 13.0 22.0 0.0 -7.0 17.0 2.0 0.0 0.0 0.0 0.0 0.0 -15.0 36.0 0.0 2.0 3.0 1.0 0.0 0.0 0.0 0.0 0.0 0.0 15.0 93.0 0.0 0.0 0.0 0.0 0.0 0.0 0.0 27.0 67.0 0.0 0.0 0.0 2.0 0.0 0.0 0.0 14.0 2.0 -10.0 25.0 0.0 0.0 0.0 1.0 1.0 0.0 0.0 0.0 0.0 0.0 0.0 67.0 29.0 0.0 0.0 0.0 0.0 0.0 23.0 35.0 14.0 0.0 0.0 0.0 1.0 0.0 0.0 0.0 32.0 7.0 -6.0 22.0 0.0 0.0 0.0 3.0 1.0 0.0 0.0 0.0 0.0 0.0 0.0 14.0 16.0 0.0 0.0 0.0 0.0 0.0 0.0 46.0 74.0 0.0 0.0 0.0 26.0 5.0 2.0 7.0 9.0 0.0 -8.0 22.0 
25_3_038_61
0.0 0.0 0.0 0.0 0.0 0.0 0.0 0.0 0.0 0.0 1.0 5.0 0.0 0.0 0.0 0.0 0.0 0.0 7.0 85.0 2.0 0.0 0.0 0.0 0.0 0.0 0.0 1.0 0.0 0.0 0.0 0.0 0.0 0.0 0.0 0.0 0.0 0.0 0.0 0.0 0.0 0.0 1.0 12.0 0.0 0.0 0.0 0.0 0.0 0.0 13.0 102.0 0.0 0.0 0.0 0.0 0.0 0.0 2.0 0.0 0.0 0.0 0.0 0.0 0.0 12.0 7.0 0.0 0.0 0.0 0.0 0.0 0.0 19.0 28.0 4.0 0.0 0.0 0.0 0.0 0.0 0.0 10.0 44.0 13.0 23.0 0.0 0.0 0.0 0.0 0.0 0.0 0.0 39.0 16.0 0.0 0.0 11.0 8.0 0.0 0.0 0.0 0.0 0.0 0.0 4.0 2.0 0.0 0.0 0.0 0.0 0.0 0.0 0.0 0.0 0.0 0.0 3.0 0.0 0.0 0.0 0.0 0.0 0.0 0.0 3.0 0.0 0.0 
25_3_038_62
0.0 0.0 16.0 45.0 5.0 0.0 0.0 0.0 0.0 8.0 22.0 22.0 9.0 0.0 0.0 0.0 17.0 13.0 2.0 0.0 0.0 0.0 0.0 2.0 8.0 1.0 0.0 0.0 0.0 0.0 3.0 10.0 0.0 3.0 32.0 28.0 0.0 0.0 2.0 1.0 0.0 1.0 38.0 102.0 0.0 1.0 0.0 0.0 57.0 6.0 0.0 0.0 0.0 0.0 0.0 46.0 11.0 0.0 0.0 1.0 2.0 5.0 3.0 8.0 0.0 1.0 7.0 6.0 0.0 1.0 19.0 10.0 0.0 0.0 0.0 75.0 67.0 23.0 5.0 0.0 0.0 0.0 0.0 1.0 30.0 46.0 78.0 14.0 8.0 2.0 7.0 12.0 4.0 0.0 0.0 7.0 1.0 0.0 0.0 0.0 0.0 0.0 8.0 18.0 3.0 0.0 0.0 24.0 27.0 0.0 0.0 4.0 15.0 4.0 2.0 13.0 14.0 5.0 3.0 37.0 0.0 1.0 2.0 39.0 15.0 0.0 0.0 0.0 
25_3_038_63
0.0 3.0 3.0 0.0 0.0 0.0 0.0 0.0 0.0 0.0 20.0 73.0 0.0 0.0 0.0 0.0 0.0 0.0 6.0 38.0 0.0 0.0 0.0 0.0 0.0 0.0 0.0 0.0 0.0 0.0 0.0 0.0 0.0 6.0 5.0 0.0 0.0 0.0 0.0 0.0 0.0 0.0 25.0 102.0 0.0 0.0 0.0 0.0 0.0 0.0 5.0 32.0 0.0 0.0 0.0 0.0 0.0 0.0 1.0 0.0 0.0 0.0 0.0 0.0 0.0 3.0 4.0 0.0 0.0 0.0 0.0 0.0 0.0 0.0 20.0 101.0 0.0 0.0 0.0 0.0 0.0 0.0 4.0 23.0 0.0 0.0 0.0 0.0 0.0 0.0 1.0 1.0 0.0 0.0 0.0 0.0 0.0 0.0 4.0 1.0 0.0 0.0 0.0 0.0 0.0 0.0 13.0 83.0 0.0 0.0 0.0 0.0 0.0 0.0 5.0 9.0 0.0 0.0 0.0 0.0 0.0 0.0 0.0 1.0 0.0 0.0 0.0 0.0 
25_3_038_64
0.0 0.0 0.0 0.0 0.0 0.0 0.0 6.0 0.0 0.0 0.0 0.0 0.0 0.0 0.0 1.0 0.0 1.0 40.0 36.0 0.0 0.0 0.0 0.0 0.0 1.0 14.0 17.0 0.0 0.0 4.0 2.0 1.0 0.0 0.0 0.0 0.0 0.0 -1.0 4.0 3.0 0.0 2.0 3.0 0.0 0.0 -3.0 7.0 0.0 0.0 39.0 75.0 0.0 0.0 0.0 0.0 0.0 3.0 13.0 12.0 0.0 0.0 0.0 0.0 1.0 0.0 0.0 0.0 0.0 0.0 0.0 3.0 1.0 0.0 0.0 3.0 0.0 0.0 -1.0 4.0 0.0 0.0 3.0 102.0 13.0 0.0 0.0 0.0 0.0 0.0 19.0 14.0 0.0 0.0 0.0 0.0 6.0 0.0 0.0 0.0 0.0 0.0 0.0 -1.0 3.0 3.0 1.0 0.0 0.0 0.0 0.0 0.0 0.0 0.0 37.0 78.0 0.0 0.0 0.0 0.0 0.0 0.0 2.0 2.0 0.0 0.0 6.0 0.0 
25_3_038_65
0.0 0.0 0.0 12.0 5.0 0.0 -7.0 22.0 0.0 0.0 13.0 29.0 2.0 0.0 0.0 0.0 44.0 2.0 3.0 5.0 4.0 1.0 1.0 12.0 19.0 6.0 6.0 0.0 0.0 0.0 0.0 10.0 0.0 3.0 19.0 10.0 0.0 0.0 -33.0 102.0 0.0 0.0 6.0 3.0 3.0 14.0 20.0 11.0 0.0 0.0 4.0 20.0 15.0 29.0 3.0 0.0 0.0 0.0 0.0 0.0 0.0 0.0 20.0 33.0 0.0 0.0 4.0 1.0 1.0 4.0 11.0 59.0 0.0 0.0 0.0 0.0 4.0 2.0 44.0 43.0 0.0 0.0 2.0 25.0 22.0 53.0 14.0 0.0 0.0 0.0 0.0 0.0 0.0 6.0 24.0 6.0 5.0 0.0 0.0 0.0 0.0 0.0 -3.0 46.0 6.0 0.0 0.0 0.0 0.0 0.0 30.0 58.0 1.0 4.0 15.0 16.0 16.0 11.0 2.0 0.0 0.0 0.0 0.0 3.0 2.0 1.0 3.0 3.0 
25_3_038_66
0.0 0.0 0.0 0.0 0.0 0.0 1.0 0.0 -8.0 18.0 3.0 0.0 0.0 0.0 0.0 0.0 -26.0 46.0 62.0 14.0 0.0 0.0 0.0 0.0 0.0 -1.0 19.0 8.0 2.0 0.0 2.0 6.0 0.0 0.0 0.0 0.0 0.0 0.0 1.0 1.0 0.0 -3.0 47.0 51.0 0.0 0.0 0.0 0.0 -24.0 57.0 24.0 8.0 0.0 0.0 0.0 0.0 0.0 -1.0 11.0 5.0 1.0 0.0 1.0 17.0 0.0 0.0 0.0 0.0 0.0 0.0 0.0 3.0 0.0 0.0 11.0 102.0 2.0 0.0 0.0 0.0 0.0 0.0 0.0 26.0 8.0 3.0 1.0 0.0 0.0 0.0 0.0 2.0 0.0 2.0 10.0 11.0 0.0 0.0 0.0 0.0 0.0 0.0 0.0 1.0 0.0 0.0 12.0 64.0 4.0 0.0 0.0 0.0 0.0 0.0 4.0 11.0 3.0 0.0 0.0 0.0 0.0 0.0 0.0 0.0 0.0 4.0 10.0 1.0 
25_3_038_67
0.0 3.0 4.0 0.0 0.0 0.0 0.0 0.0 0.0 2.0 5.0 2.0 0.0 0.0 0.0 0.0 0.0 0.0 23.0 80.0 0.0 0.0 0.0 0.0 0.0 0.0 2.0 8.0 0.0 0.0 0.0 0.0 0.0 3.0 0.0 0.0 0.0 0.0 0.0 0.0 0.0 0.0 11.0 10.0 0.0 0.0 0.0 0.0 0.0 0.0 25.0 102.0 0.0 0.0 0.0 0.0 0.0 0.0 4.0 3.0 0.0 0.0 0.0 0.0 0.0 6.0 1.0 0.0 0.0 0.0 0.0 0.0 0.0 1.0 8.0 19.0 0.0 0.0 0.0 0.0 0.0 0.0 12.0 100.0 0.0 0.0 0.0 0.0 0.0 0.0 0.0 3.0 0.0 0.0 0.0 0.0 0.0 1.0 1.0 0.0 0.0 0.0 0.0 0.0 0.0 1.0 5.0 15.0 1.0 0.0 0.0 0.0 0.0 0.0 4.0 76.0 0.0 0.0 0.0 0.0 0.0 0.0 0.0 1.0 0.0 0.0 0.0 0.0 
25_3_038_68
0.0 0.0 0.0 0.0 2.0 86.0 42.0 11.0 0.0 0.0 0.0 0.0 1.0 45.0 41.0 13.0 0.0 0.0 0.0 3.0 6.0 3.0 25.0 13.0 7.0 0.0 0.0 6.0 5.0 0.0 4.0 20.0 0.0 0.0 0.0 0.0 0.0 16.0 102.0 28.0 0.0 0.0 5.0 48.0 46.0 58.0 16.0 0.0 0.0 0.0 0.0 7.0 12.0 9.0 8.0 6.0 4.0 0.0 0.0 15.0 24.0 0.0 0.0 5.0 15.0 20.0 0.0 0.0 0.0 0.0 18.0 11.0 5.0 12.0 24.0 28.0 11.0 7.0 1.0 0.0 0.0 0.0 0.0 5.0 17.0 23.0 2.0 1.0 0.0 0.0 0.0 39.0 16.0 0.0 0.0 0.0 9.0 9.0 0.0 0.0 0.0 6.0 40.0 3.0 0.0 0.0 0.0 0.0 5.0 12.0 19.0 3.0 0.0 0.0 2.0 42.0 8.0 0.0 0.0 0.0 0.0 0.0 3.0 24.0 5.0 0.0 0.0 0.0 
25_3_038_69
0.0 1.0 0.0 0.0 0.0 0.0 0.0 0.0 0.0 0.0 3.0 3.0 0.0 0.0 0.0 0.0 0.0 0.0 30.0 62.0 0.0 0.0 0.0 0.0 0.0 0.0 2.0 3.0 0.0 0.0 0.0 0.0 0.0 0.0 0.0 0.0 0.0 0.0 0.0 0.0 0.0 0.0 4.0 14.0 0.0 0.0 0.0 0.0 0.0 0.0 11.0 102.0 0.0 0.0 0.0 0.0 1.0 2.0 1.0 0.0 0.0 0.0 0.0 0.0 0.0 1.0 0.0 0.0 0.0 0.0 0.0 0.0 0.0 0.0 11.0 19.0 0.0 0.0 0.0 0.0 0.0 0.0 19.0 83.0 0.0 0.0 0.0 0.0 0.0 0.0 0.0 1.0 2.0 0.0 0.0 0.0 0.0 0.0 0.0 0.0 0.0 0.0 0.0 0.0 0.0 0.0 24.0 30.0 0.0 0.0 0.0 0.0 0.0 0.0 19.0 30.0 0.0 0.0 0.0 0.0 0.0 0.0 0.0 0.0 2.0 0.0 0.0 0.0 
25_3_038_70
0.0 3.0 3.0 0.0 0.0 0.0 0.0 0.0 0.0 3.0 7.0 10.0 0.0 0.0 0.0 0.0 0.0 0.0 4.0 89.0 0.0 0.0 0.0 0.0 0.0 0.0 0.0 5.0 0.0 0.0 0.0 0.0 0.0 2.0 5.0 0.0 0.0 0.0 0.0 0.0 0.0 1.0 7.0 11.0 0.0 0.0 0.0 0.0 0.0 0.0 8.0 101.0 0.0 0.0 0.0 0.0 0.0 0.0 2.0 6.0 0.0 0.0 0.0 0.0 0.0 2.0 1.0 0.0 0.0 0.0 0.0 0.0 0.0 0.0 7.0 15.0 0.0 0.0 0.0 0.0 0.0 0.0 5.0 102.0 1.0 0.0 0.0 0.0 0.0 0.0 1.0 4.0 0.0 0.0 0.0 0.0 0.0 3.0 1.0 0.0 0.0 0.0 0.0 0.0 0.0 0.0 4.0 10.0 0.0 0.0 0.0 0.0 0.0 0.0 0.0 77.0 3.0 0.0 0.0 0.0 0.0 0.0 0.0 4.0 0.0 0.0 0.0 0.0 
