25_3_002_0
0.0 0.0 0.0 0.0 0.0 0.0 2.0 3.0 0.0 0.0 19.0 71.0 5.0 0.0 1.0 0.0 4.0 1.0 4.0 0.0 0.0 0.0 14.0 36.0 4.0 0.0 0.0 0.0 0.0 3.0 11.0 13.0 2.0 0.0 0.0 0.0 0.0 0.0 0.0 9.0 0.0 0.0 8.0 102.0 4.0 0.0 0.0 1.0 14.0 19.0 4.0 3.0 0.0 4.0 3.0 3.0 47.0 21.0 0.0 0.0 0.0 2.0 4.0 3.0 3.0 0.0 0.0 0.0 0.0 0.0 0.0 12.0 0.0 0.0 0.0 62.0 38.0 0.0 0.0 1.0 6.0 0.0 0.0 5.0 17.0 7.0 17.0 11.0 2.0 0.0 0.0 2.0 12.0 14.0 4.0 7.0 2.0 0.0 0.0 0.0 0.0 0.0 0.0 9.0 3.0 0.0 0.0 5.0 13.0 0.0 0.0 2.0 3.0 0.0 3.0 32.0 45.0 0.0 0.0 1.0 13.0 12.0 4.0 0.0 0.0 0.0 0.0 1.0 
25_3_002_1
0.0 1.0 1.0 0.0 0.0 0.0 0.0 0.0 0.0 0.0 7.0 15.0 0.0 0.0 0.0 0.0 0.0 0.0 0.0 83.0 2.0 0.0 0.0 0.0 0.0 0.0 1.0 0.0 0.0 0.0 0.0 0.0 0.0 0.0 5.0 0.0 0.0 0.0 0.0 0.0 0.0 0.0 6.0 14.0 0.0 0.0 0.0 0.0 0.0 0.0 3.0 102.0 2.0 0.0 0.0 0.0 0.0 0.0 0.0 0.0 0.0 0.0 0.0 0.0 0.0 19.0 9.0 0.0 0.0 0.0 0.0 0.0 0.0 13.0 24.0 11.0 0.0 0.0 0.0 0.0 0.0 0.0 11.0 36.0 15.0 26.0 0.0 0.0 0.0 0.0 0.0 0.0 28.0 6.0 0.0 0.0 6.0 5.0 0.0 0.0 0.0 0.0 0.0 2.0 0.0 1.0 1.0 6.0 2.0 1.0 0.0 0.0 1.0 0.0 0.0 0.0 5.0 5.0 1.0 1.0 0.0 0.0 1.0 17.0 19.0 0.0 0.0 0.0 
25_3_002_2
0.0 0.0 0.0 0.0 62.0 53.0 0.0 0.0 0.0 0.0 0.0 7.0 102.0 26.0 14.0 22.0 1.0 0.0 0.0 0.0 0.0 1.0 25.0 42.0 1.0 6.0 3.0 0.0 1.0 10.0 6.0 0.0 0.0 0.0 0.0 1.0 6.0 0.0 0.0 0.0 0.0 0.0 2.0 40.0 51.0 12.0 0.0 0.0 0.0 1.0 0.0 2.0 9.0 11.0 20.0 0.0 4.0 5.0 0.0 0.0 2.0 9.0 8.0 1.0 0.0 0.0 0.0 6.0 6.0 0.0 0.0 0.0 0.0 0.0 38.0 44.0 0.0 0.0 0.0 0.0 4.0 0.0 1.0 0.0 2.0 2.0 6.0 19.0 0.0 2.0 3.0 9.0 6.0 3.0 0.0 0.0 0.0 0.0 0.0 17.0 3.0 0.0 0.0 0.0 0.0 1.0 10.0 32.0 0.0 0.0 0.0 0.0 5.0 11.0 9.0 1.0 0.0 0.0 1.0 4.0 4.0 8.0 6.0 1.0 0.0 0.0 0.0 3.0 
25_3_002_3
0.0 0.0 0.0 4.0 26.0 40.0 31.0 28.0 25.0 3.0 0.0 0.0 2.0 2.0 7.0 29.0 9.0 6.0 23.0 10.0 44.0 14.0 4.0 0.0 46.0 53.0 41.0 38.0 3.0 0.0 0.0 0.0 59.0 48.0 0.0 0.0 0.0 2.0 6.0 5.0 31.0 34.0 26.0 4.0 0.0 1.0 6.0 24.0 7.0 43.0 62.0 43.0 5.0 1.0 7.0 0.0 6.0 11.0 4.0 19.0 36.0 8.0 14.0 12.0 1.0 0.0 0.0 0.0 19.0 102.0 9.0 8.0 4.0 11.0 18.0 52.0 16.0 36.0 12.0 28.0 34.0 54.0 15.0 13.0 9.0 9.0 2.0 2.0 0.0 1.0 13.0 18.0 7.0 4.0 25.0 44.0 29.0 95.0 0.0 0.0 0.0 0.0 0.0 0.0 0.0 59.0 36.0 48.0 3.0 0.0 0.0 0.0 7.0 32.0 13.0 1.0 3.0 6.0 5.0 18.0 15.0 58.0 89.0 4.0 0.0 0.0 0.0 3.0 
25_3_002_4
0.0 22.0 82.0 3.0 0.0 16.0 10.0 0.0 0.0 8.0 8.0 31.0 21.0 32.0 5.0 0.0 42.0 6.0 0.0 0.0 3.0 14.0 22.0 11.0 2.0 9.0 3.0 34.0 102.0 11.0 0.0 0.0 4.0 6.0 5.0 0.0 3.0 6.0 32.0 9.0 0.0 3.0 19.0 57.0 59.0 23.0 1.0 0.0 1.0 9.0 31.0 20.0 14.0 19.0 10.0 16.0 13.0 31.0 24.0 27.0 0.0 0.0 0.0 0.0 29.0 27.0 10.0 5.0 0.0 0.0 0.0 8.0 20.0 31.0 17.0 44.0 18.0 0.0 0.0 0.0 9.0 8.0 6.0 27.0 50.0 44.0 15.0 23.0 0.0 0.0 4.0 38.0 26.0 24.0 8.0 4.0 3.0 0.0 30.0 16.0 3.0 22.0 27.0 21.0 8.0 11.0 46.0 6.0 0.0 0.0 22.0 25.0 4.0 1.0 26.0 20.0 4.0 0.0 31.0 62.0 0.0 0.0 38.0 60.0 0.0 0.0 0.0 0.0 
25_3_002_5
0.0 0.0 0.0 8.0 13.0 51.0 102.0 7.0 2.0 4.0 7.0 25.0 9.0 41.0 6.0 0.0 0.0 0.0 0.0 0.0 2.0 54.0 28.0 56.0 0.0 0.0 0.0 0.0 40.0 91.0 0.0 0.0 10.0 9.0 34.0 25.0 0.0 0.0 5.0 25.0 16.0 14.0 0.0 6.0 32.0 51.0 7.0 15.0 8.0 40.0 18.0 10.0 6.0 16.0 29.0 57.0 26.0 89.0 9.0 2.0 12.0 2.0 0.0 0.0 1.0 2.0 14.0 6.0 12.0 11.0 -12.0 81.0 1.0 3.0 0.0 0.0 8.0 55.0 63.0 45.0 0.0 1.0 9.0 31.0 28.0 41.0 23.0 0.0 1.0 10.0 3.0 10.0 75.0 34.0 -1.0 3.0 0.0 0.0 0.0 0.0 85.0 37.0 13.0 32.0 23.0 16.0 3.0 0.0 8.0 2.0 -16.0 68.0 0.0 1.0 11.0 35.0 20.0 3.0 0.0 2.0 16.0 33.0 33.0 9.0 2.0 6.0 -20.0 54.0 
25_3_002_6
1.0 68.0 17.0 0.0 0.0 0.0 0.0 0.0 7.0 81.0 9.0 0.0 0.0 0.0 0.0 0.0 0.0 29.0 102.0 53.0 6.0 0.0 0.0 0.0 0.0 0.0 42.0 25.0 18.0 71.0 17.0 0.0 2.0 12.0 1.0 0.0 0.0 8.0 5.0 5.0 0.0 20.0 3.0 0.0 0.0 30.0 16.0 0.0 0.0 2.0 13.0 17.0 24.0 14.0 0.0 0.0 4.0 1.0 1.0 0.0 5.0 36.0 4.0 5.0 41.0 9.0 0.0 0.0 0.0 2.0 3.0 20.0 10.0 16.0 8.0 0.0 0.0 1.0 4.0 2.0 1.0 5.0 17.0 41.0 21.0 4.0 0.0 0.0 11.0 0.0 0.0 1.0 1.0 5.0 7.0 13.0 11.0 0.0 0.0 0.0 2.0 16.0 18.0 18.0 3.0 7.0 17.0 10.0 2.0 0.0 1.0 3.0 20.0 4.0 10.0 2.0 1.0 2.0 1.0 6.0 1.0 8.0 14.0 16.0 8.0 1.0 1.0 1.0 
25_3_002_7
0.0 0.0 4.0 5.0 0.0 2.0 1.0 0.0 0.0 0.0 38.0 23.0 14.0 1.0 0.0 0.0 6.0 42.0 33.0 3.0 0.0 0.0 0.0 0.0 4.0 4.0 2.0 6.0 3.0 1.0 7.0 10.0 1.0 6.0 6.0 1.0 0.0 1.0 6.0 1.0 0.0 0.0 35.0 102.0 4.0 0.0 0.0 0.0 0.0 0.0 0.0 3.0 12.0 11.0 58.0 2.0 0.0 0.0 0.0 0.0 6.0 19.0 34.0 5.0 30.0 77.0 3.0 0.0 0.0 0.0 0.0 0.0 31.0 5.0 3.0 14.0 33.0 4.0 0.0 1.0 0.0 0.0 0.0 0.0 3.0 16.0 30.0 10.0 4.0 0.0 0.0 3.0 1.0 0.0 4.0 3.0 0.0 0.0 0.0 1.0 5.0 19.0 15.0 3.0 27.0 1.0 0.0 0.0 1.0 0.0 1.0 17.0 8.0 11.0 8.0 0.0 1.0 2.0 1.0 1.0 13.0 3.0 0.0 0.0 0.0 2.0 1.0 8.0 
25_3_002_8
0.0 0.0 0.0 0.0 0.0 27.0 13.0 0.0 0.0 0.0 0.0 0.0 8.0 36.0 13.0 0.0 0.0 0.0 10.0 38.0 18.0 1.0 0.0 0.0 14.0 0.0 0.0 0.0 0.0 2.0 -7.0 37.0 0.0 6.0 6.0 0.0 1.0 37.0 15.0 4.0 0.0 7.0 17.0 17.0 12.0 8.0 1.0 0.0 0.0 0.0 16.0 85.0 13.0 6.0 1.0 0.0 0.0 0.0 0.0 2.0 9.0 1.0 24.0 71.0 15.0 28.0 32.0 6.0 1.0 0.0 3.0 -5.0 3.0 35.0 13.0 0.0 5.0 6.0 2.0 0.0 2.0 0.0 26.0 20.0 8.0 6.0 22.0 3.0 0.0 0.0 0.0 2.0 5.0 13.0 102.0 29.0 0.0 0.0 0.0 9.0 9.0 7.0 15.0 11.0 0.0 3.0 2.0 0.0 10.0 33.0 3.0 0.0 24.0 10.0 1.0 0.0 2.0 49.0 26.0 -1.0 0.0 0.0 0.0 2.0 0.0 1.0 21.0 35.0 
25_3_002_9
21.0 18.0 1.0 3.0 0.0 0.0 0.0 1.0 24.0 36.0 8.0 0.0 0.0 0.0 0.0 0.0 0.0 7.0 17.0 12.0 0.0 0.0 0.0 0.0 6.0 0.0 0.0 0.0 0.0 0.0 8.0 48.0 0.0 5.0 9.0 3.0 49.0 26.0 0.0 0.0 14.0 12.0 3.0 0.0 7.0 28.0 16.0 3.0 5.0 10.0 13.0 13.0 2.0 2.0 2.0 3.0 6.0 0.0 0.0 0.0 0.0 0.0 44.0 79.0 0.0 0.0 9.0 26.0 15.0 1.0 0.0 0.0 0.0 0.0 5.0 18.0 11.0 10.0 0.0 0.0 0.0 0.0 10.0 28.0 1.0 0.0 58.0 21.0 0.0 0.0 0.0 0.0 0.0 1.0 102.0 25.0 0.0 0.0 27.0 10.0 0.0 0.0 0.0 0.0 0.0 2.0 51.0 7.0 0.0 0.0 0.0 0.0 2.0 0.0 3.0 1.0 0.0 0.0 72.0 86.0 0.0 0.0 2.0 1.0 0.0 0.0 5.0 2.0 
25_3_002_10
26.0 0.0 0.0 0.0 0.0 0.0 0.0 8.0 24.0 9.0 0.0 0.0 0.0 0.0 0.0 0.0 3.0 13.0 63.0 3.0 0.0 0.0 0.0 0.0 3.0 12.0 6.0 0.0 0.0 0.0 3.0 6.0 29.0 0.0 0.0 0.0 27.0 14.0 1.0 9.0 16.0 10.0 4.0 1.0 0.0 0.0 0.0 0.0 2.0 0.0 23.0 24.0 6.0 1.0 8.0 2.0 3.0 0.0 0.0 0.0 0.0 0.0 44.0 16.0 0.0 0.0 0.0 2.0 102.0 12.0 0.0 0.0 12.0 15.0 0.0 4.0 57.0 3.0 0.0 0.0 12.0 4.0 0.0 2.0 2.0 2.0 6.0 9.0 14.0 3.0 0.0 0.0 0.0 0.0 2.0 15.0 3.0 0.0 0.0 1.0 4.0 0.0 0.0 0.0 0.0 0.0 0.0 17.0 92.0 6.0 0.0 0.0 0.0 0.0 0.0 0.0 15.0 38.0 4.0 1.0 2.0 4.0 0.0 0.0 5.0 4.0 1.0 0.0 
25_3_002_11
5.0 15.0 6.0 1.0 0.0 0.0 0.0 1.0 3.0 1.0 12.0 12.0 10.0 6.0 1.0 2.0 5.0 0.0 3.0 19.0 6.0 0.0 4.0 17.0 9.0 0.0 2.0 10.0 0.0 0.0 0.0 32.0 18.0 16.0 0.0 0.0 0.0 1.0 14.0 31.0 0.0 0.0 21.0 49.0 5.0 0.0 5.0 15.0 32.0 10.0 10.0 1.0 0.0 0.0 5.0 18.0 18.0 21.0 5.0 0.0 0.0 0.0 0.0 9.0 0.0 0.0 0.0 0.0 0.0 46.0 76.0 1.0 0.0 0.0 0.0 62.0 88.0 10.0 3.0 0.0 5.0 14.0 8.0 19.0 18.0 2.0 0.0 2.0 28.0 48.0 10.0 3.0 0.0 0.0 0.0 0.0 5.0 4.0 0.0 0.0 0.0 2.0 0.0 1.0 0.0 5.0 5.0 14.0 30.0 0.0 0.0 0.0 0.0 0.0 1.0 11.0 102.0 23.0 0.0 0.0 0.0 0.0 0.0 3.0 31.0 36.0 3.0 0.0 
25_3_002_12
22.0 4.0 0.0 0.0 0.0 3.0 6.0 4.0 11.0 3.0 0.0 0.0 0.0 0.0 6.0 16.0 0.0 6.0 13.0 10.0 5.0 1.0 0.0 1.0 4.0 7.0 3.0 5.0 0.0 0.0 4.0 10.0 0.0 0.0 0.0 0.0 11.0 74.0 6.0 0.0 0.0 0.0 36.0 14.0 3.0 7.0 23.0 1.0 3.0 14.0 25.0 0.0 0.0 0.0 4.0 5.0 0.0 0.0 0.0 0.0 0.0 1.0 30.0 17.0 5.0 0.0 1.0 4.0 6.0 1.0 0.0 0.0 0.0 2.0 13.0 102.0 5.0 0.0 0.0 0.0 24.0 5.0 2.0 1.0 1.0 1.0 1.0 18.0 26.0 3.0 0.0 0.0 0.0 0.0 2.0 6.0 1.0 4.0 5.0 3.0 0.0 0.0 0.0 0.0 0.0 0.0 6.0 52.0 38.0 0.0 0.0 0.0 6.0 8.0 5.0 6.0 19.0 0.0 0.0 0.0 34.0 7.0 0.0 0.0 0.0 0.0 0.0 8.0 
25_3_002_13
0.0 0.0 0.0 0.0 0.0 0.0 1.0 0.0 0.0 0.0 0.0 0.0 0.0 0.0 3.0 1.0 0.0 0.0 71.0 15.0 0.0 0.0 0.0 0.0 0.0 7.0 31.0 0.0 0.0 0.0 10.0 14.0 0.0 0.0 0.0 0.0 0.0 0.0 0.0 1.0 0.0 0.0 0.0 4.0 0.0 0.0 2.0 1.0 0.0 0.0 46.0 95.0 0.0 0.0 5.0 7.0 0.0 0.0 0.0 0.0 0.0 0.0 22.0 28.0 0.0 0.0 0.0 0.0 0.0 0.0 2.0 1.0 0.0 0.0 0.0 12.0 0.0 0.0 2.0 1.0 0.0 0.0 2.0 102.0 11.0 1.0 13.0 14.0 0.0 0.0 0.0 0.0 0.0 0.0 8.0 17.0 0.0 0.0 0.0 0.0 0.0 0.0 1.0 2.0 0.0 0.0 1.0 10.0 0.0 0.0 0.0 1.0 0.0 0.0 7.0 75.0 3.0 0.0 0.0 10.0 2.0 0.0 0.0 0.0 0.0 0.0 0.0 8.0 
25_3_002_14
5.0 4.0 3.0 0.0 1.0 5.0 2.0 2.0 9.0 28.0 29.0 6.0 0.0 0.0 0.0 3.0 6.0 8.0 13.0 22.0 11.0 8.0 6.0 10.0 2.0 2.0 0.0 9.0 44.0 27.0 11.0 6.0 38.0 23.0 12.0 4.0 0.0 0.0 0.0 2.0 4.0 9.0 20.0 18.0 17.0 16.0 2.0 10.0 42.0 41.0 5.0 23.0 33.0 4.0 0.0 9.0 14.0 36.0 10.0 16.0 6.0 4.0 0.0 3.0 30.0 3.0 0.0 0.0 0.0 2.0 49.0 56.0 5.0 24.0 49.0 11.0 2.0 0.0 4.0 7.0 3.0 11.0 52.0 60.0 6.0 10.0 4.0 0.0 4.0 0.0 0.0 0.0 0.0 13.0 58.0 96.0 0.0 0.0 36.0 29.0 11.0 26.0 48.0 0.0 14.0 29.0 102.0 21.0 0.0 0.0 0.0 15.0 2.0 4.0 2.0 0.0 0.0 9.0 50.0 17.0 11.0 1.0 5.0 2.0 0.0 0.0 32.0 45.0 
25_3_002_15
0.0 0.0 0.0 9.0 9.0 6.0 2.0 1.0 0.0 7.0 10.0 62.0 16.0 0.0 0.0 0.0 4.0 2.0 1.0 36.0 58.0 3.0 7.0 5.0 0.0 0.0 0.0 10.0 7.0 0.0 0.0 0.0 7.0 4.0 7.0 10.0 0.0 0.0 0.0 8.0 0.0 0.0 15.0 102.0 11.0 0.0 0.0 0.0 21.0 1.0 13.0 71.0 13.0 0.0 10.0 33.0 0.0 0.0 3.0 54.0 5.0 0.0 0.0 0.0 4.0 12.0 22.0 0.0 0.0 0.0 0.0 1.0 0.0 0.0 42.0 63.0 0.0 0.0 0.0 0.0 9.0 8.0 67.0 27.0 0.0 0.0 1.0 2.0 0.0 0.0 16.0 14.0 0.0 0.0 0.0 1.0 0.0 4.0 30.0 2.0 0.0 0.0 0.0 0.0 0.0 0.0 20.0 15.0 8.0 2.0 0.0 0.0 0.0 0.0 51.0 34.0 0.0 0.0 0.0 0.0 0.0 0.0 1.0 0.0 0.0 0.0 0.0 3.0 
25_3_002_16
0.0 0.0 0.0 0.0 0.0 0.0 0.0 2.0 0.0 0.0 0.0 73.0 24.0 0.0 0.0 0.0 1.0 0.0 0.0 0.0 0.0 0.0 5.0 24.0 4.0 0.0 0.0 0.0 0.0 0.0 0.0 7.0 0.0 0.0 0.0 0.0 0.0 0.0 0.0 3.0 0.0 0.0 7.0 102.0 2.0 0.0 0.0 0.0 8.0 0.0 1.0 3.0 0.0 0.0 0.0 19.0 2.0 4.0 11.0 1.0 0.0 0.0 0.0 0.0 0.0 0.0 0.0 0.0 0.0 0.0 0.0 2.0 0.0 0.0 19.0 79.0 4.0 0.0 0.0 0.0 12.0 0.0 0.0 10.0 4.0 0.0 0.0 11.0 0.0 1.0 5.0 5.0 3.0 6.0 1.0 0.0 0.0 0.0 0.0 0.0 0.0 0.0 0.0 1.0 0.0 0.0 3.0 43.0 28.0 0.0 0.0 0.0 0.0 0.0 0.0 2.0 13.0 3.0 2.0 5.0 0.0 0.0 0.0 0.0 0.0 1.0 5.0 7.0 
25_3_002_17
1.0 29.0 14.0 10.0 0.0 0.0 0.0 0.0 15.0 16.0 1.0 0.0 0.0 0.0 0.0 12.0 3.0 4.0 30.0 23.0 5.0 0.0 0.0 3.0 0.0 0.0 4.0 13.0 8.0 1.0 6.0 9.0 23.0 48.0 0.0 0.0 0.0 11.0 9.0 7.0 30.0 6.0 0.0 0.0 0.0 1.0 28.0 77.0 0.0 0.0 48.0 80.0 10.0 0.0 0.0 0.0 35.0 9.0 5.0 0.0 0.0 0.0 10.0 19.0 8.0 0.0 0.0 0.0 0.0 87.0 75.0 18.0 0.0 0.0 0.0 0.0 9.0 69.0 89.0 9.0 0.0 0.0 9.0 99.0 102.0 2.0 0.0 0.0 23.0 11.0 2.0 5.0 10.0 13.0 2.0 2.0 7.0 5.0 0.0 0.0 0.0 14.0 14.0 7.0 6.0 10.0 0.0 0.0 1.0 9.0 1.0 0.0 0.0 1.0 1.0 45.0 96.0 1.0 0.0 0.0 3.0 20.0 5.0 13.0 79.0 37.0 0.0 0.0 
25_3_002_18
6.0 7.0 3.0 1.0 0.0 0.0 0.0 0.0 3.0 3.0 13.0 9.0 0.0 0.0 0.0 0.0 0.0 0.0 10.0 42.0 5.0 0.0 0.0 0.0 0.0 0.0 0.0 53.0 6.0 3.0 1.0 0.0 7.0 2.0 0.0 0.0 2.0 6.0 5.0 15.0 0.0 0.0 13.0 28.0 1.0 0.0 2.0 0.0 0.0 0.0 10.0 11.0 2.0 3.0 1.0 0.0 0.0 0.0 26.0 80.0 1.0 1.0 0.0 0.0 0.0 0.0 7.0 10.0 12.0 6.0 2.0 1.0 0.0 2.0 15.0 36.0 2.0 0.0 0.0 0.0 0.0 2.0 27.0 27.0 3.0 0.0 0.0 0.0 0.0 0.0 46.0 33.0 10.0 0.0 0.0 0.0 0.0 0.0 15.0 9.0 0.0 0.0 0.0 0.0 0.0 0.0 4.0 12.0 1.0 1.0 2.0 0.0 0.0 0.0 0.0 2.0 6.0 65.0 69.0 4.0 0.0 0.0 0.0 0.0 102.0 69.0 0.0 0.0 
25_3_002_19
0.0 0.0 0.0 5.0 11.0 0.0 0.0 0.0 0.0 0.0 0.0 30.0 73.0 0.0 0.0 0.0 0.0 0.0 0.0 2.0 3.0 1.0 3.0 0.0 0.0 0.0 0.0 0.0 0.0 17.0 25.0 0.0 0.0 0.0 0.0 1.0 1.0 0.0 0.0 0.0 0.0 0.0 11.0 102.0 14.0 0.0 0.0 0.0 0.0 0.0 2.0 15.0 1.0 0.0 44.0 14.0 0.0 0.0 1.0 0.0 0.0 2.0 23.0 4.0 0.0 0.0 1.0 2.0 0.0 0.0 0.0 0.0 0.0 0.0 11.0 47.0 32.0 0.0 0.0 0.0 0.0 0.0 0.0 0.0 1.0 27.0 30.0 3.0 0.0 0.0 0.0 0.0 0.0 3.0 9.0 0.0 0.0 2.0 21.0 2.0 0.0 0.0 0.0 0.0 0.0 0.0 19.0 2.0 0.0 0.0 2.0 0.0 0.0 0.0 1.0 2.0 0.0 4.0 4.0 0.0 3.0 2.0 3.0 0.0 0.0 0.0 0.0 0.0 
25_3_002_20
8.0 32.0 26.0 11.0 0.0 0.0 0.0 0.0 18.0 10.0 4.0 0.0 0.0 0.0 1.0 4.0 0.0 1.0 28.0 31.0 0.0 0.0 0.0 0.0 0.0 0.0 6.0 38.0 7.0 7.0 0.0 0.0 0.0 0.0 0.0 14.0 57.0 29.0 1.0 0.0 3.0 0.0 0.0 0.0 4.0 15.0 18.0 27.0 0.0 0.0 26.0 80.0 2.0 0.0 0.0 0.0 0.0 3.0 17.0 8.0 1.0 3.0 1.0 0.0 0.0 0.0 16.0 30.0 29.0 15.0 0.0 0.0 1.0 5.0 34.0 21.0 6.0 3.0 0.0 0.0 0.0 0.0 17.0 67.0 6.0 0.0 0.0 0.0 0.0 2.0 53.0 35.0 29.0 25.0 0.0 0.0 0.0 0.0 58.0 10.0 0.0 0.0 0.0 0.0 0.0 0.0 22.0 12.0 0.0 0.0 0.0 0.0 0.0 0.0 5.0 13.0 2.0 8.0 51.0 2.0 0.0 0.0 0.0 0.0 17.0 97.0 102.0 5.0 
25_3_002_21
0.0 0.0 0.0 5.0 23.0 0.0 0.0 0.0 0.0 0.0 0.0 30.0 99.0 0.0 0.0 0.0 0.0 0.0 0.0 1.0 8.0 1.0 0.0 0.0 0.0 0.0 0.0 0.0 0.0 1.0 0.0 0.0 0.0 0.0 0.0 2.0 1.0 0.0 0.0 0.0 0.0 0.0 0.0 34.0 71.0 0.0 0.0 0.0 0.0 0.0 0.0 52.0 53.0 0.0 0.0 0.0 0.0 0.0 0.0 0.0 0.0 1.0 48.0 7.0 0.0 0.0 0.0 1.0 1.0 0.0 0.0 0.0 0.0 0.0 2.0 49.0 4.0 0.0 0.0 0.0 0.0 0.0 10.0 102.0 11.0 8.0 19.0 5.0 0.0 0.0 0.0 0.0 0.0 0.0 49.0 16.0 0.0 0.0 0.0 1.0 0.0 0.0 0.0 0.0 0.0 0.0 19.0 16.0 2.0 0.0 0.0 0.0 0.0 0.0 3.0 21.0 26.0 16.0 11.0 0.0 0.0 0.0 0.0 0.0 0.0 7.0 10.0 0.0 
25_3_002_22
0.0 0.0 0.0 7.0 1.0 0.0 0.0 0.0 0.0 0.0 1.0 11.0 1.0 0.0 0.0 0.0 10.0 0.0 0.0 8.0 0.0 0.0 -38.0 102.0 0.0 0.0 0.0 0.0 0.0 0.0 -5.0 19.0 0.0 0.0 0.0 14.0 2.0 0.0 0.0 0.0 0.0 0.0 0.0 9.0 4.0 0.0 0.0 0.0 1.0 0.0 0.0 41.0 2.0 0.0 -16.0 79.0 0.0 0.0 0.0 0.0 0.0 0.0 -7.0 52.0 0.0 0.0 7.0 10.0 0.0 0.0 0.0 0.0 0.0 1.0 6.0 11.0 0.0 0.0 0.0 0.0 0.0 0.0 11.0 38.0 0.0 0.0 0.0 60.0 0.0 0.0 0.0 0.0 0.0 0.0 1.0 54.0 0.0 0.0 2.0 5.0 0.0 0.0 0.0 0.0 0.0 0.0 6.0 18.0 0.0 0.0 0.0 0.0 0.0 0.0 2.0 19.0 0.0 1.0 33.0 45.0 0.0 0.0 0.0 0.0 0.0 0.0 7.0 15.0 
25_3_002_23
0.0 0.0 0.0 0.0 0.0 0.0 13.0 39.0 1.0 0.0 0.0 8.0 22.0 3.0 0.0 8.0 0.0 0.0 0.0 0.0 0.0 0.0 -1.0 53.0 0.0 0.0 0.0 0.0 1.0 3.0 4.0 4.0 0.0 0.0 0.0 0.0 0.0 0.0 -24.0 96.0 0.0 3.0 7.0 39.0 8.0 0.0 -11.0 30.0 0.0 0.0 0.0 0.0 0.0 0.0 -31.0 102.0 0.0 0.0 0.0 0.0 0.0 0.0 -7.0 25.0 0.0 0.0 0.0 0.0 0.0 0.0 -12.0 32.0 13.0 0.0 0.0 7.0 5.0 1.0 -43.0 99.0 0.0 0.0 0.0 0.0 1.0 14.0 0.0 40.0 19.0 1.0 0.0 0.0 0.0 0.0 -9.0 22.0 0.0 0.0 0.0 0.0 0.0 0.0 0.0 0.0 0.0 0.0 0.0 0.0 0.0 0.0 -34.0 80.0 3.0 0.0 0.0 0.0 5.0 4.0 -43.0 97.0 7.0 0.0 0.0 0.0 5.0 3.0 -1.0 1.0 
25_3_002_24
0.0 0.0 0.0 4.0 34.0 5.0 0.0 0.0 23.0 5.0 0.0 13.0 11.0 0.0 0.0 2.0 0.0 0.0 2.0 102.0 55.0 0.0 0.0 0.0 0.0 0.0 0.0 3.0 2.0 0.0 0.0 0.0 0.0 0.0 2.0 32.0 4.0 3.0 0.0 0.0 4.0 10.0 24.0 77.0 2.0 0.0 0.0 0.0 18.0 10.0 3.0 68.0 39.0 0.0 2.0 11.0 0.0 0.0 0.0 19.0 8.0 0.0 0.0 0.0 0.0 0.0 12.0 31.0 0.0 0.0 0.0 0.0 0.0 0.0 14.0 99.0 6.0 0.0 5.0 5.0 0.0 0.0 4.0 71.0 24.0 6.0 42.0 48.0 0.0 0.0 1.0 63.0 8.0 0.0 0.0 0.0 0.0 10.0 22.0 12.0 0.0 0.0 0.0 0.0 4.0 0.0 24.0 48.0 1.0 0.0 1.0 10.0 21.0 4.0 44.0 52.0 0.0 0.0 0.0 30.0 0.0 0.0 11.0 28.0 0.0 0.0 0.0 0.0 
25_3_002_25
0.0 0.0 0.0 0.0 5.0 1.0 0.0 0.0 0.0 0.0 0.0 9.0 5.0 0.0 0.0 0.0 14.0 0.0 0.0 11.0 2.0 0.0 -10.0 59.0 8.0 0.0 0.0 0.0 0.0 0.0 0.0 13.0 0.0 0.0 0.0 10.0 5.0 0.0 0.0 0.0 0.0 0.0 1.0 10.0 1.0 0.0 0.0 0.0 14.0 2.0 2.0 37.0 1.0 0.0 -5.0 37.0 9.0 0.0 0.0 0.0 0.0 0.0 -12.0 73.0 0.0 0.0 0.0 14.0 2.0 0.0 0.0 0.0 0.0 0.0 1.0 14.0 0.0 0.0 0.0 0.0 0.0 0.0 5.0 50.0 0.0 0.0 -1.0 25.0 0.0 0.0 0.0 0.0 0.0 0.0 -6.0 102.0 0.0 0.0 2.0 11.0 0.0 0.0 0.0 0.0 0.0 0.0 2.0 14.0 0.0 0.0 0.0 0.0 0.0 0.0 6.0 32.0 0.0 0.0 14.0 15.0 0.0 0.0 0.0 0.0 0.0 0.0 17.0 48.0 
25_3_002_26
0.0 0.0 0.0 0.0 10.0 13.0 0.0 0.0 0.0 0.0 1.0 39.0 32.0 8.0 0.0 0.0 10.0 20.0 4.0 11.0 0.0 0.0 0.0 0.0 2.0 34.0 2.0 0.0 0.0 0.0 0.0 0.0 0.0 0.0 2.0 0.0 0.0 0.0 0.0 0.0 0.0 0.0 20.0 93.0 0.0 0.0 0.0 0.0 0.0 0.0 9.0 17.0 0.0 0.0 0.0 0.0 0.0 1.0 0.0 0.0 0.0 0.0 0.0 0.0 0.0 0.0 1.0 1.0 0.0 0.0 0.0 0.0 0.0 0.0 18.0 102.0 0.0 0.0 0.0 0.0 0.0 0.0 2.0 16.0 0.0 0.0 0.0 0.0 0.0 2.0 0.0 0.0 0.0 0.0 0.0 0.0 0.0 0.0 4.0 3.0 0.0 0.0 0.0 0.0 0.0 0.0 40.0 59.0 0.0 0.0 0.0 0.0 0.0 0.0 1.0 3.0 1.0 0.0 0.0 0.0 0.0 0.0 0.0 0.0 0.0 0.0 0.0 0.0 
25_3_002_27
0.0 0.0 0.0 0.0 9.0 9.0 1.0 0.0 0.0 0.0 1.0 27.0 16.0 3.0 0.0 0.0 24.0 1.0 5.0 10.0 1.0 0.0 -10.0 15.0 0.0 0.0 0.0 0.0 0.0 1.0 -4.0 39.0 0.0 0.0 0.0 6.0 7.0 3.0 6.0 0.0 0.0 0.0 12.0 77.0 4.0 1.0 0.0 0.0 0.0 0.0 0.0 3.0 33.0 7.0 1.0 17.0 0.0 0.0 0.0 0.0 0.0 0.0 -11.0 102.0 7.0 0.0 5.0 12.0 0.0 0.0 0.0 1.0 0.0 0.0 6.0 53.0 27.0 0.0 0.0 0.0 0.0 0.0 1.0 24.0 15.0 6.0 4.0 27.0 0.0 0.0 0.0 6.0 7.0 0.0 9.0 96.0 20.0 4.0 4.0 0.0 1.0 0.0 0.0 -7.0 0.0 6.0 21.0 24.0 0.0 0.0 0.0 0.0 1.0 1.0 2.0 0.0 1.0 0.0 5.0 33.0 0.0 0.0 0.0 0.0 3.0 9.0 60.0 16.0 
25_3_002_28
8.0 0.0 0.0 0.0 0.0 0.0 0.0 18.0 0.0 0.0 1.0 44.0 9.0 0.0 0.0 0.0 4.0 0.0 4.0 76.0 16.0 0.0 5.0 6.0 12.0 0.0 2.0 54.0 14.0 2.0 6.0 39.0 15.0 9.0 1.0 0.0 0.0 0.0 0.0 14.0 0.0 9.0 36.0 25.0 0.0 0.0 0.0 0.0 2.0 1.0 7.0 102.0 6.0 1.0 0.0 0.0 30.0 8.0 38.0 25.0 0.0 0.0 1.0 25.0 3.0 4.0 13.0 0.0 0.0 0.0 0.0 5.0 0.0 4.0 65.0 5.0 0.0 0.0 0.0 0.0 0.0 0.0 37.0 28.0 0.0 2.0 1.0 1.0 0.0 0.0 57.0 39.0 0.0 0.0 1.0 0.0 0.0 7.0 31.0 1.0 0.0 0.0 0.0 0.0 0.0 1.0 25.0 12.0 3.0 1.0 0.0 0.0 0.0 0.0 22.0 20.0 4.0 10.0 2.0 0.0 0.0 0.0 38.0 27.0 0.0 0.0 0.0 0.0 
25_3_002_29
0.0 0.0 0.0 0.0 0.0 0.0 1.0 0.0 0.0 0.0 0.0 0.0 0.0 1.0 0.0 0.0 0.0 0.0 56.0 51.0 0.0 0.0 0.0 0.0 0.0 0.0 9.0 9.0 0.0 0.0 29.0 6.0 0.0 0.0 0.0 0.0 0.0 0.0 0.0 0.0 0.0 0.0 1.0 9.0 0.0 0.0 0.0 0.0 0.0 0.0 31.0 102.0 1.0 1.0 6.0 0.0 0.0 0.0 0.0 0.0 0.0 0.0 22.0 17.0 0.0 0.0 0.0 2.0 0.0 0.0 0.0 0.0 0.0 0.0 1.0 18.0 1.0 0.0 0.0 0.0 0.0 0.0 3.0 65.0 26.0 1.0 6.0 1.0 0.0 0.0 0.0 0.0 0.0 0.0 8.0 4.0 0.0 0.0 0.0 32.0 16.0 0.0 0.0 0.0 0.0 0.0 0.0 3.0 4.0 1.0 0.0 0.0 0.0 0.0 0.0 40.0 25.0 0.0 0.0 0.0 0.0 0.0 0.0 0.0 0.0 0.0 1.0 7.0 
25_3_002_30
0.0 0.0 0.0 0.0 3.0 0.0 0.0 0.0 0.0 0.0 22.0 28.0 0.0 0.0 0.0 0.0 0.0 1.0 21.0 19.0 0.0 0.0 0.0 0.0 0.0 0.0 0.0 2.0 0.0 0.0 2.0 7.0 0.0 0.0 0.0 2.0 2.0 0.0 0.0 0.0 0.0 0.0 19.0 84.0 0.0 0.0 0.0 0.0 3.0 1.0 4.0 12.0 3.0 0.0 0.0 10.0 0.0 0.0 0.0 1.0 0.0 0.0 4.0 9.0 0.0 0.0 0.0 1.0 3.0 0.0 0.0 0.0 0.0 0.0 6.0 102.0 2.0 0.0 0.0 0.0 4.0 5.0 5.0 3.0 6.0 1.0 0.0 5.0 6.0 4.0 0.0 0.0 0.0 0.0 0.0 2.0 0.0 0.0 0.0 2.0 1.0 0.0 0.0 0.0 0.0 1.0 17.0 64.0 0.0 0.0 0.0 0.0 1.0 4.0 16.0 6.0 2.0 1.0 0.0 1.0 2.0 6.0 8.0 1.0 0.0 0.0 0.0 0.0 
25_3_002_31
0.0 0.0 0.0 41.0 23.0 0.0 0.0 0.0 21.0 4.0 0.0 38.0 34.0 0.0 0.0 1.0 38.0 7.0 23.0 64.0 6.0 0.0 0.0 4.0 0.0 0.0 4.0 31.0 1.0 0.0 0.0 0.0 0.0 1.0 29.0 16.0 2.0 0.0 0.0 0.0 0.0 0.0 12.0 83.0 28.0 0.0 0.0 0.0 0.0 0.0 4.0 81.0 1.0 0.0 3.0 1.0 0.0 0.0 4.0 38.0 0.0 0.0 0.0 0.0 0.0 0.0 22.0 20.0 0.0 0.0 0.0 0.0 0.0 0.0 18.0 53.0 6.0 2.0 0.0 0.0 0.0 0.0 12.0 102.0 4.0 1.0 15.0 0.0 0.0 0.0 5.0 27.0 0.0 0.0 0.0 0.0 0.0 0.0 29.0 13.0 0.0 0.0 0.0 0.0 0.0 0.0 2.0 7.0 4.0 6.0 5.0 0.0 0.0 0.0 34.0 92.0 2.0 2.0 0.0 0.0 0.0 0.0 1.0 9.0 0.0 0.0 0.0 0.0 
25_3_002_32
1.0 0.0 1.0 3.0 1.0 1.0 2.0 1.0 0.0 0.0 2.0 12.0 9.0 0.0 0.0 0.0 0.0 0.0 0.0 32.0 102.0 0.0 0.0 0.0 5.0 2.0 0.0 3.0 11.0 0.0 0.0 1.0 0.0 0.0 0.0 0.0 12.0 6.0 1.0 0.0 0.0 0.0 6.0 35.0 9.0 0.0 0.0 0.0 6.0 0.0 0.0 31.0 29.0 0.0 0.0 10.0 0.0 0.0 1.0 67.0 32.0 0.0 0.0 0.0 0.0 1.0 17.0 3.0 5.0 1.0 0.0 0.0 1.0 2.0 32.0 37.0 1.0 0.0 0.0 0.0 1.0 1.0 27.0 40.0 0.0 0.0 2.0 27.0 0.0 0.0 31.0 61.0 0.0 0.0 0.0 0.0 0.0 1.0 53.0 4.0 0.0 0.0 0.0 0.0 12.0 12.0 45.0 0.0 0.0 0.0 0.0 10.0 8.0 4.0 65.0 32.0 0.0 0.0 0.0 4.0 0.0 0.0 12.0 11.0 0.0 0.0 0.0 0.0 
25_3_002_33
0.0 0.0 0.0 0.0 0.0 0.0 5.0 8.0 0.0 0.0 0.0 4.0 5.0 2.0 17.0 13.0 0.0 0.0 0.0 0.0 2.0 3.0 24.0 3.0 0.0 0.0 0.0 0.0 0.0 0.0 14.0 3.0 0.0 0.0 0.0 0.0 0.0 0.0 9.0 31.0 0.0 0.0 0.0 10.0 2.0 0.0 7.0 17.0 0.0 0.0 0.0 0.0 0.0 0.0 8.0 23.0 2.0 1.0 0.0 0.0 0.0 0.0 1.0 2.0 0.0 0.0 0.0 0.0 0.0 0.0 -11.0 51.0 1.0 0.0 0.0 4.0 3.0 0.0 -15.0 43.0 0.0 0.0 0.0 0.0 0.0 0.0 -3.0 22.0 3.0 3.0 0.0 0.0 0.0 0.0 -1.0 2.0 0.0 0.0 0.0 0.0 1.0 0.0 -2.0 6.0 2.0 0.0 0.0 0.0 0.0 0.0 -48.0 102.0 0.0 0.0 0.0 0.0 0.0 0.0 -8.0 20.0 0.0 0.0 0.0 0.0 1.0 0.0 0.0 5.0 
25_3_002_34
0.0 0.0 0.0 25.0 12.0 0.0 7.0 72.0 0.0 0.0 0.0 0.0 0.0 0.0 7.0 41.0 1.0 0.0 0.0 0.0 0.0 0.0 11.0 18.0 6.0 3.0 1.0 0.0 0.0 0.0 0.0 7.0 0.0 0.0 0.0 10.0 102.0 31.0 42.0 17.0 0.0 0.0 0.0 0.0 0.0 4.0 35.0 11.0 1.0 4.0 4.0 4.0 2.0 1.0 4.0 2.0 7.0 15.0 1.0 0.0 0.0 0.0 0.0 0.0 0.0 0.0 15.0 50.0 2.0 0.0 0.0 0.0 0.0 0.0 0.0 0.0 1.0 1.0 12.0 13.0 0.0 1.0 5.0 26.0 15.0 4.0 0.0 0.0 5.0 19.0 5.0 0.0 16.0 18.0 1.0 0.0 0.0 0.0 7.0 28.0 0.0 0.0 2.0 1.0 0.0 0.0 0.0 0.0 0.0 2.0 20.0 19.0 0.0 0.0 0.0 0.0 31.0 15.0 0.0 0.0 1.0 0.0 0.0 0.0 9.0 14.0 2.0 2.0 
25_3_002_35
0.0 0.0 0.0 0.0 0.0 0.0 0.0 2.0 0.0 0.0 0.0 82.0 9.0 0.0 0.0 0.0 0.0 -1.0 6.0 18.0 10.0 0.0 0.0 0.0 0.0 0.0 0.0 0.0 3.0 2.0 10.0 7.0 0.0 0.0 0.0 0.0 0.0 0.0 0.0 5.0 0.0 0.0 20.0 96.0 0.0 0.0 0.0 0.0 0.0 -1.0 5.0 15.0 7.0 8.0 1.0 4.0 0.0 0.0 0.0 2.0 0.0 1.0 0.0 14.0 0.0 0.0 0.0 0.0 0.0 0.0 0.0 2.0 0.0 0.0 2.0 102.0 13.0 0.0 0.0 0.0 0.0 -2.0 13.0 13.0 6.0 1.0 0.0 6.0 0.0 0.0 3.0 3.0 0.0 0.0 -3.0 19.0 0.0 0.0 0.0 0.0 0.0 0.0 0.0 2.0 0.0 0.0 0.0 40.0 31.0 0.0 0.0 0.0 0.0 0.0 0.0 31.0 18.0 0.0 0.0 0.0 0.0 0.0 0.0 1.0 0.0 0.0 3.0 9.0 
25_3_002_36
0.0 0.0 5.0 8.0 1.0 0.0 0.0 0.0 0.0 5.0 17.0 9.0 1.0 0.0 0.0 0.0 17.0 17.0 6.0 0.0 0.0 0.0 -5.0 18.0 0.0 0.0 0.0 0.0 0.0 0.0 -27.0 80.0 0.0 0.0 1.0 4.0 5.0 9.0 4.0 0.0 0.0 0.0 20.0 52.0 6.0 0.0 0.0 0.0 0.0 4.0 10.0 3.0 0.0 0.0 -9.0 40.0 9.0 7.0 5.0 0.0 0.0 0.0 -28.0 102.0 4.0 13.0 7.0 6.0 2.0 3.0 2.0 0.0 0.0 0.0 25.0 58.0 9.0 0.0 0.0 0.0 0.0 3.0 26.0 6.0 0.0 4.0 2.0 8.0 1.0 0.0 0.0 0.0 0.0 0.0 29.0 74.0 0.0 1.0 7.0 5.0 0.0 0.0 0.0 0.0 0.0 0.0 2.0 18.0 17.0 4.0 0.0 0.0 0.0 0.0 2.0 0.0 1.0 22.0 38.0 6.0 1.0 0.0 0.0 0.0 1.0 1.0 7.0 17.0 
25_3_002_37
8.0 0.0 2.0 16.0 18.0 0.0 -2.0 7.0 7.0 1.0 3.0 8.0 12.0 0.0 -1.0 4.0 5.0 10.0 8.0 4.0 0.0 0.0 0.0 0.0 0.0 17.0 37.0 10.0 0.0 0.0 0.0 0.0 0.0 0.0 0.0 16.0 102.0 0.0 0.0 0.0 3.0 2.0 2.0 4.0 17.0 13.0 1.0 1.0 0.0 6.0 13.0 19.0 6.0 0.0 0.0 0.0 0.0 5.0 2.0 17.0 17.0 12.0 0.0 8.0 0.0 0.0 0.0 7.0 31.0 1.0 0.0 0.0 3.0 3.0 2.0 37.0 86.0 0.0 0.0 0.0 0.0 0.0 15.0 51.0 21.0 0.0 0.0 0.0 15.0 1.0 0.0 3.0 0.0 0.0 -20.0 63.0 0.0 0.0 0.0 0.0 1.0 3.0 0.0 0.0 0.0 0.0 0.0 5.0 65.0 13.0 0.0 0.0 0.0 0.0 0.0 0.0 64.0 87.0 4.0 0.0 12.0 0.0 0.0 1.0 93.0 27.0 0.0 0.0 
25_3_002_38
0.0 0.0 0.0 7.0 2.0 0.0 0.0 0.0 0.0 0.0 0.0 5.0 4.0 0.0 0.0 0.0 0.0 0.0 0.0 31.0 5.0 0.0 -10.0 42.0 0.0 0.0 0.0 0.0 0.0 0.0 -15.0 75.0 0.0 0.0 3.0 10.0 0.0 0.0 0.0 0.0 0.0 0.0 4.0 8.0 0.0 0.0 0.0 0.0 0.0 0.0 8.0 51.0 0.0 0.0 -2.0 23.0 0.0 0.0 0.0 0.0 0.0 0.0 -4.0 102.0 0.0 0.0 2.0 8.0 0.0 0.0 0.0 0.0 0.0 0.0 3.0 14.0 0.0 0.0 0.0 0.0 0.0 0.0 3.0 43.0 0.0 0.0 15.0 23.0 0.0 0.0 0.0 0.0 0.0 0.0 21.0 60.0 0.0 0.0 2.0 2.0 0.0 0.0 0.0 0.0 0.0 0.0 4.0 16.0 0.0 0.0 0.0 0.0 0.0 0.0 3.0 16.0 0.0 0.0 23.0 38.0 0.0 0.0 0.0 0.0 0.0 0.0 9.0 18.0 
25_3_002_39
0.0 0.0 0.0 0.0 0.0 0.0 0.0 0.0 0.0 0.0 0.0 1.0 0.0 0.0 0.0 0.0 0.0 0.0 53.0 59.0 0.0 0.0 0.0 0.0 0.0 0.0 3.0 4.0 0.0 0.0 26.0 14.0 0.0 0.0 0.0 0.0 0.0 0.0 0.0 0.0 0.0 0.0 1.0 12.0 1.0 0.0 0.0 0.0 0.0 0.0 20.0 102.0 3.0 1.0 2.0 0.0 0.0 0.0 0.0 0.0 0.0 0.0 23.0 18.0 0.0 0.0 0.0 0.0 0.0 0.0 0.0 0.0 0.0 0.0 2.0 20.0 1.0 0.0 0.0 0.0 0.0 0.0 4.0 59.0 21.0 3.0 7.0 1.0 0.0 0.0 0.0 0.0 0.0 0.0 7.0 7.0 0.0 0.0 0.0 7.0 3.0 0.0 0.0 0.0 0.0 0.0 0.0 5.0 4.0 0.0 0.0 0.0 0.0 0.0 0.0 33.0 29.0 0.0 0.0 0.0 0.0 0.0 0.0 1.0 0.0 0.0 0.0 4.0 
25_3_002_40
0.0 0.0 3.0 55.0 14.0 0.0 0.0 0.0 10.0 1.0 0.0 40.0 40.0 2.0 1.0 1.0 41.0 9.0 28.0 31.0 0.0 0.0 1.0 13.0 0.0 0.0 12.0 63.0 0.0 0.0 0.0 0.0 0.0 3.0 25.0 16.0 4.0 0.0 0.0 0.0 0.0 0.0 16.0 84.0 17.0 0.0 0.0 0.0 4.0 0.0 6.0 70.0 1.0 0.0 4.0 10.0 0.0 0.0 11.0 50.0 0.0 0.0 0.0 0.0 0.0 0.0 27.0 29.0 0.0 0.0 0.0 0.0 0.0 0.0 18.0 40.0 6.0 4.0 1.0 0.0 0.0 0.0 12.0 102.0 1.0 1.0 25.0 8.0 0.0 0.0 8.0 32.0 0.0 0.0 0.0 0.0 0.0 0.0 24.0 13.0 0.0 0.0 0.0 0.0 0.0 0.0 0.0 3.0 10.0 7.0 13.0 0.0 0.0 0.0 40.0 98.0 1.0 0.0 5.0 1.0 0.0 0.0 3.0 12.0 0.0 0.0 0.0 0.0 
25_3_002_41
0.0 0.0 1.0 1.0 0.0 0.0 0.0 0.0 -19.0 102.0 36.0 7.0 0.0 0.0 0.0 -7.0 9.0 69.0 55.0 25.0 0.0 0.0 0.0 -15.0 -11.0 25.0 4.0 9.0 0.0 0.0 11.0 10.0 0.0 0.0 28.0 33.0 0.0 0.0 0.0 0.0 0.0 0.0 53.0 53.0 2.0 5.0 7.0 5.0 -4.0 19.0 19.0 32.0 4.0 0.0 1.0 0.0 0.0 0.0 2.0 0.0 0.0 1.0 28.0 21.0 0.0 0.0 48.0 68.0 0.0 0.0 0.0 0.0 -3.0 19.0 5.0 22.0 0.0 0.0 2.0 0.0 0.0 0.0 4.0 26.0 5.0 3.0 22.0 1.0 0.0 0.0 0.0 4.0 6.0 2.0 17.0 2.0 0.0 1.0 54.0 26.0 0.0 0.0 2.0 3.0 0.0 0.0 3.0 9.0 10.0 9.0 5.0 1.0 0.0 0.0 0.0 0.0 2.0 1.0 11.0 4.0 0.0 0.0 0.0 0.0 5.0 3.0 5.0 0.0 
25_3_002_42
0.0 0.0 0.0 0.0 0.0 1.0 0.0 36.0 0.0 0.0 5.0 12.0 31.0 2.0 0.0 0.0 -3.0 25.0 10.0 21.0 3.0 0.0 0.0 -2.0 -11.0 26.0 6.0 2.0 1.0 6.0 4.0 0.0 0.0 0.0 0.0 0.0 0.0 1.0 37.0 13.0 0.0 0.0 27.0 71.0 5.0 3.0 0.0 0.0 -8.0 26.0 16.0 9.0 1.0 0.0 0.0 0.0 4.0 1.0 0.0 0.0 0.0 3.0 7.0 9.0 23.0 14.0 0.0 0.0 0.0 0.0 -4.0 8.0 -9.0 26.0 9.0 61.0 13.0 0.0 0.0 0.0 0.0 9.0 11.0 35.0 27.0 2.0 0.0 0.0 6.0 0.0 0.0 0.0 0.0 1.0 -5.0 102.0 21.0 36.0 0.0 0.0 0.0 0.0 -1.0 -10.0 -6.0 44.0 3.0 0.0 0.0 3.0 3.0 0.0 0.0 0.0 1.0 6.0 14.0 26.0 9.0 0.0 0.0 0.0 0.0 0.0 14.0 26.0 -6.0 24.0 
25_3_002_43
0.0 0.0 0.0 0.0 0.0 13.0 15.0 0.0 0.0 0.0 0.0 7.0 6.0 9.0 1.0 0.0 0.0 0.0 11.0 23.0 6.0 0.0 0.0 0.0 37.0 0.0 1.0 0.0 0.0 0.0 -5.0 3.0 0.0 0.0 0.0 2.0 4.0 12.0 12.0 0.0 0.0 0.0 0.0 4.0 22.0 18.0 5.0 0.0 0.0 0.0 10.0 67.0 21.0 2.0 0.0 0.0 17.0 4.0 8.0 13.0 8.0 0.0 -3.0 3.0 0.0 0.0 0.0 21.0 13.0 6.0 2.0 0.0 0.0 0.0 3.0 13.0 2.0 0.0 18.0 3.0 0.0 0.0 36.0 102.0 1.0 0.0 0.0 0.0 0.0 0.0 0.0 5.0 43.0 9.0 0.0 29.0 0.0 0.0 4.0 29.0 1.0 0.0 0.0 0.0 0.0 0.0 2.0 15.0 3.0 0.0 -1.0 13.0 0.0 0.0 2.0 62.0 39.0 7.0 0.0 0.0 0.0 0.0 0.0 19.0 6.0 5.0 9.0 39.0 
25_3_002_44
0.0 0.0 46.0 14.0 0.0 0.0 0.0 0.0 0.0 5.0 29.0 26.0 0.0 0.0 0.0 0.0 16.0 29.0 9.0 0.0 0.0 0.0 0.0 6.0 3.0 1.0 0.0 0.0 0.0 2.0 1.0 5.0 0.0 0.0 37.0 11.0 0.0 0.0 7.0 0.0 0.0 0.0 50.0 83.0 1.0 7.0 0.0 0.0 17.0 8.0 2.0 0.0 0.0 0.0 7.0 68.0 6.0 0.0 0.0 0.0 0.0 5.0 6.0 19.0 0.0 0.0 1.0 0.0 0.0 6.0 32.0 6.0 0.0 0.0 1.0 102.0 40.0 20.0 9.0 0.0 0.0 0.0 0.0 5.0 11.0 25.0 76.0 31.0 10.0 5.0 4.0 9.0 2.0 1.0 2.0 5.0 10.0 1.0 0.0 0.0 0.0 0.0 0.0 11.0 2.0 3.0 4.0 41.0 8.0 0.0 4.0 5.0 18.0 1.0 6.0 37.0 6.0 0.0 3.0 23.0 1.0 1.0 1.0 11.0 1.0 0.0 0.0 0.0 
25_3_002_45
0.0 0.0 0.0 0.0 0.0 0.0 16.0 51.0 0.0 0.0 1.0 1.0 0.0 1.0 8.0 6.0 0.0 0.0 18.0 51.0 0.0 0.0 0.0 0.0 0.0 0.0 0.0 1.0 0.0 0.0 10.0 9.0 2.0 1.0 0.0 0.0 0.0 0.0 5.0 53.0 4.0 14.0 5.0 0.0 0.0 0.0 -2.0 4.0 0.0 0.0 5.0 48.0 3.0 1.0 4.0 8.0 3.0 4.0 6.0 10.0 3.0 1.0 4.0 13.0 11.0 1.0 0.0 0.0 0.0 0.0 -42.0 102.0 12.0 22.0 3.0 0.0 0.0 0.0 0.0 -2.0 2.0 4.0 20.0 15.0 0.0 0.0 0.0 0.0 0.0 6.0 41.0 29.0 1.0 0.0 0.0 0.0 13.0 0.0 0.0 0.0 1.0 1.0 -4.0 17.0 34.0 0.0 0.0 0.0 0.0 0.0 -7.0 12.0 0.0 0.0 2.0 8.0 8.0 6.0 2.0 0.0 0.0 0.0 3.0 12.0 10.0 11.0 13.0 0.0 
25_3_002_46
0.0 0.0 0.0 5.0 0.0 0.0 0.0 0.0 0.0 0.0 13.0 65.0 5.0 0.0 0.0 0.0 0.0 1.0 15.0 12.0 2.0 0.0 0.0 0.0 0.0 1.0 2.0 1.0 0.0 0.0 2.0 5.0 0.0 0.0 0.0 1.0 1.0 0.0 -1.0 5.0 0.0 0.0 2.0 102.0 30.0 0.0 0.0 0.0 0.0 0.0 13.0 14.0 0.0 1.0 0.0 0.0 0.0 0.0 0.0 0.0 0.0 1.0 14.0 7.0 -1.0 8.0 1.0 0.0 0.0 0.0 0.0 0.0 0.0 0.0 69.0 80.0 0.0 0.0 0.0 0.0 0.0 0.0 0.0 2.0 0.0 2.0 1.0 1.0 0.0 0.0 0.0 0.0 0.0 0.0 5.0 11.0 0.0 3.0 13.0 16.0 0.0 0.0 0.0 0.0 0.0 4.0 39.0 43.0 0.0 0.0 0.0 0.0 0.0 0.0 0.0 0.0 0.0 0.0 3.0 9.0 0.0 0.0 0.0 0.0 0.0 0.0 1.0 6.0 
25_3_002_47
0.0 0.0 1.0 31.0 8.0 0.0 0.0 0.0 0.0 0.0 0.0 2.0 13.0 12.0 25.0 9.0 0.0 0.0 16.0 99.0 49.0 0.0 0.0 0.0 24.0 3.0 12.0 1.0 5.0 2.0 -13.0 62.0 0.0 0.0 0.0 2.0 14.0 4.0 0.0 2.0 0.0 0.0 0.0 0.0 7.0 16.0 33.0 21.0 0.0 0.0 6.0 102.0 89.0 0.0 0.0 0.0 5.0 3.0 24.0 35.0 30.0 9.0 0.0 6.0 30.0 6.0 2.0 0.0 0.0 0.0 -7.0 8.0 63.0 19.0 26.0 5.0 2.0 0.0 0.0 -24.0 0.0 7.0 64.0 48.0 20.0 0.0 0.0 0.0 0.0 0.0 0.0 7.0 70.0 22.0 3.0 0.0 40.0 3.0 0.0 0.0 0.0 0.0 0.0 -16.0 11.0 9.0 7.0 2.0 2.0 0.0 0.0 -5.0 0.0 1.0 9.0 7.0 13.0 0.0 0.0 0.0 0.0 0.0 18.0 10.0 8.0 7.0 0.0 0.0 
25_3_002_48
1.0 0.0 2.0 3.0 0.0 0.0 0.0 0.0 0.0 0.0 5.0 13.0 5.0 3.0 19.0 0.0 0.0 0.0 6.0 36.0 16.0 8.0 2.0 0.0 3.0 6.0 31.0 19.0 6.0 0.0 -3.0 10.0 2.0 0.0 0.0 0.0 2.0 0.0 -4.0 16.0 2.0 0.0 0.0 0.0 4.0 13.0 13.0 16.0 0.0 0.0 9.0 102.0 16.0 0.0 0.0 0.0 0.0 1.0 4.0 43.0 32.0 4.0 4.0 18.0 25.0 7.0 0.0 0.0 0.0 0.0 -3.0 0.0 18.0 35.0 12.0 6.0 1.0 0.0 0.0 -3.0 0.0 9.0 66.0 36.0 6.0 0.0 0.0 0.0 0.0 5.0 26.0 21.0 18.0 1.0 0.0 0.0 13.0 1.0 0.0 0.0 11.0 13.0 0.0 -2.0 0.0 11.0 4.0 3.0 2.0 0.0 0.0 0.0 0.0 0.0 3.0 10.0 19.0 0.0 0.0 0.0 6.0 1.0 1.0 3.0 15.0 28.0 9.0 0.0 
25_3_002_49
26.0 23.0 22.0 15.0 0.0 0.0 0.0 8.0 21.0 1.0 0.0 0.0 0.0 0.0 0.0 27.0 7.0 0.0 0.0 0.0 0.0 15.0 30.0 16.0 0.0 0.0 0.0 0.0 7.0 9.0 22.0 1.0 43.0 8.0 17.0 95.0 7.0 0.0 4.0 50.0 21.0 0.0 0.0 0.0 2.0 13.0 15.0 70.0 87.0 2.0 3.0 16.0 7.0 0.0 0.0 16.0 20.0 0.0 1.0 1.0 0.0 1.0 4.0 18.0 0.0 0.0 0.0 53.0 81.0 13.0 102.0 33.0 17.0 4.0 0.0 19.0 58.0 18.0 38.0 12.0 20.0 5.0 8.0 41.0 10.0 0.0 0.0 7.0 85.0 11.0 0.0 0.0 0.0 0.0 0.0 42.0 0.0 3.0 6.0 45.0 36.0 1.0 0.0 13.0 40.0 55.0 19.0 37.0 14.0 0.0 0.0 11.0 4.0 8.0 13.0 16.0 8.0 0.0 0.0 0.0 28.0 4.0 3.0 0.0 0.0 0.0 0.0 22.0 
25_3_002_50
0.0 0.0 0.0 0.0 1.0 17.0 15.0 5.0 13.0 1.0 0.0 0.0 0.0 0.0 12.0 17.0 4.0 16.0 3.0 1.0 1.0 0.0 0.0 0.0 11.0 0.0 0.0 0.0 0.0 7.0 19.0 15.0 1.0 0.0 0.0 3.0 2.0 16.0 24.0 3.0 6.0 23.0 28.0 34.0 23.0 13.0 0.0 0.0 58.0 35.0 3.0 0.0 0.0 0.0 4.0 21.0 18.0 27.0 10.0 0.0 0.0 0.0 4.0 17.0 50.0 24.0 16.0 0.0 0.0 0.0 2.0 33.0 2.0 8.0 102.0 56.0 4.0 0.0 9.0 4.0 12.0 0.0 0.0 0.0 0.0 20.0 51.0 23.0 2.0 25.0 11.0 0.0 2.0 30.0 2.0 0.0 8.0 46.0 30.0 7.0 8.0 5.0 0.0 0.0 14.0 15.0 4.0 0.0 0.0 0.0 29.0 83.0 4.0 0.0 0.0 0.0 0.0 4.0 16.0 19.0 0.0 0.0 26.0 16.0 2.0 10.0 7.0 5.0 
25_3_002_51
12.0 4.0 0.0 0.0 0.0 9.0 12.0 32.0 2.0 2.0 9.0 6.0 5.0 5.0 0.0 0.0 0.0 10.0 28.0 7.0 2.0 0.0 0.0 0.0 2.0 13.0 32.0 29.0 1.0 0.0 0.0 0.0 0.0 0.0 0.0 0.0 1.0 6.0 20.0 1.0 0.0 0.0 3.0 48.0 11.0 1.0 0.0 0.0 0.0 0.0 1.0 10.0 16.0 16.0 12.0 1.0 0.0 0.0 13.0 50.0 43.0 0.0 0.0 0.0 3.0 0.0 1.0 2.0 0.0 0.0 0.0 0.0 0.0 0.0 3.0 20.0 21.0 3.0 0.0 0.0 0.0 0.0 0.0 11.0 12.0 7.0 39.0 10.0 0.0 0.0 11.0 102.0 62.0 0.0 0.0 0.0 10.0 5.0 4.0 0.0 0.0 0.0 -5.0 9.0 3.0 3.0 2.0 0.0 4.0 4.0 -3.0 11.0 47.0 10.0 9.0 3.0 9.0 4.0 12.0 -9.0 0.0 1.0 28.0 73.0 12.0 0.0 0.0 0.0 
25_3_002_52
8.0 0.0 0.0 0.0 0.0 0.0 1.0 15.0 0.0 0.0 6.0 55.0 6.0 2.0 1.0 0.0 2.0 0.0 2.0 37.0 10.0 5.0 26.0 25.0 5.0 0.0 12.0 8.0 0.0 0.0 0.0 3.0 52.0 5.0 0.0 0.0 3.0 0.0 0.0 3.0 3.0 28.0 67.0 58.0 0.0 0.0 0.0 0.0 102.0 27.0 19.0 7.0 0.0 0.0 0.0 3.0 2.0 2.0 5.0 13.0 0.0 0.0 0.0 0.0 3.0 0.0 0.0 18.0 43.0 0.0 0.0 0.0 0.0 7.0 15.0 96.0 20.0 0.0 0.0 0.0 37.0 1.0 0.0 0.0 3.0 5.0 7.0 57.0 5.0 11.0 7.0 0.0 0.0 1.0 3.0 7.0 0.0 0.0 4.0 18.0 35.0 0.0 0.0 0.0 0.0 0.0 0.0 38.0 50.0 0.0 0.0 0.0 0.0 0.0 0.0 1.0 14.0 3.0 41.0 12.0 0.0 0.0 4.0 2.0 0.0 7.0 8.0 0.0 
25_3_002_53
0.0 5.0 32.0 2.0 1.0 5.0 3.0 0.0 5.0 5.0 10.0 5.0 12.0 6.0 0.0 0.0 10.0 49.0 22.0 0.0 0.0 0.0 0.0 0.0 8.0 24.0 1.0 0.0 0.0 0.0 16.0 17.0 0.0 0.0 2.0 1.0 1.0 12.0 22.0 0.0 0.0 0.0 38.0 98.0 21.0 9.0 0.0 0.0 0.0 16.0 34.0 0.0 0.0 3.0 69.0 37.0 0.0 0.0 0.0 0.0 0.0 0.0 46.0 57.0 9.0 21.0 22.0 4.0 0.0 10.0 55.0 11.0 0.0 4.0 14.0 83.0 35.0 46.0 18.0 0.0 0.0 0.0 0.0 15.0 14.0 53.0 102.0 0.0 0.0 0.0 0.0 0.0 0.0 3.0 30.0 51.0 30.0 25.0 0.0 0.0 0.0 10.0 70.0 13.0 0.0 1.0 7.0 2.0 0.0 16.0 61.0 1.0 0.0 0.0 9.0 59.0 8.0 0.0 0.0 0.0 13.0 17.0 0.0 0.0 0.0 0.0 1.0 40.0 
25_3_002_54
4.0 30.0 12.0 0.0 12.0 7.0 12.0 8.0 1.0 34.0 14.0 0.0 19.0 38.0 0.0 0.0 56.0 3.0 0.0 0.0 0.0 4.0 15.0 102.0 37.0 7.0 4.0 7.0 4.0 0.0 0.0 5.0 0.0 0.0 0.0 0.0 8.0 74.0 37.0 0.0 0.0 0.0 0.0 38.0 42.0 50.0 1.0 0.0 5.0 0.0 0.0 0.0 0.0 9.0 22.0 53.0 36.0 2.0 0.0 0.0 0.0 0.0 0.0 30.0 0.0 7.0 14.0 5.0 6.0 6.0 1.0 0.0 0.0 0.0 20.0 45.0 16.0 6.0 2.0 0.0 8.0 5.0 3.0 0.0 0.0 0.0 15.0 7.0 4.0 0.0 0.0 0.0 0.0 0.0 24.0 68.0 0.0 0.0 0.0 2.0 14.0 39.0 4.0 0.0 0.0 0.0 1.0 45.0 59.0 0.0 0.0 0.0 2.0 5.0 15.0 18.0 2.0 0.0 0.0 0.0 58.0 42.0 0.0 2.0 0.0 0.0 0.0 17.0 
25_3_002_55
2.0 1.0 0.0 3.0 2.0 0.0 0.0 0.0 0.0 2.0 37.0 45.0 0.0 0.0 0.0 0.0 0.0 0.0 25.0 23.0 3.0 0.0 11.0 22.0 6.0 10.0 26.0 3.0 3.0 8.0 7.0 23.0 27.0 5.0 1.0 1.0 0.0 0.0 0.0 0.0 0.0 0.0 9.0 68.0 9.0 0.0 0.0 0.0 0.0 0.0 0.0 4.0 15.0 24.0 55.0 1.0 0.0 0.0 0.0 0.0 0.0 27.0 102.0 5.0 54.0 39.0 0.0 0.0 2.0 0.0 0.0 1.0 11.0 7.0 6.0 4.0 4.0 15.0 6.0 14.0 0.0 0.0 0.0 0.0 0.0 15.0 44.0 10.0 22.0 2.0 0.0 0.0 0.0 0.0 9.0 27.0 4.0 0.0 1.0 8.0 51.0 19.0 1.0 3.0 60.0 0.0 0.0 0.0 3.0 12.0 3.0 17.0 30.0 0.0 0.0 0.0 0.0 0.0 0.0 10.0 18.0 3.0 0.0 0.0 0.0 0.0 1.0 8.0 
25_3_002_56
0.0 0.0 0.0 0.0 0.0 13.0 102.0 12.0 0.0 0.0 0.0 0.0 0.0 40.0 81.0 0.0 0.0 0.0 0.0 0.0 0.0 32.0 55.0 1.0 0.0 5.0 22.0 1.0 0.0 0.0 13.0 17.0 0.0 0.0 0.0 0.0 1.0 54.0 57.0 5.0 0.0 0.0 0.0 0.0 0.0 29.0 69.0 0.0 0.0 7.0 12.0 29.0 11.0 10.0 1.0 4.0 0.0 13.0 35.0 34.0 2.0 0.0 0.0 0.0 0.0 0.0 0.0 0.0 0.0 32.0 76.0 17.0 0.0 0.0 0.0 13.0 31.0 56.0 9.0 0.0 0.0 0.0 10.0 73.0 3.0 7.0 19.0 6.0 0.0 0.0 0.0 28.0 48.0 26.0 5.0 0.0 0.0 0.0 0.0 0.0 0.0 0.0 16.0 48.0 1.0 0.0 7.0 64.0 23.0 6.0 1.0 1.0 0.0 0.0 2.0 58.0 2.0 0.0 7.0 31.0 0.0 0.0 0.0 2.0 1.0 13.0 23.0 36.0 
25_3_002_57
0.0 0.0 0.0 0.0 0.0 0.0 1.0 0.0 -3.0 7.0 0.0 0.0 0.0 0.0 1.0 0.0 -5.0 -6.0 76.0 17.0 0.0 0.0 0.0 0.0 0.0 -6.0 28.0 9.0 2.0 0.0 0.0 8.0 0.0 0.0 0.0 0.0 0.0 0.0 1.0 0.0 -5.0 -1.0 69.0 24.0 0.0 0.0 0.0 0.0 -17.0 71.0 17.0 7.0 0.0 0.0 -1.0 0.0 0.0 0.0 4.0 22.0 1.0 0.0 1.0 13.0 0.0 0.0 0.0 0.0 0.0 0.0 0.0 0.0 0.0 0.0 5.0 102.0 2.0 0.0 0.0 0.0 0.0 0.0 0.0 9.0 5.0 4.0 7.0 2.0 0.0 0.0 0.0 10.0 8.0 0.0 9.0 8.0 0.0 0.0 0.0 0.0 0.0 0.0 0.0 0.0 0.0 0.0 1.0 63.0 8.0 0.0 0.0 0.0 -2.0 8.0 2.0 7.0 2.0 2.0 0.0 0.0 0.0 0.0 0.0 2.0 2.0 1.0 4.0 3.0 
25_3_002_58
0.0 0.0 4.0 20.0 0.0 0.0 0.0 0.0 0.0 0.0 2.0 52.0 7.0 0.0 0.0 0.0 0.0 0.0 0.0 67.0 14.0 0.0 0.0 0.0 0.0 0.0 1.0 22.0 1.0 0.0 0.0 0.0 0.0 0.0 3.0 23.0 0.0 0.0 0.0 0.0 0.0 0.0 9.0 49.0 1.0 0.0 0.0 0.0 0.0 0.0 4.0 102.0 6.0 0.0 0.0 0.0 0.0 1.0 24.0 27.0 0.0 0.0 0.0 0.0 0.0 16.0 47.0 9.0 0.0 0.0 0.0 0.0 0.0 26.0 67.0 6.0 0.0 0.0 0.0 0.0 0.0 1.0 45.0 42.0 0.0 0.0 0.0 0.0 0.0 14.0 40.0 11.0 0.0 0.0 0.0 0.0 0.0 27.0 25.0 0.0 0.0 0.0 0.0 0.0 0.0 7.0 7.0 0.0 0.0 0.0 0.0 0.0 0.0 0.0 0.0 23.0 3.0 0.0 0.0 0.0 0.0 0.0 0.0 16.0 3.0 0.0 0.0 0.0 
25_3_002_59
0.0 0.0 0.0 6.0 22.0 7.0 0.0 0.0 0.0 0.0 0.0 1.0 8.0 10.0 6.0 0.0 4.0 4.0 2.0 12.0 4.0 0.0 0.0 0.0 0.0 7.0 3.0 4.0 5.0 1.0 0.0 4.0 1.0 1.0 0.0 28.0 69.0 0.0 0.0 0.0 16.0 3.0 3.0 3.0 4.0 0.0 -6.0 14.0 0.0 2.0 9.0 51.0 5.0 0.0 0.0 0.0 1.0 9.0 3.0 0.0 0.0 0.0 -6.0 32.0 0.0 0.0 0.0 12.0 27.0 0.0 0.0 0.0 3.0 1.0 0.0 23.0 74.0 7.0 -2.0 7.0 0.0 0.0 3.0 16.0 34.0 31.0 12.0 0.0 8.0 2.0 3.0 14.0 15.0 0.0 -6.0 16.0 0.0 0.0 0.0 1.0 1.0 0.0 0.0 0.0 0.0 0.0 0.0 1.0 29.0 25.0 0.0 0.0 0.0 0.0 0.0 0.0 18.0 38.0 16.0 0.0 0.0 0.0 0.0 0.0 102.0 29.0 0.0 0.0 
25_3_002_60
0.0 0.0 0.0 0.0 0.0 14.0 2.0 0.0 0.0 0.0 0.0 0.0 0.0 14.0 19.0 1.0 0.0 0.0 0.0 0.0 2.0 35.0 12.0 0.0 0.0 0.0 4.0 7.0 11.0 21.0 0.0 0.0 0.0 0.0 0.0 0.0 0.0 54.0 19.0 0.0 0.0 0.0 14.0 23.0 7.0 35.0 18.0 0.0 0.0 23.0 46.0 1.0 1.0 1.0 0.0 0.0 6.0 27.0 28.0 0.0 0.0 0.0 0.0 0.0 0.0 0.0 1.0 7.0 2.0 11.0 40.0 3.0 0.0 0.0 10.0 102.0 9.0 0.0 0.0 0.0 0.0 0.0 6.0 44.0 31.0 2.0 0.0 0.0 37.0 9.0 8.0 25.0 2.0 0.0 0.0 6.0 6.0 8.0 15.0 8.0 0.0 0.0 1.0 6.0 0.0 0.0 4.0 72.0 3.0 0.0 0.0 0.0 0.0 1.0 4.0 18.0 12.0 4.0 6.0 3.0 10.0 7.0 6.0 63.0 41.0 1.0 4.0 5.0 
25_3_002_61
0.0 0.0 0.0 36.0 6.0 0.0 5.0 1.0 0.0 0.0 0.0 10.0 8.0 2.0 10.0 9.0 4.0 4.0 14.0 18.0 0.0 0.0 -8.0 63.0 4.0 2.0 16.0 7.0 0.0 0.0 -1.0 33.0 0.0 0.0 0.0 30.0 12.0 0.0 1.0 2.0 16.0 3.0 6.0 21.0 1.0 0.0 -1.0 6.0 11.0 36.0 61.0 45.0 0.0 0.0 0.0 -3.0 21.0 5.0 4.0 0.0 0.0 0.0 10.0 102.0 0.0 8.0 11.0 11.0 0.0 0.0 0.0 0.0 6.0 0.0 10.0 13.0 1.0 0.0 0.0 -2.0 0.0 0.0 4.0 56.0 10.0 5.0 26.0 1.0 2.0 3.0 0.0 0.0 0.0 0.0 38.0 48.0 8.0 1.0 0.0 2.0 2.0 0.0 0.0 -3.0 0.0 0.0 0.0 8.0 11.0 11.0 0.0 0.0 0.0 0.0 0.0 6.0 11.0 13.0 24.0 9.0 0.0 0.0 0.0 0.0 0.0 3.0 10.0 13.0 
25_3_002_62
0.0 0.0 0.0 4.0 6.0 41.0 4.0 0.0 0.0 10.0 25.0 7.0 2.0 13.0 1.0 0.0 0.0 34.0 15.0 1.0 0.0 2.0 0.0 0.0 3.0 10.0 9.0 4.0 0.0 0.0 0.0 0.0 0.0 0.0 30.0 47.0 2.0 3.0 0.0 0.0 0.0 0.0 10.0 31.0 14.0 1.0 0.0 0.0 15.0 17.0 24.0 40.0 2.0 0.0 0.0 2.0 16.0 1.0 0.0 0.0 0.0 0.0 0.0 16.0 0.0 0.0 20.0 48.0 0.0 0.0 0.0 0.0 0.0 2.0 15.0 15.0 3.0 3.0 5.0 0.0 11.0 7.0 23.0 102.0 11.0 0.0 0.0 1.0 48.0 0.0 0.0 0.0 0.0 1.0 2.0 50.0 0.0 2.0 25.0 22.0 1.0 0.0 0.0 0.0 0.0 0.0 0.0 1.0 1.0 8.0 26.0 14.0 0.0 0.0 0.0 90.0 60.0 14.0 7.0 0.0 0.0 0.0 0.0 0.0 10.0 10.0 64.0 34.0 
25_3_002_63
4.0 0.0 0.0 0.0 3.0 2.0 4.0 30.0 0.0 0.0 2.0 44.0 21.0 0.0 0.0 0.0 10.0 12.0 40.0 25.0 0.0 0.0 0.0 0.0 31.0 16.0 0.0 0.0 0.0 0.0 0.0 9.0 9.0 3.0 0.0 0.0 0.0 3.0 6.0 70.0 0.0 1.0 25.0 102.0 15.0 0.0 0.0 0.0 0.0 0.0 2.0 29.0 30.0 31.0 2.0 0.0 9.0 3.0 0.0 0.0 6.0 27.0 6.0 1.0 1.0 0.0 2.0 0.0 8.0 22.0 33.0 3.0 0.0 0.0 8.0 11.0 49.0 50.0 0.0 0.0 0.0 0.0 4.0 26.0 52.0 36.0 1.0 0.0 1.0 29.0 13.0 0.0 3.0 13.0 2.0 0.0 0.0 0.0 0.0 0.0 1.0 2.0 7.0 0.0 0.0 0.0 0.0 0.0 10.0 11.0 3.0 0.0 0.0 0.0 0.0 31.0 92.0 2.0 0.0 0.0 0.0 6.0 9.0 14.0 64.0 32.0 0.0 0.0 
25_3_002_64
0.0 0.0 0.0 0.0 0.0 102.0 86.0 1.0 0.0 0.0 0.0 0.0 88.0 98.0 13.0 0.0 0.0 0.0 0.0 0.0 4.0 19.0 61.0 3.0 0.0 0.0 0.0 10.0 10.0 5.0 11.0 7.0 10.0 0.0 0.0 0.0 0.0 52.0 29.0 34.0 2.0 10.0 39.0 83.0 83.0 53.0 20.0 -1.0 0.0 0.0 0.0 14.0 26.0 20.0 40.0 1.0 0.0 0.0 0.0 17.0 10.0 6.0 1.0 0.0 50.0 0.0 0.0 0.0 0.0 3.0 16.0 12.0 9.0 39.0 22.0 30.0 30.0 0.0 0.0 -10.0 0.0 -3.0 8.0 9.0 23.0 9.0 8.0 0.0 0.0 -6.0 16.0 22.0 4.0 0.0 10.0 22.0 1.0 4.0 1.0 0.0 0.0 1.0 3.0 6.0 -8.0 16.0 39.0 9.0 0.0 0.0 0.0 1.0 -2.0 -17.0 68.0 4.0 0.0 0.0 0.0 0.0 -2.0 -3.0 26.0 2.0 0.0 0.0 17.0 52.0 
25_3_002_65
0.0 1.0 28.0 11.0 1.0 0.0 0.0 0.0 0.0 2.0 12.0 32.0 30.0 18.0 0.0 0.0 33.0 0.0 0.0 0.0 0.0 10.0 0.0 102.0 0.0 7.0 11.0 0.0 0.0 13.0 7.0 0.0 0.0 3.0 3.0 0.0 0.0 1.0 53.0 19.0 0.0 0.0 1.0 21.0 25.0 55.0 8.0 0.0 0.0 0.0 1.0 1.0 2.0 15.0 46.0 15.0 0.0 0.0 0.0 0.0 9.0 15.0 3.0 0.0 0.0 0.0 0.0 0.0 0.0 0.0 49.0 41.0 0.0 0.0 0.0 11.0 43.0 35.0 8.0 0.0 1.0 0.0 2.0 7.0 6.0 15.0 17.0 0.0 7.0 0.0 1.0 2.0 0.0 0.0 0.0 0.0 2.0 1.0 1.0 0.0 0.0 0.0 50.0 23.0 0.0 4.0 35.0 19.0 4.0 1.0 4.0 0.0 0.0 2.0 11.0 18.0 0.0 0.0 0.0 0.0 5.0 2.0 1.0 0.0 0.0 0.0 0.0 0.0 
25_3_002_66
0.0 0.0 0.0 0.0 6.0 76.0 4.0 0.0 0.0 0.0 0.0 0.0 18.0 102.0 3.0 3.0 7.0 11.0 8.0 15.0 28.0 11.0 1.0 0.0 3.0 52.0 27.0 0.0 0.0 0.0 0.0 0.0 4.0 2.0 0.0 7.0 34.0 62.0 0.0 0.0 0.0 9.0 29.0 46.0 17.0 10.0 2.0 0.0 0.0 13.0 21.0 91.0 43.0 0.0 0.0 0.0 5.0 6.0 14.0 13.0 28.0 31.0 54.0 38.0 18.0 63.0 17.0 0.0 0.0 0.0 0.0 0.0 0.0 11.0 24.0 32.0 26.0 2.0 0.0 0.0 0.0 0.0 0.0 0.0 22.0 60.0 1.0 0.0 0.0 0.0 0.0 5.0 36.0 29.0 2.0 10.0 13.0 12.0 0.0 0.0 0.0 0.0 0.0 1.0 0.0 1.0 0.0 0.0 1.0 1.0 0.0 3.0 1.0 3.0 3.0 7.0 3.0 0.0 0.0 5.0 0.0 5.0 23.0 16.0 2.0 0.0 0.0 0.0 
25_3_002_67
0.0 0.0 0.0 0.0 1.0 1.0 0.0 0.0 0.0 0.0 2.0 60.0 1.0 0.0 0.0 0.0 0.0 0.0 0.0 24.0 9.0 1.0 2.0 8.0 8.0 7.0 3.0 4.0 0.0 0.0 0.0 1.0 0.0 0.0 0.0 0.0 0.0 0.0 0.0 0.0 0.0 0.0 15.0 88.0 0.0 0.0 0.0 0.0 1.0 1.0 7.0 3.0 5.0 6.0 1.0 6.0 0.0 0.0 2.0 10.0 7.0 5.0 0.0 0.0 0.0 0.0 0.0 0.0 0.0 1.0 0.0 0.0 0.0 0.0 22.0 102.0 0.0 0.0 0.0 0.0 5.0 2.0 3.0 1.0 0.0 0.0 0.0 19.0 0.0 3.0 30.0 9.0 0.0 0.0 0.0 0.0 0.0 0.0 0.0 1.0 0.0 0.0 0.0 0.0 0.0 0.0 2.0 70.0 24.0 0.0 0.0 0.0 0.0 3.0 12.0 3.0 7.0 5.0 1.0 3.0 1.0 3.0 15.0 10.0 0.0 0.0 0.0 0.0 
25_3_002_68
0.0 0.0 0.0 14.0 60.0 27.0 4.0 0.0 38.0 2.0 1.0 13.0 7.0 0.0 1.0 17.0 16.0 22.0 1.0 0.0 0.0 0.0 0.0 2.0 13.0 26.0 0.0 0.0 0.0 0.0 0.0 3.0 14.0 15.0 12.0 32.0 11.0 0.0 0.0 0.0 9.0 19.0 30.0 102.0 15.0 0.0 0.0 0.0 85.0 30.0 0.0 0.0 0.0 0.0 0.0 23.0 1.0 16.0 1.0 0.0 4.0 13.0 9.0 2.0 0.0 59.0 28.0 1.0 0.0 0.0 0.0 0.0 0.0 1.0 26.0 39.0 32.0 7.0 0.0 0.0 6.0 0.0 0.0 0.0 0.0 13.0 28.0 64.0 1.0 0.0 0.0 0.0 2.0 15.0 20.0 54.0 3.0 12.0 1.0 3.0 5.0 0.0 0.0 0.0 1.0 0.0 0.0 0.0 4.0 19.0 1.0 0.0 1.0 0.0 0.0 0.0 1.0 15.0 33.0 14.0 0.0 0.0 0.0 0.0 0.0 4.0 48.0 38.0 
25_3_002_69
4.0 0.0 0.0 0.0 0.0 2.0 20.0 44.0 -8.0 37.0 21.0 12.0 4.0 3.0 -3.0 7.0 -26.0 102.0 2.0 0.0 0.0 0.0 0.0 -1.0 -6.0 15.0 11.0 8.0 13.0 0.0 0.0 0.0 6.0 0.0 0.0 0.0 0.0 0.0 -10.0 67.0 -3.0 11.0 25.0 90.0 0.0 0.0 0.0 0.0 -9.0 61.0 1.0 4.0 1.0 0.0 0.0 -3.0 79.0 0.0 1.0 0.0 0.0 0.0 0.0 -31.0 0.0 1.0 0.0 0.0 0.0 0.0 -1.0 34.0 0.0 1.0 14.0 61.0 11.0 0.0 0.0 0.0 0.0 0.0 0.0 1.0 34.0 23.0 4.0 0.0 0.0 0.0 0.0 0.0 10.0 23.0 17.0 0.0 2.0 3.0 0.0 0.0 0.0 0.0 1.0 9.0 0.0 0.0 4.0 22.0 9.0 0.0 0.0 0.0 0.0 0.0 0.0 1.0 8.0 4.0 1.0 3.0 0.0 0.0 0.0 0.0 0.0 16.0 16.0 2.0 
25_3_002_70
0.0 94.0 17.0 0.0 0.0 0.0 0.0 0.0 4.0 102.0 13.0 0.0 0.0 0.0 0.0 0.0 0.0 90.0 39.0 0.0 0.0 0.0 0.0 0.0 4.0 73.0 12.0 0.0 0.0 0.0 0.0 0.0 0.0 4.0 0.0 0.0 0.0 17.0 15.0 3.0 0.0 2.0 11.0 20.0 1.0 4.0 1.0 2.0 0.0 2.0 12.0 3.0 2.0 24.0 24.0 9.0 1.0 9.0 2.0 0.0 0.0 42.0 19.0 3.0 35.0 28.0 0.0 0.0 0.0 0.0 0.0 1.0 2.0 17.0 11.0 7.0 0.0 0.0 0.0 0.0 12.0 15.0 2.0 0.0 0.0 1.0 2.0 10.0 0.0 31.0 8.0 0.0 1.0 7.0 0.0 0.0 1.0 1.0 0.0 0.0 0.0 1.0 12.0 12.0 4.0 1.0 0.0 0.0 0.0 0.0 8.0 3.0 3.0 1.0 0.0 0.0 0.0 3.0 9.0 2.0 0.0 0.0 0.0 0.0 0.0 7.0 4.0 0.0 
25_3_002_71
0.0 1.0 4.0 6.0 5.0 3.0 0.0 0.0 0.0 1.0 12.0 4.0 6.0 6.0 0.0 0.0 0.0 0.0 12.0 6.0 7.0 4.0 0.0 0.0 0.0 0.0 11.0 26.0 18.0 13.0 0.0 0.0 -4.0 21.0 7.0 0.0 0.0 7.0 10.0 0.0 0.0 0.0 4.0 7.0 15.0 17.0 7.0 0.0 0.0 0.0 0.0 0.0 0.0 28.0 23.0 30.0 0.0 0.0 4.0 3.0 23.0 50.0 1.0 0.0 -1.0 52.0 17.0 0.0 0.0 32.0 28.0 -4.0 1.0 34.0 43.0 30.0 4.0 5.0 5.0 3.0 4.0 0.0 2.0 1.0 2.0 10.0 12.0 40.0 -4.0 22.0 22.0 3.0 1.0 52.0 32.0 0.0 -1.0 6.0 9.0 4.0 7.0 40.0 13.0 0.0 0.0 0.0 0.0 0.0 0.0 87.0 102.0 0.0 0.0 0.0 0.0 0.0 0.0 98.0 80.0 0.0 0.0 0.0 0.0 0.0 0.0 65.0 53.0 0.0 
25_3_002_72
0.0 0.0 4.0 58.0 25.0 4.0 0.0 0.0 0.0 0.0 0.0 2.0 42.0 50.0 1.0 0.0 -1.0 4.0 0.0 0.0 0.0 16.0 59.0 102.0 4.0 3.0 9.0 4.0 0.0 0.0 1.0 0.0 0.0 0.0 4.0 11.0 17.0 21.0 0.0 0.0 0.0 0.0 0.0 0.0 20.0 35.0 11.0 0.0 44.0 27.0 14.0 23.0 4.0 0.0 1.0 -5.0 56.0 62.0 0.0 0.0 0.0 0.0 0.0 -21.0 0.0 1.0 12.0 3.0 5.0 0.0 0.0 0.0 0.0 2.0 16.0 8.0 10.0 8.0 0.0 0.0 0.0 0.0 18.0 49.0 29.0 16.0 0.0 0.0 0.0 18.0 3.0 1.0 11.0 38.0 7.0 0.0 0.0 0.0 0.0 8.0 9.0 5.0 1.0 4.0 0.0 0.0 0.0 0.0 0.0 37.0 16.0 15.0 0.0 0.0 6.0 2.0 42.0 44.0 0.0 0.0 0.0 0.0 3.0 1.0 14.0 30.0 13.0 16.0 
25_3_002_73
40.0 2.0 0.0 0.0 0.0 0.0 -2.0 -7.0 6.0 13.0 0.0 0.0 0.0 0.0 -1.0 1.0 -11.0 46.0 0.0 0.0 0.0 0.0 0.0 1.0 -34.0 102.0 0.0 0.0 0.0 0.0 0.0 0.0 20.0 0.0 0.0 0.0 0.0 1.0 16.0 23.0 -1.0 32.0 15.0 10.0 2.0 4.0 -1.0 1.0 -18.0 85.0 6.0 0.0 0.0 0.0 0.0 -4.0 -1.0 2.0 15.0 6.0 10.0 0.0 0.0 0.0 4.0 0.0 0.0 0.0 0.0 0.0 -4.0 48.0 0.0 2.0 16.0 64.0 0.0 0.0 0.0 0.0 -6.0 32.0 14.0 1.0 0.0 0.0 0.0 -1.0 44.0 6.0 1.0 0.0 0.0 0.0 0.0 -18.0 0.0 0.0 0.0 0.0 0.0 0.0 -4.0 26.0 1.0 0.0 6.0 37.0 3.0 0.0 0.0 0.0 0.0 0.0 0.0 1.0 17.0 12.0 2.0 0.0 0.0 0.0 0.0 0.0 9.0 8.0 10.0 0.0 
25_3_002_74
0.0 0.0 0.0 0.0 0.0 0.0 0.0 0.0 0.0 -6.0 37.0 33.0 0.0 0.0 0.0 0.0 -8.0 46.0 24.0 4.0 0.0 0.0 0.0 0.0 0.0 12.0 11.0 14.0 0.0 0.0 0.0 -2.0 0.0 0.0 0.0 0.0 0.0 0.0 0.0 0.0 0.0 0.0 16.0 102.0 0.0 0.0 0.0 0.0 0.0 0.0 0.0 13.0 1.0 0.0 19.0 6.0 0.0 0.0 0.0 27.0 11.0 0.0 0.0 0.0 0.0 0.0 0.0 0.0 0.0 0.0 0.0 0.0 0.0 0.0 1.0 95.0 7.0 0.0 0.0 0.0 -3.0 11.0 0.0 5.0 7.0 0.0 2.0 3.0 3.0 1.0 2.0 14.0 6.0 0.0 0.0 -2.0 0.0 0.0 0.0 1.0 0.0 0.0 0.0 0.0 0.0 -1.0 24.0 55.0 0.0 0.0 0.0 0.0 0.0 1.0 4.0 11.0 2.0 5.0 1.0 0.0 0.0 0.0 0.0 1.0 4.0 5.0 1.0 1.0 
25_3_002_75
0.0 0.0 0.0 0.0 3.0 1.0 0.0 0.0 0.0 0.0 0.0 41.0 90.0 0.0 0.0 0.0 0.0 0.0 0.0 17.0 42.0 0.0 -1.0 4.0 9.0 1.0 0.0 0.0 0.0 0.0 -7.0 17.0 0.0 0.0 0.0 0.0 0.0 4.0 2.0 0.0 0.0 0.0 15.0 102.0 1.0 0.0 0.0 0.0 0.0 0.0 3.0 24.0 47.0 4.0 1.0 0.0 0.0 0.0 0.0 0.0 35.0 4.0 -3.0 10.0 0.0 0.0 0.0 0.0 0.0 1.0 1.0 0.0 0.0 0.0 0.0 51.0 54.0 0.0 0.0 0.0 0.0 0.0 11.0 23.0 28.0 6.0 1.0 0.0 0.0 3.0 9.0 12.0 13.0 5.0 -1.0 13.0 0.0 0.0 0.0 0.0 0.0 3.0 3.0 0.0 0.0 0.0 0.0 5.0 16.0 3.0 1.0 0.0 0.0 0.0 1.0 44.0 86.0 0.0 0.0 0.0 4.0 3.0 3.0 15.0 12.0 0.0 -9.0 25.0 
25_3_002_76
0.0 0.0 0.0 0.0 0.0 1.0 0.0 0.0 0.0 0.0 2.0 8.0 5.0 1.0 0.0 0.0 0.0 0.0 5.0 102.0 32.0 0.0 0.0 0.0 0.0 0.0 0.0 0.0 0.0 0.0 0.0 12.0 0.0 0.0 0.0 0.0 1.0 4.0 0.0 0.0 0.0 0.0 48.0 41.0 1.0 0.0 0.0 0.0 0.0 0.0 38.0 54.0 17.0 0.0 0.0 0.0 3.0 0.0 0.0 11.0 12.0 0.0 -1.0 7.0 0.0 0.0 0.0 0.0 1.0 2.0 0.0 0.0 0.0 0.0 2.0 93.0 11.0 0.0 0.0 0.0 0.0 1.0 12.0 12.0 14.0 5.0 0.0 0.0 0.0 0.0 1.0 19.0 27.0 0.0 0.0 0.0 0.0 0.0 0.0 0.0 1.0 2.0 0.0 0.0 0.0 0.0 0.0 68.0 22.0 0.0 0.0 0.0 0.0 3.0 23.0 23.0 2.0 0.0 0.0 0.0 0.0 0.0 0.0 6.0 20.0 2.0 2.0 20.0 
25_3_002_77
0.0 0.0 0.0 0.0 0.0 0.0 0.0 0.0 0.0 0.0 3.0 75.0 1.0 0.0 0.0 0.0 8.0 0.0 5.0 8.0 0.0 0.0 0.0 18.0 0.0 0.0 1.0 8.0 3.0 3.0 0.0 0.0 0.0 0.0 0.0 0.0 0.0 2.0 0.0 0.0 0.0 0.0 23.0 102.0 1.0 0.0 0.0 0.0 3.0 0.0 7.0 18.0 0.0 0.0 1.0 26.0 0.0 2.0 32.0 6.0 0.0 0.0 0.0 0.0 0.0 0.0 1.0 0.0 0.0 0.0 0.0 0.0 0.0 0.0 2.0 84.0 27.0 0.0 0.0 0.0 1.0 5.0 7.0 2.0 14.0 4.0 2.0 6.0 0.0 0.0 25.0 15.0 4.0 0.0 0.0 0.0 0.0 0.0 0.0 0.0 1.0 0.0 0.0 0.0 0.0 0.0 0.0 6.0 24.0 2.0 0.0 0.0 0.0 0.0 0.0 6.0 31.0 64.0 0.0 0.0 1.0 2.0 15.0 46.0 17.0 0.0 0.0 0.0 
25_3_002_78
0.0 0.0 0.0 5.0 6.0 0.0 0.0 1.0 0.0 0.0 0.0 13.0 68.0 1.0 0.0 0.0 0.0 0.0 9.0 27.0 1.0 0.0 0.0 0.0 0.0 0.0 0.0 1.0 0.0 0.0 0.0 1.0 0.0 0.0 0.0 0.0 0.0 0.0 -2.0 5.0 0.0 0.0 0.0 19.0 31.0 0.0 0.0 0.0 0.0 0.0 0.0 76.0 33.0 0.0 0.0 0.0 0.0 0.0 0.0 0.0 0.0 1.0 4.0 1.0 2.0 0.0 0.0 0.0 0.0 0.0 0.0 1.0 -1.0 3.0 10.0 16.0 0.0 0.0 0.0 0.0 0.0 0.0 18.0 102.0 0.0 0.0 0.0 2.0 0.0 0.0 0.0 0.0 0.0 0.0 0.0 3.0 0.0 1.0 1.0 0.0 0.0 0.0 0.0 0.0 0.0 1.0 7.0 27.0 0.0 0.0 0.0 0.0 1.0 0.0 10.0 70.0 0.0 0.0 0.0 1.0 5.0 0.0 0.0 0.0 0.0 0.0 -1.0 1.0 
25_3_002_79
0.0 0.0 0.0 0.0 1.0 3.0 0.0 0.0 0.0 0.0 0.0 1.0 2.0 0.0 0.0 0.0 0.0 0.0 24.0 48.0 1.0 0.0 0.0 0.0 0.0 0.0 5.0 4.0 3.0 5.0 0.0 0.0 0.0 0.0 0.0 0.0 2.0 0.0 0.0 0.0 0.0 0.0 0.0 8.0 3.0 2.0 0.0 0.0 0.0 3.0 29.0 69.0 0.0 0.0 0.0 0.0 2.0 15.0 14.0 3.0 1.0 0.0 0.0 0.0 0.0 0.0 0.0 0.0 2.0 1.0 0.0 0.0 0.0 0.0 1.0 13.0 3.0 1.0 0.0 0.0 0.0 1.0 10.0 102.0 3.0 0.0 0.0 0.0 0.0 2.0 9.0 5.0 0.0 0.0 9.0 18.0 0.0 0.0 0.0 1.0 0.0 0.0 0.0 0.0 0.0 0.0 0.0 10.0 2.0 0.0 0.0 0.0 0.0 0.0 0.0 93.0 12.0 0.0 0.0 0.0 8.0 1.0 9.0 17.0 0.0 0.0 -2.0 43.0 
25_3_002_80
0.0 0.0 5.0 18.0 0.0 0.0 0.0 0.0 0.0 0.0 6.0 32.0 3.0 0.0 2.0 3.0 1.0 5.0 12.0 0.0 0.0 0.0 1.0 2.0 1.0 6.0 17.0 0.0 0.0 0.0 0.0 0.0 0.0 0.0 0.0 8.0 8.0 0.0 0.0 0.0 0.0 0.0 0.0 9.0 49.0 27.0 0.0 0.0 0.0 3.0 13.0 19.0 16.0 4.0 0.0 0.0 0.0 1.0 7.0 8.0 0.0 0.0 2.0 1.0 0.0 0.0 0.0 0.0 0.0 1.0 0.0 0.0 0.0 0.0 0.0 21.0 5.0 0.0 0.0 0.0 0.0 3.0 14.0 102.0 1.0 0.0 0.0 0.0 2.0 1.0 0.0 0.0 0.0 0.0 5.0 16.0 0.0 0.0 0.0 0.0 0.0 0.0 0.0 0.0 0.0 0.0 0.0 10.0 3.0 0.0 0.0 0.0 0.0 0.0 0.0 85.0 17.0 0.0 0.0 0.0 0.0 0.0 0.0 0.0 0.0 0.0 4.0 23.0 
25_3_002_81
2.0 0.0 0.0 0.0 0.0 0.0 0.0 7.0 0.0 0.0 0.0 60.0 10.0 0.0 0.0 0.0 0.0 0.0 0.0 15.0 2.0 0.0 0.0 0.0 0.0 0.0 0.0 0.0 0.0 0.0 0.0 0.0 9.0 0.0 0.0 1.0 0.0 0.0 0.0 5.0 0.0 1.0 11.0 72.0 0.0 0.0 0.0 0.0 0.0 0.0 3.0 16.0 1.0 1.0 0.0 0.0 0.0 0.0 0.0 0.0 2.0 1.0 0.0 0.0 3.0 1.0 0.0 6.0 1.0 0.0 0.0 0.0 0.0 3.0 20.0 51.0 1.0 0.0 0.0 0.0 0.0 0.0 0.0 4.0 2.0 15.0 3.0 0.0 0.0 0.0 0.0 0.0 1.0 19.0 0.0 0.0 0.0 0.0 0.0 6.0 6.0 0.0 0.0 0.0 0.0 0.0 2.0 18.0 6.0 7.0 36.0 1.0 0.0 0.0 0.0 0.0 0.0 86.0 52.0 1.0 0.0 0.0 0.0 0.0 0.0 102.0 3.0 0.0 
25_3_002_82
0.0 0.0 0.0 2.0 0.0 3.0 8.0 9.0 4.0 2.0 0.0 5.0 19.0 13.0 1.0 0.0 25.0 4.0 2.0 0.0 0.0 0.0 4.0 32.0 0.0 0.0 0.0 0.0 0.0 0.0 12.0 78.0 1.0 0.0 0.0 5.0 0.0 0.0 4.0 50.0 0.0 0.0 8.0 101.0 14.0 1.0 8.0 15.0 4.0 0.0 8.0 4.0 0.0 0.0 8.0 98.0 0.0 0.0 0.0 0.0 0.0 0.0 5.0 102.0 1.0 0.0 2.0 1.0 0.0 0.0 7.0 61.0 3.0 1.0 14.0 74.0 11.0 4.0 1.0 12.0 0.0 0.0 0.0 0.0 0.0 0.0 44.0 79.0 0.0 0.0 0.0 0.0 0.0 0.0 11.0 86.0 5.0 2.0 0.0 0.0 0.0 0.0 1.0 25.0 0.0 0.0 21.0 6.0 3.0 10.0 11.0 3.0 0.0 0.0 0.0 0.0 0.0 5.0 30.0 52.0 1.0 0.0 0.0 0.0 0.0 0.0 13.0 38.0 
25_3_002_83
0.0 0.0 0.0 0.0 1.0 0.0 0.0 0.0 0.0 0.0 15.0 33.0 0.0 0.0 0.0 0.0 0.0 0.0 5.0 16.0 2.0 5.0 0.0 0.0 0.0 0.0 0.0 22.0 5.0 0.0 0.0 0.0 0.0 0.0 0.0 0.0 0.0 1.0 0.0 0.0 0.0 0.0 15.0 77.0 2.0 0.0 0.0 0.0 0.0 16.0 25.0 5.0 0.0 0.0 0.0 0.0 2.0 7.0 5.0 7.0 4.0 0.0 3.0 5.0 0.0 0.0 0.0 0.0 1.0 1.0 0.0 0.0 0.0 0.0 2.0 102.0 5.0 0.0 0.0 0.0 2.0 3.0 12.0 22.0 0.0 0.0 0.0 0.0 2.0 0.0 0.0 9.0 4.0 2.0 12.0 29.0 0.0 0.0 0.0 0.0 0.0 0.0 0.0 0.0 0.0 0.0 0.0 70.0 12.0 0.0 0.0 0.0 5.0 0.0 4.0 45.0 3.0 0.0 0.0 3.0 5.0 0.0 0.0 12.0 0.0 0.0 -4.0 53.0 
25_3_002_84
0.0 0.0 0.0 6.0 5.0 5.0 0.0 0.0 0.0 0.0 1.0 26.0 23.0 3.0 0.0 0.0 7.0 7.0 10.0 28.0 2.0 0.0 0.0 -3.0 24.0 12.0 6.0 0.0 0.0 0.0 -10.0 16.0 0.0 0.0 0.0 0.0 8.0 38.0 20.0 0.0 0.0 0.0 16.0 102.0 18.0 1.0 0.0 0.0 0.0 0.0 7.0 11.0 25.0 4.0 -1.0 10.0 0.0 0.0 0.0 8.0 34.0 0.0 -7.0 20.0 0.0 0.0 14.0 17.0 0.0 0.0 5.0 5.0 0.0 0.0 11.0 89.0 30.0 0.0 0.0 0.0 7.0 0.0 15.0 17.0 10.0 3.0 -10.0 65.0 0.0 0.0 0.0 7.0 84.0 18.0 3.0 12.0 0.0 0.0 0.0 20.0 9.0 0.0 0.0 0.0 0.0 0.0 20.0 89.0 11.0 0.0 0.0 0.0 0.0 0.0 22.0 19.0 5.0 4.0 -11.0 68.0 0.0 0.0 0.0 15.0 24.0 2.0 -13.0 93.0 
25_3_002_85
1.0 0.0 7.0 6.0 0.0 0.0 0.0 0.0 14.0 13.0 7.0 3.0 0.0 0.0 0.0 0.0 9.0 56.0 10.0 0.0 0.0 0.0 0.0 0.0 3.0 5.0 28.0 14.0 0.0 0.0 0.0 0.0 1.0 1.0 11.0 8.0 1.0 0.0 0.0 0.0 0.0 4.0 21.0 11.0 0.0 0.0 0.0 0.0 12.0 23.0 21.0 25.0 2.0 0.0 0.0 0.0 14.0 25.0 19.0 15.0 0.0 6.0 1.0 3.0 6.0 16.0 3.0 9.0 1.0 0.0 0.0 2.0 0.0 4.0 14.0 29.0 29.0 9.0 3.0 0.0 1.0 22.0 29.0 10.0 0.0 1.0 0.0 0.0 20.0 42.0 1.0 0.0 0.0 2.0 12.0 1.0 5.0 5.0 0.0 0.0 0.0 0.0 18.0 18.0 6.0 0.0 0.0 11.0 38.0 6.0 2.0 17.0 4.0 0.0 0.0 3.0 27.0 100.0 59.0 10.0 0.0 4.0 10.0 28.0 102.0 44.0 0.0 0.0 
25_3_002_86
0.0 17.0 37.0 27.0 1.0 0.0 0.0 0.0 0.0 14.0 39.0 12.0 4.0 0.0 0.0 0.0 3.0 10.0 28.0 25.0 19.0 3.0 1.0 5.0 1.0 7.0 44.0 7.0 0.0 0.0 8.0 24.0 0.0 12.0 20.0 6.0 5.0 0.0 0.0 0.0 0.0 0.0 13.0 29.0 31.0 0.0 0.0 0.0 4.0 2.0 13.0 16.0 21.0 5.0 0.0 5.0 0.0 9.0 32.0 6.0 0.0 24.0 81.0 2.0 0.0 0.0 1.0 11.0 15.0 0.0 0.0 0.0 0.0 0.0 4.0 19.0 15.0 6.0 0.0 0.0 0.0 0.0 3.0 35.0 28.0 73.0 7.0 0.0 8.0 0.0 2.0 0.0 0.0 26.0 102.0 87.0 3.0 7.0 1.0 1.0 0.0 0.0 0.0 0.0 0.0 6.0 18.0 3.0 7.0 7.0 0.0 0.0 36.0 8.0 0.0 0.0 0.0 4.0 -3.0 20.0 1.0 13.0 6.0 0.0 0.0 3.0 3.0 3.0 
25_3_002_87
0.0 0.0 7.0 8.0 6.0 3.0 1.0 0.0 4.0 0.0 0.0 0.0 0.0 3.0 -20.0 53.0 4.0 0.0 1.0 26.0 15.0 0.0 0.0 0.0 0.0 0.0 0.0 0.0 0.0 6.0 27.0 23.0 0.0 0.0 0.0 1.0 16.0 16.0 0.0 0.0 0.0 0.0 4.0 19.0 7.0 15.0 2.0 0.0 5.0 2.0 2.0 16.0 2.0 0.0 -2.0 3.0 9.0 0.0 0.0 0.0 1.0 0.0 -32.0 102.0 0.0 0.0 0.0 8.0 20.0 2.0 0.0 0.0 0.0 0.0 2.0 17.0 13.0 2.0 0.0 0.0 0.0 0.0 0.0 0.0 12.0 14.0 4.0 0.0 0.0 0.0 0.0 0.0 3.0 7.0 28.0 11.0 -1.0 5.0 10.0 10.0 1.0 0.0 0.0 0.0 0.0 0.0 0.0 6.0 3.0 4.0 0.0 0.0 0.0 0.0 0.0 0.0 4.0 6.0 1.0 0.0 2.0 1.0 0.0 2.0 0.0 2.0 2.0 3.0 
25_3_002_88
0.0 0.0 6.0 60.0 9.0 0.0 1.0 0.0 0.0 0.0 0.0 0.0 10.0 35.0 84.0 7.0 1.0 0.0 0.0 13.0 35.0 15.0 2.0 11.0 7.0 1.0 2.0 3.0 3.0 0.0 1.0 13.0 1.0 0.0 3.0 55.0 4.0 0.0 9.0 3.0 4.0 0.0 0.0 0.0 0.0 9.0 17.0 76.0 2.0 0.0 3.0 102.0 8.0 0.0 0.0 4.0 6.0 1.0 7.0 6.0 0.0 0.0 0.0 14.0 15.0 6.0 22.0 41.0 0.0 0.0 0.0 7.0 39.0 24.0 0.0 0.0 0.0 0.0 0.0 42.0 0.0 0.0 32.0 56.0 1.0 0.0 3.0 1.0 1.0 0.0 2.0 13.0 0.0 0.0 1.0 5.0 0.0 6.0 17.0 70.0 0.0 0.0 0.0 0.0 73.0 30.0 4.0 0.0 0.0 0.0 0.0 16.0 10.0 7.0 18.0 0.0 0.0 0.0 0.0 11.0 0.0 1.0 6.0 4.0 0.0 0.0 0.0 0.0 
25_3_002_89
0.0 0.0 0.0 13.0 44.0 0.0 0.0 0.0 0.0 2.0 1.0 10.0 23.0 0.0 0.0 0.0 9.0 4.0 0.0 0.0 0.0 0.0 0.0 0.0 0.0 7.0 2.0 0.0 0.0 0.0 0.0 0.0 0.0 0.0 0.0 2.0 6.0 0.0 0.0 0.0 0.0 0.0 6.0 91.0 37.0 0.0 0.0 0.0 18.0 15.0 1.0 0.0 0.0 0.0 0.0 0.0 10.0 2.0 0.0 0.0 0.0 0.0 0.0 0.0 0.0 2.0 28.0 0.0 0.0 0.0 0.0 0.0 0.0 1.0 102.0 68.0 0.0 0.0 0.0 0.0 33.0 3.0 7.0 2.0 0.0 0.0 0.0 21.0 3.0 0.0 0.0 0.0 1.0 6.0 2.0 5.0 0.0 11.0 100.0 0.0 0.0 0.0 0.0 0.0 0.0 5.0 49.0 0.0 0.0 0.0 0.0 0.0 16.0 1.0 2.0 1.0 0.0 0.0 0.0 6.0 35.0 0.0 0.0 0.0 0.0 0.0 0.0 13.0 
25_3_002_90
3.0 6.0 1.0 0.0 27.0 30.0 0.0 1.0 49.0 10.0 0.0 0.0 2.0 4.0 -15.0 42.0 80.0 91.0 0.0 0.0 0.0 0.0 0.0 0.0 56.0 102.0 0.0 0.0 0.0 0.0 0.0 0.0 22.0 15.0 1.0 3.0 19.0 1.0 0.0 0.0 1.0 7.0 21.0 31.0 13.0 1.0 0.0 0.0 18.0 21.0 2.0 0.0 0.0 0.0 -2.0 22.0 6.0 24.0 5.0 4.0 24.0 5.0 0.0 0.0 18.0 16.0 0.0 0.0 0.0 1.0 0.0 3.0 0.0 19.0 13.0 16.0 7.0 2.0 0.0 0.0 7.0 18.0 0.0 0.0 0.0 3.0 10.0 23.0 8.0 14.0 2.0 1.0 5.0 1.0 -3.0 8.0 0.0 0.0 0.0 0.0 7.0 10.0 0.0 0.0 0.0 0.0 2.0 2.0 22.0 4.0 0.0 0.0 0.0 22.0 6.0 7.0 21.0 2.0 0.0 0.0 9.0 50.0 1.0 2.0 4.0 0.0 0.0 0.0 
25_3_002_91
0.0 0.0 0.0 10.0 29.0 22.0 0.0 0.0 0.0 0.0 0.0 7.0 18.0 52.0 97.0 8.0 5.0 4.0 20.0 7.0 0.0 1.0 38.0 50.0 0.0 0.0 0.0 2.0 0.0 1.0 5.0 4.0 0.0 0.0 0.0 2.0 16.0 29.0 5.0 0.0 14.0 35.0 13.0 8.0 3.0 2.0 7.0 18.0 85.0 19.0 2.0 0.0 0.0 0.0 -17.0 9.0 10.0 38.0 3.0 0.0 0.0 0.0 0.0 -2.0 3.0 10.0 13.0 0.0 1.0 2.0 2.0 -1.0 0.0 1.0 36.0 66.0 1.0 0.0 0.0 0.0 102.0 8.0 6.0 2.0 0.0 0.0 -6.0 -23.0 10.0 79.0 14.0 0.0 0.0 0.0 0.0 -7.0 0.0 0.0 0.0 3.0 16.0 39.0 0.0 0.0 0.0 0.0 0.0 14.0 64.0 21.0 0.0 0.0 0.0 0.0 0.0 1.0 19.0 53.0 13.0 0.0 0.0 0.0 5.0 9.0 28.0 55.0 10.0 0.0 
25_3_002_92
0.0 0.0 0.0 0.0 46.0 24.0 0.0 0.0 0.0 0.0 0.0 0.0 40.0 14.0 3.0 1.0 39.0 12.0 0.0 0.0 0.0 0.0 0.0 17.0 28.0 0.0 0.0 0.0 0.0 0.0 0.0 38.0 0.0 0.0 0.0 5.0 15.0 2.0 0.0 0.0 0.0 0.0 1.0 47.0 51.0 2.0 0.0 0.0 0.0 0.0 0.0 2.0 8.0 14.0 37.0 4.0 21.0 0.0 0.0 0.0 0.0 8.0 5.0 40.0 0.0 10.0 11.0 0.0 5.0 16.0 9.0 0.0 2.0 18.0 8.0 9.0 56.0 8.0 0.0 0.0 5.0 1.0 2.0 0.0 1.0 18.0 38.0 7.0 0.0 1.0 0.0 0.0 9.0 15.0 2.0 1.0 0.0 26.0 102.0 67.0 8.0 0.0 0.0 1.0 33.0 66.0 7.0 0.0 0.0 0.0 5.0 26.0 17.0 8.0 1.0 0.0 0.0 0.0 7.0 11.0 6.0 0.0 0.0 0.0 0.0 0.0 1.0 14.0 
25_3_002_93
0.0 0.0 33.0 49.0 1.0 2.0 1.0 0.0 0.0 2.0 45.0 56.0 13.0 28.0 17.0 0.0 4.0 0.0 0.0 0.0 0.0 33.0 47.0 53.0 0.0 0.0 0.0 0.0 8.0 5.0 8.0 14.0 1.0 0.0 28.0 61.0 4.0 0.0 0.0 0.0 1.0 0.0 0.0 0.0 11.0 43.0 85.0 23.0 0.0 0.0 0.0 41.0 43.0 23.0 10.0 8.0 4.0 0.0 1.0 1.0 3.0 1.0 8.0 28.0 5.0 2.0 17.0 36.0 1.0 4.0 16.0 7.0 2.0 2.0 2.0 0.0 1.0 9.0 28.0 69.0 1.0 0.0 29.0 102.0 0.0 0.0 2.0 5.0 6.0 2.0 13.0 4.0 0.0 0.0 0.0 17.0 25.0 24.0 17.0 11.0 0.0 0.0 0.0 1.0 28.0 9.0 26.0 6.0 0.0 0.0 1.0 50.0 0.0 1.0 20.0 28.0 0.0 0.0 5.0 3.0 0.0 0.0 8.0 17.0 0.0 0.0 0.0 1.0 
25_3_002_94
32.0 0.0 0.0 0.0 9.0 2.0 0.0 27.0 4.0 0.0 0.0 36.0 79.0 5.0 3.0 12.0 53.0 0.0 0.0 0.0 0.0 0.0 2.0 65.0 46.0 1.0 0.0 0.0 0.0 0.0 0.0 38.0 50.0 0.0 0.0 2.0 0.0 0.0 0.0 34.0 17.0 0.0 12.0 62.0 27.0 0.0 0.0 3.0 9.0 0.0 0.0 0.0 0.0 0.0 17.0 28.0 47.0 0.0 0.0 0.0 0.0 0.0 0.0 102.0 14.0 0.0 0.0 4.0 13.0 0.0 0.0 9.0 35.0 4.0 1.0 9.0 9.0 0.0 2.0 13.0 3.0 1.0 0.0 0.0 0.0 9.0 50.0 9.0 15.0 0.0 0.0 0.0 0.0 0.0 5.0 84.0 0.0 0.0 0.0 15.0 7.0 0.0 0.0 0.0 37.0 0.0 0.0 3.0 0.0 0.0 0.0 17.0 20.0 5.0 5.0 0.0 0.0 0.0 0.0 9.0 9.0 3.0 0.0 0.0 0.0 0.0 15.0 58.0 
25_3_002_95
0.0 0.0 0.0 0.0 0.0 14.0 27.0 1.0 0.0 0.0 1.0 63.0 12.0 5.0 0.0 0.0 0.0 0.0 1.0 11.0 0.0 0.0 14.0 16.0 0.0 0.0 6.0 15.0 1.0 0.0 6.0 0.0 1.0 0.0 2.0 1.0 0.0 0.0 4.0 9.0 0.0 0.0 13.0 102.0 0.0 0.0 0.0 0.0 0.0 0.0 0.0 3.0 0.0 0.0 9.0 37.0 0.0 0.0 0.0 17.0 8.0 0.0 1.0 2.0 8.0 36.0 12.0 0.0 0.0 0.0 0.0 -1.0 0.0 12.0 42.0 67.0 0.0 0.0 0.0 0.0 6.0 0.0 0.0 0.0 0.0 0.0 -17.0 61.0 7.0 0.0 16.0 13.0 0.0 0.0 0.0 -3.0 14.0 46.0 10.0 0.0 0.0 0.0 0.0 -5.0 0.0 34.0 40.0 0.0 0.0 0.0 0.0 0.0 58.0 0.0 0.0 0.0 0.0 0.0 -20.0 32.0 23.0 4.0 8.0 7.0 0.0 0.0 0.0 -9.0 
