25_3_012_0
0.0 0.0 0.0 0.0 0.0 0.0 2.0 3.0 0.0 0.0 20.0 68.0 4.0 0.0 1.0 0.0 2.0 1.0 6.0 0.0 0.0 0.0 14.0 37.0 3.0 0.0 0.0 0.0 0.0 4.0 12.0 12.0 1.0 0.0 0.0 0.0 0.0 0.0 0.0 10.0 0.0 0.0 10.0 102.0 4.0 0.0 0.0 1.0 15.0 18.0 4.0 3.0 0.0 2.0 2.0 5.0 49.0 22.0 0.0 0.0 0.0 2.0 4.0 2.0 3.0 0.0 0.0 0.0 0.0 0.0 0.0 12.0 0.0 0.0 0.0 65.0 38.0 0.0 0.0 2.0 5.0 0.0 0.0 5.0 17.0 8.0 16.0 13.0 2.0 0.0 0.0 2.0 11.0 14.0 5.0 6.0 2.0 0.0 0.0 0.0 0.0 0.0 0.0 10.0 3.0 0.0 0.0 5.0 13.0 0.0 0.0 2.0 3.0 0.0 3.0 31.0 42.0 0.0 0.0 2.0 15.0 12.0 3.0 0.0 0.0 0.0 0.0 1.0 
25_3_012_1
0.0 1.0 1.0 0.0 0.0 0.0 0.0 0.0 0.0 0.0 7.0 14.0 0.0 0.0 0.0 0.0 0.0 0.0 0.0 82.0 2.0 0.0 0.0 0.0 0.0 0.0 1.0 0.0 0.0 0.0 0.0 0.0 0.0 0.0 5.0 0.0 0.0 0.0 0.0 0.0 0.0 0.0 6.0 13.0 0.0 0.0 0.0 0.0 0.0 0.0 3.0 102.0 2.0 0.0 0.0 0.0 0.0 0.0 0.0 0.0 0.0 0.0 0.0 0.0 0.0 19.0 9.0 0.0 0.0 0.0 0.0 0.0 0.0 13.0 24.0 11.0 0.0 0.0 0.0 0.0 0.0 0.0 10.0 35.0 15.0 25.0 0.0 0.0 0.0 0.0 0.0 0.0 28.0 6.0 0.0 0.0 6.0 5.0 0.0 0.0 0.0 0.0 0.0 2.0 0.0 1.0 1.0 6.0 2.0 1.0 0.0 0.0 1.0 0.0 0.0 0.0 5.0 5.0 1.0 1.0 0.0 0.0 1.0 17.0 19.0 0.0 0.0 0.0 
25_3_012_2
0.0 0.0 0.0 0.0 0.0 4.0 4.0 0.0 0.0 0.0 0.0 0.0 0.0 0.0 3.0 48.0 0.0 0.0 4.0 45.0 4.0 0.0 0.0 0.0 0.0 0.0 4.0 28.0 2.0 0.0 0.0 0.0 0.0 2.0 4.0 0.0 0.0 0.0 0.0 0.0 0.0 0.0 0.0 0.0 0.0 0.0 -2.0 94.0 0.0 0.0 8.0 85.0 6.0 0.0 0.0 0.0 0.0 0.0 7.0 53.0 5.0 0.0 0.0 0.0 0.0 1.0 6.0 0.0 0.0 0.0 0.0 0.0 2.0 0.0 0.0 0.0 0.0 0.0 -8.0 102.0 0.0 0.0 12.0 86.0 0.0 0.0 0.0 0.0 0.0 0.0 10.0 58.0 0.0 0.0 0.0 0.0 0.0 0.0 5.0 0.0 0.0 0.0 0.0 0.0 3.0 0.0 0.0 0.0 0.0 0.0 -8.0 75.0 0.0 0.0 15.0 62.0 0.0 0.0 0.0 0.0 0.0 0.0 10.0 53.0 0.0 0.0 0.0 0.0 
25_3_012_3
0.0 0.0 0.0 0.0 67.0 59.0 0.0 0.0 0.0 0.0 0.0 7.0 102.0 30.0 15.0 24.0 1.0 0.0 0.0 0.0 0.0 1.0 28.0 46.0 2.0 7.0 5.0 0.0 1.0 11.0 6.0 0.0 0.0 0.0 0.0 1.0 7.0 0.0 0.0 0.0 0.0 0.0 2.0 40.0 56.0 14.0 0.0 0.0 0.0 1.0 1.0 1.0 10.0 13.0 22.0 1.0 4.0 6.0 0.0 0.0 2.0 13.0 9.0 1.0 0.0 0.0 0.0 5.0 7.0 0.0 0.0 0.0 0.0 0.0 42.0 49.0 0.0 0.0 0.0 0.0 3.0 0.0 1.0 1.0 3.0 2.0 7.0 21.0 0.0 2.0 4.0 8.0 8.0 4.0 0.0 0.0 0.0 0.0 0.0 18.0 4.0 0.0 0.0 0.0 0.0 1.0 9.0 37.0 0.0 0.0 0.0 0.0 5.0 13.0 9.0 1.0 0.0 0.0 1.0 4.0 5.0 10.0 6.0 1.0 0.0 0.0 0.0 3.0 
25_3_012_4
0.0 0.0 0.0 4.0 26.0 39.0 31.0 28.0 25.0 3.0 0.0 0.0 2.0 2.0 7.0 28.0 9.0 5.0 23.0 10.0 43.0 14.0 4.0 0.0 46.0 53.0 41.0 38.0 3.0 0.0 0.0 0.0 59.0 47.0 0.0 0.0 0.0 2.0 6.0 5.0 31.0 33.0 26.0 6.0 0.0 0.0 6.0 24.0 7.0 43.0 62.0 43.0 5.0 1.0 7.0 0.0 6.0 11.0 4.0 19.0 36.0 7.0 14.0 12.0 1.0 0.0 0.0 0.0 19.0 102.0 9.0 8.0 4.0 11.0 18.0 54.0 17.0 30.0 12.0 28.0 33.0 53.0 16.0 13.0 10.0 9.0 2.0 2.0 0.0 1.0 13.0 18.0 7.0 4.0 25.0 43.0 29.0 94.0 0.0 0.0 0.0 0.0 0.0 0.0 0.0 59.0 35.0 48.0 3.0 0.0 0.0 0.0 6.0 32.0 13.0 1.0 3.0 6.0 5.0 17.0 15.0 56.0 90.0 4.0 0.0 0.0 0.0 3.0 
25_3_012_5
0.0 23.0 80.0 3.0 0.0 17.0 11.0 0.0 0.0 8.0 8.0 28.0 25.0 37.0 6.0 0.0 43.0 5.0 0.0 0.0 3.0 13.0 19.0 13.0 2.0 9.0 3.0 35.0 102.0 11.0 0.0 0.0 4.0 6.0 5.0 0.0 3.0 7.0 31.0 9.0 0.0 4.0 19.0 58.0 59.0 23.0 1.0 0.0 2.0 9.0 30.0 21.0 14.0 24.0 11.0 19.0 14.0 32.0 23.0 28.0 0.0 0.0 0.0 0.0 30.0 29.0 9.0 5.0 0.0 0.0 0.0 8.0 21.0 31.0 24.0 36.0 17.0 0.0 0.0 0.0 9.0 8.0 7.0 29.0 43.0 44.0 15.0 22.0 0.0 0.0 5.0 39.0 22.0 24.0 8.0 4.0 2.0 0.0 39.0 23.0 4.0 18.0 27.0 23.0 8.0 10.0 49.0 6.0 0.0 0.0 23.0 25.0 4.0 1.0 27.0 20.0 4.0 0.0 33.0 61.0 0.0 0.0 40.0 58.0 0.0 0.0 0.0 0.0 
25_3_012_6
1.0 68.0 17.0 0.0 0.0 0.0 0.0 0.0 6.0 85.0 9.0 0.0 0.0 0.0 0.0 0.0 0.0 28.0 102.0 53.0 6.0 0.0 0.0 0.0 0.0 0.0 42.0 25.0 18.0 71.0 17.0 0.0 1.0 13.0 2.0 0.0 0.0 8.0 5.0 5.0 0.0 20.0 3.0 0.0 0.0 29.0 16.0 0.0 0.0 2.0 13.0 17.0 24.0 13.0 0.0 0.0 4.0 1.0 1.0 0.0 5.0 36.0 4.0 5.0 41.0 9.0 0.0 0.0 0.0 2.0 3.0 19.0 10.0 15.0 8.0 0.0 0.0 1.0 4.0 2.0 1.0 5.0 17.0 41.0 21.0 5.0 0.0 0.0 12.0 0.0 0.0 1.0 1.0 5.0 7.0 12.0 11.0 0.0 0.0 0.0 2.0 16.0 17.0 18.0 3.0 7.0 17.0 11.0 2.0 0.0 1.0 4.0 16.0 5.0 11.0 2.0 1.0 2.0 1.0 6.0 1.0 7.0 14.0 15.0 8.0 1.0 1.0 1.0 
25_3_012_7
0.0 0.0 0.0 0.0 13.0 26.0 0.0 0.0 0.0 4.0 6.0 8.0 16.0 7.0 0.0 0.0 4.0 20.0 2.0 0.0 0.0 0.0 0.0 0.0 0.0 11.0 16.0 1.0 0.0 0.0 0.0 0.0 0.0 0.0 1.0 0.0 4.0 3.0 0.0 0.0 0.0 0.0 12.0 92.0 17.0 3.0 0.0 0.0 2.0 30.0 12.0 10.0 0.0 0.0 0.0 0.0 0.0 17.0 10.0 0.0 0.0 0.0 0.0 0.0 0.0 1.0 3.0 0.0 0.0 0.0 0.0 0.0 0.0 0.0 32.0 102.0 0.0 0.0 0.0 0.0 0.0 1.0 4.0 11.0 0.0 0.0 0.0 0.0 0.0 0.0 0.0 0.0 0.0 0.0 0.0 1.0 0.0 0.0 3.0 3.0 0.0 0.0 0.0 0.0 0.0 0.0 34.0 71.0 0.0 0.0 0.0 0.0 0.0 0.0 0.0 2.0 1.0 0.0 0.0 0.0 0.0 0.0 0.0 0.0 0.0 0.0 0.0 0.0 
25_3_012_8
0.0 0.0 4.0 5.0 0.0 2.0 1.0 0.0 0.0 0.0 38.0 22.0 13.0 2.0 0.0 0.0 6.0 41.0 33.0 3.0 0.0 0.0 0.0 0.0 4.0 5.0 2.0 5.0 3.0 1.0 7.0 10.0 1.0 8.0 6.0 1.0 0.0 1.0 6.0 0.0 0.0 0.0 35.0 102.0 4.0 0.0 0.0 0.0 0.0 0.0 0.0 3.0 13.0 11.0 55.0 2.0 0.0 0.0 0.0 0.0 6.0 18.0 36.0 3.0 28.0 77.0 3.0 0.0 0.0 0.0 0.0 0.0 30.0 5.0 4.0 14.0 29.0 4.0 0.0 1.0 0.0 0.0 0.0 0.0 3.0 17.0 29.0 9.0 4.0 0.0 0.0 2.0 2.0 0.0 5.0 4.0 0.0 0.0 0.0 1.0 5.0 19.0 16.0 2.0 26.0 1.0 0.0 0.0 1.0 0.0 1.0 17.0 7.0 11.0 8.0 0.0 1.0 2.0 1.0 3.0 12.0 2.0 0.0 0.0 0.0 2.0 2.0 8.0 
25_3_012_9
0.0 0.0 0.0 0.0 0.0 27.0 12.0 0.0 0.0 0.0 0.0 0.0 8.0 37.0 13.0 0.0 0.0 0.0 11.0 34.0 20.0 1.0 0.0 0.0 14.0 0.0 0.0 0.0 0.0 2.0 -6.0 36.0 0.0 4.0 6.0 0.0 1.0 37.0 16.0 4.0 0.0 4.0 18.0 17.0 12.0 9.0 1.0 0.0 0.0 0.0 15.0 88.0 11.0 6.0 2.0 0.0 0.0 0.0 0.0 2.0 9.0 1.0 25.0 70.0 11.0 32.0 32.0 5.0 1.0 0.0 3.0 -2.0 3.0 39.0 12.0 0.0 5.0 6.0 2.0 0.0 2.0 0.0 26.0 22.0 8.0 5.0 23.0 3.0 0.0 0.0 0.0 2.0 5.0 14.0 102.0 31.0 0.0 0.0 0.0 10.0 9.0 8.0 13.0 11.0 0.0 3.0 2.0 0.0 10.0 35.0 3.0 0.0 24.0 10.0 1.0 0.0 3.0 45.0 28.0 -1.0 0.0 0.0 0.0 2.0 0.0 1.0 22.0 34.0 
25_3_012_10
0.0 0.0 0.0 0.0 0.0 23.0 7.0 0.0 0.0 0.0 0.0 1.0 27.0 16.0 0.0 0.0 0.0 0.0 0.0 3.0 19.0 6.0 0.0 0.0 0.0 0.0 4.0 5.0 18.0 3.0 0.0 0.0 0.0 0.0 3.0 1.0 0.0 3.0 6.0 1.0 0.0 0.0 3.0 9.0 10.0 5.0 1.0 0.0 0.0 0.0 65.0 55.0 8.0 1.0 0.0 0.0 3.0 35.0 17.0 0.0 1.0 1.0 6.0 3.0 2.0 6.0 2.0 0.0 0.0 0.0 2.0 3.0 0.0 0.0 7.0 14.0 0.0 0.0 8.0 0.0 0.0 0.0 6.0 102.0 17.0 1.0 0.0 0.0 0.0 0.0 0.0 1.0 5.0 5.0 41.0 14.0 5.0 40.0 22.0 0.0 0.0 0.0 0.0 1.0 8.0 83.0 13.0 0.0 0.0 0.0 0.0 0.0 16.0 12.0 0.0 8.0 28.0 6.0 0.0 0.0 0.0 0.0 0.0 0.0 2.0 12.0 11.0 4.0 
25_3_012_11
5.0 14.0 6.0 1.0 0.0 0.0 0.0 1.0 3.0 1.0 11.0 12.0 9.0 6.0 1.0 2.0 5.0 0.0 3.0 18.0 6.0 0.0 4.0 17.0 8.0 0.0 3.0 8.0 0.0 0.0 0.0 31.0 18.0 16.0 0.0 0.0 0.0 1.0 14.0 29.0 0.0 0.0 21.0 48.0 5.0 0.0 5.0 11.0 30.0 9.0 9.0 1.0 0.0 0.0 4.0 18.0 17.0 20.0 5.0 0.0 0.0 0.0 0.0 9.0 0.0 0.0 0.0 0.0 0.0 45.0 73.0 1.0 0.0 0.0 0.0 58.0 86.0 10.0 3.0 0.0 6.0 12.0 8.0 18.0 18.0 1.0 0.0 1.0 27.0 47.0 9.0 2.0 0.0 0.0 0.0 0.0 4.0 4.0 0.0 0.0 0.0 2.0 0.0 1.0 0.0 5.0 4.0 14.0 28.0 0.0 0.0 0.0 0.0 0.0 1.0 9.0 102.0 22.0 0.0 0.0 0.0 0.0 0.0 3.0 30.0 35.0 3.0 0.0 
25_3_012_12
21.0 4.0 0.0 0.0 0.0 2.0 5.0 6.0 11.0 3.0 0.0 0.0 0.0 0.0 6.0 16.0 0.0 6.0 13.0 10.0 5.0 1.0 0.0 1.0 5.0 7.0 3.0 5.0 0.0 0.0 3.0 10.0 0.0 0.0 0.0 0.0 11.0 73.0 6.0 0.0 0.0 0.0 36.0 14.0 3.0 7.0 23.0 1.0 3.0 14.0 25.0 0.0 0.0 0.0 4.0 5.0 0.0 0.0 0.0 0.0 0.0 1.0 30.0 17.0 5.0 0.0 0.0 4.0 6.0 1.0 0.0 0.0 0.0 2.0 13.0 102.0 5.0 0.0 0.0 0.0 24.0 5.0 2.0 1.0 1.0 1.0 1.0 18.0 26.0 3.0 0.0 0.0 0.0 0.0 3.0 6.0 1.0 4.0 5.0 3.0 0.0 0.0 0.0 0.0 0.0 0.0 6.0 54.0 38.0 0.0 0.0 0.0 6.0 8.0 5.0 6.0 15.0 0.0 0.0 0.0 33.0 7.0 0.0 0.0 0.0 0.0 0.0 8.0 
25_3_012_13
0.0 0.0 0.0 0.0 0.0 0.0 1.0 0.0 0.0 0.0 0.0 0.0 0.0 0.0 3.0 1.0 0.0 0.0 69.0 16.0 0.0 0.0 0.0 0.0 0.0 6.0 32.0 0.0 0.0 0.0 10.0 14.0 0.0 0.0 0.0 0.0 0.0 0.0 1.0 1.0 0.0 0.0 1.0 4.0 0.0 0.0 2.0 1.0 0.0 0.0 46.0 95.0 0.0 0.0 5.0 7.0 0.0 0.0 0.0 0.0 0.0 0.0 22.0 28.0 0.0 0.0 0.0 0.0 0.0 0.0 2.0 2.0 0.0 0.0 0.0 13.0 1.0 0.0 1.0 1.0 0.0 0.0 2.0 102.0 15.0 0.0 11.0 14.0 0.0 0.0 0.0 0.0 0.0 0.0 8.0 17.0 0.0 0.0 0.0 0.0 0.0 0.0 1.0 2.0 0.0 0.0 1.0 10.0 0.0 0.0 0.0 1.0 0.0 0.0 6.0 79.0 3.0 0.0 0.0 10.0 1.0 0.0 0.0 0.0 0.0 0.0 0.0 8.0 
25_3_012_14
5.0 4.0 3.0 0.0 1.0 6.0 2.0 2.0 8.0 28.0 28.0 6.0 0.0 0.0 0.0 3.0 6.0 9.0 13.0 22.0 11.0 9.0 6.0 10.0 2.0 2.0 0.0 9.0 45.0 29.0 9.0 6.0 39.0 23.0 12.0 4.0 0.0 0.0 0.0 3.0 3.0 10.0 17.0 20.0 17.0 16.0 2.0 12.0 43.0 41.0 5.0 24.0 32.0 4.0 0.0 9.0 15.0 36.0 11.0 17.0 6.0 4.0 0.0 3.0 27.0 2.0 0.0 0.0 0.0 3.0 51.0 60.0 5.0 24.0 50.0 11.0 1.0 0.0 5.0 6.0 4.0 11.0 51.0 62.0 6.0 10.0 5.0 0.0 4.0 0.0 0.0 0.0 0.0 13.0 59.0 96.0 0.0 0.0 36.0 30.0 12.0 27.0 47.0 0.0 14.0 29.0 102.0 21.0 0.0 0.0 0.0 16.0 2.0 4.0 2.0 0.0 0.0 8.0 48.0 19.0 9.0 3.0 5.0 2.0 0.0 0.0 34.0 44.0 
25_3_012_15
0.0 0.0 0.0 9.0 9.0 6.0 2.0 1.0 0.0 8.0 9.0 63.0 16.0 0.0 0.0 0.0 4.0 2.0 1.0 36.0 58.0 3.0 7.0 5.0 0.0 0.0 0.0 10.0 7.0 0.0 0.0 0.0 7.0 3.0 6.0 10.0 0.0 0.0 0.0 8.0 0.0 0.0 16.0 102.0 11.0 0.0 0.0 0.0 21.0 0.0 12.0 71.0 17.0 0.0 12.0 32.0 0.0 0.0 2.0 54.0 6.0 0.0 0.0 0.0 4.0 12.0 22.0 0.0 0.0 0.0 0.0 1.0 0.0 0.0 43.0 63.0 0.0 0.0 0.0 0.0 9.0 8.0 68.0 27.0 0.0 0.0 1.0 3.0 0.0 0.0 16.0 14.0 0.0 0.0 0.0 1.0 0.0 4.0 30.0 2.0 0.0 0.0 0.0 0.0 0.0 0.0 22.0 16.0 6.0 1.0 0.0 0.0 0.0 0.0 51.0 34.0 0.0 0.0 0.0 0.0 0.0 0.0 1.0 0.0 0.0 0.0 0.0 3.0 
25_3_012_16
0.0 0.0 0.0 0.0 0.0 0.0 0.0 34.0 5.0 0.0 0.0 0.0 0.0 1.0 -9.0 61.0 0.0 0.0 13.0 85.0 0.0 0.0 0.0 0.0 0.0 1.0 1.0 0.0 0.0 0.0 0.0 0.0 0.0 0.0 0.0 0.0 0.0 0.0 0.0 45.0 12.0 0.0 0.0 0.0 0.0 1.0 0.0 40.0 0.0 0.0 17.0 94.0 1.0 0.0 0.0 0.0 0.0 2.0 0.0 0.0 0.0 0.0 0.0 0.0 0.0 0.0 0.0 0.0 0.0 0.0 4.0 53.0 0.0 0.0 0.0 4.0 0.0 0.0 12.0 37.0 0.0 0.0 14.0 102.0 0.0 0.0 0.0 0.0 1.0 2.0 0.0 0.0 0.0 0.0 0.0 0.0 0.0 0.0 0.0 0.0 0.0 0.0 1.0 54.0 0.0 0.0 2.0 9.0 0.0 0.0 4.0 21.0 0.0 0.0 10.0 74.0 0.0 0.0 0.0 0.0 0.0 1.0 1.0 0.0 0.0 0.0 0.0 0.0 
25_3_012_17
0.0 0.0 0.0 0.0 0.0 0.0 0.0 2.0 0.0 0.0 0.0 73.0 24.0 0.0 0.0 0.0 1.0 0.0 0.0 0.0 0.0 0.0 5.0 24.0 4.0 0.0 0.0 0.0 0.0 0.0 0.0 7.0 0.0 0.0 0.0 0.0 0.0 0.0 0.0 3.0 0.0 0.0 7.0 102.0 2.0 0.0 0.0 0.0 8.0 0.0 1.0 3.0 0.0 0.0 0.0 19.0 2.0 5.0 10.0 1.0 0.0 0.0 0.0 0.0 0.0 0.0 0.0 0.0 0.0 0.0 0.0 2.0 0.0 0.0 20.0 79.0 5.0 0.0 0.0 0.0 12.0 0.0 0.0 10.0 4.0 0.0 0.0 11.0 0.0 1.0 5.0 4.0 3.0 6.0 1.0 0.0 0.0 0.0 0.0 0.0 0.0 0.0 0.0 1.0 0.0 0.0 3.0 43.0 28.0 0.0 0.0 0.0 0.0 0.0 0.0 2.0 13.0 3.0 2.0 5.0 0.0 0.0 0.0 0.0 0.0 1.0 5.0 7.0 
25_3_012_18
0.0 0.0 0.0 1.0 2.0 0.0 0.0 1.0 0.0 0.0 0.0 32.0 26.0 0.0 0.0 0.0 0.0 0.0 0.0 3.0 1.0 0.0 2.0 6.0 0.0 0.0 0.0 0.0 0.0 0.0 -1.0 16.0 1.0 0.0 0.0 0.0 0.0 0.0 -1.0 3.0 0.0 0.0 8.0 65.0 0.0 0.0 0.0 0.0 0.0 0.0 3.0 2.0 0.0 0.0 -2.0 9.0 0.0 0.0 0.0 0.0 0.0 0.0 -5.0 24.0 -2.0 30.0 0.0 0.0 0.0 0.0 0.0 0.0 -23.0 58.0 33.0 35.0 0.0 0.0 0.0 0.0 9.0 7.0 1.0 0.0 0.0 0.0 -7.0 14.0 2.0 0.0 0.0 0.0 0.0 0.0 -3.0 17.0 -19.0 102.0 0.0 0.0 0.0 0.0 0.0 0.0 4.0 59.0 0.0 0.0 0.0 0.0 -4.0 16.0 0.0 0.0 0.0 0.0 0.0 0.0 -1.0 22.0 0.0 0.0 0.0 0.0 0.0 0.0 -9.0 27.0 
25_3_012_19
2.0 30.0 14.0 11.0 1.0 0.0 0.0 0.0 15.0 15.0 1.0 0.0 0.0 0.0 0.0 12.0 2.0 5.0 29.0 22.0 3.0 0.0 0.0 2.0 0.0 0.0 4.0 16.0 8.0 0.0 6.0 9.0 23.0 46.0 0.0 0.0 0.0 13.0 16.0 4.0 29.0 5.0 0.0 0.0 0.0 1.0 29.0 80.0 0.0 0.0 51.0 78.0 9.0 0.0 0.0 0.0 35.0 8.0 5.0 0.0 0.0 0.0 8.0 20.0 7.0 0.0 0.0 0.0 0.0 86.0 80.0 13.0 0.0 0.0 0.0 0.0 11.0 69.0 86.0 9.0 0.0 0.0 8.0 102.0 100.0 2.0 0.0 0.0 23.0 9.0 0.0 5.0 10.0 13.0 1.0 1.0 7.0 6.0 0.0 0.0 0.0 15.0 13.0 6.0 6.0 10.0 0.0 0.0 2.0 9.0 1.0 0.0 0.0 1.0 1.0 46.0 99.0 1.0 0.0 0.0 4.0 20.0 5.0 13.0 78.0 33.0 0.0 0.0 
25_3_012_20
0.0 0.0 0.0 5.0 11.0 0.0 0.0 0.0 0.0 0.0 0.0 30.0 73.0 0.0 0.0 0.0 0.0 0.0 0.0 2.0 4.0 1.0 3.0 0.0 0.0 0.0 0.0 0.0 0.0 16.0 26.0 0.0 0.0 0.0 0.0 1.0 1.0 0.0 0.0 0.0 0.0 0.0 11.0 102.0 14.0 0.0 0.0 0.0 0.0 0.0 2.0 15.0 1.0 0.0 44.0 14.0 0.0 0.0 1.0 0.0 0.0 2.0 23.0 4.0 0.0 0.0 1.0 2.0 0.0 0.0 0.0 0.0 0.0 0.0 11.0 47.0 33.0 0.0 0.0 0.0 0.0 0.0 0.0 0.0 1.0 26.0 31.0 3.0 0.0 0.0 0.0 0.0 0.0 3.0 9.0 0.0 0.0 2.0 21.0 2.0 0.0 0.0 0.0 0.0 0.0 0.0 19.0 2.0 0.0 0.0 2.0 0.0 0.0 0.0 1.0 2.0 0.0 4.0 5.0 0.0 2.0 2.0 3.0 0.0 0.0 0.0 0.0 0.0 
25_3_012_21
-1.0 0.0 13.0 11.0 0.0 0.0 0.0 0.0 0.0 0.0 1.0 16.0 0.0 0.0 0.0 0.0 0.0 0.0 0.0 45.0 8.0 2.0 8.0 41.0 2.0 0.0 0.0 0.0 0.0 0.0 0.0 102.0 39.0 16.0 3.0 8.0 0.0 0.0 0.0 -20.0 0.0 3.0 3.0 11.0 1.0 0.0 0.0 0.0 0.0 0.0 0.0 50.0 1.0 0.0 12.0 62.0 0.0 0.0 0.0 0.0 0.0 0.0 6.0 71.0 51.0 0.0 0.0 0.0 4.0 0.0 -24.0 44.0 16.0 6.0 18.0 0.0 0.0 0.0 -1.0 1.0 0.0 -6.0 27.0 17.0 0.0 0.0 8.0 81.0 0.0 0.0 0.0 0.0 0.0 0.0 1.0 59.0 0.0 0.0 0.0 0.0 10.0 26.0 6.0 0.0 -2.0 4.0 4.0 2.0 4.0 7.0 5.0 12.0 0.0 -1.0 4.0 0.0 0.0 9.0 17.0 42.0 0.0 0.0 0.0 0.0 0.0 0.0 -13.0 67.0 
25_3_012_22
0.0 0.0 0.0 1.0 23.0 11.0 0.0 0.0 12.0 3.0 1.0 14.0 17.0 0.0 0.0 1.0 0.0 0.0 4.0 102.0 49.0 0.0 0.0 0.0 0.0 0.0 0.0 4.0 2.0 0.0 0.0 0.0 0.0 0.0 2.0 19.0 4.0 3.0 2.0 2.0 0.0 7.0 26.0 97.0 0.0 0.0 0.0 0.0 7.0 14.0 8.0 79.0 29.0 0.0 6.0 1.0 0.0 0.0 0.0 21.0 6.0 0.0 0.0 0.0 2.0 6.0 22.0 15.0 0.0 0.0 0.0 1.0 2.0 0.0 36.0 84.0 5.0 0.0 0.0 6.0 2.0 0.0 9.0 95.0 20.0 1.0 39.0 27.0 0.0 0.0 2.0 47.0 3.0 0.0 0.0 0.0 0.0 15.0 31.0 4.0 0.0 0.0 0.0 0.0 3.0 0.0 29.0 34.0 1.0 0.0 0.0 12.0 10.0 11.0 78.0 35.0 0.0 0.0 0.0 12.0 0.0 0.0 8.0 11.0 0.0 0.0 0.0 0.0 
25_3_012_23
3.0 0.0 2.0 0.0 0.0 0.0 3.0 3.0 0.0 0.0 2.0 14.0 10.0 0.0 0.0 0.0 0.0 0.0 0.0 27.0 102.0 0.0 0.0 0.0 5.0 5.0 2.0 1.0 5.0 0.0 0.0 0.0 0.0 0.0 0.0 0.0 8.0 6.0 7.0 0.0 0.0 0.0 4.0 31.0 13.0 0.0 0.0 0.0 5.0 0.0 0.0 41.0 32.0 0.0 0.0 11.0 0.0 0.0 2.0 52.0 20.0 0.0 0.0 0.0 0.0 1.0 15.0 3.0 2.0 1.0 2.0 0.0 0.0 6.0 45.0 29.0 1.0 0.0 0.0 0.0 6.0 0.0 39.0 50.0 0.0 0.0 1.0 25.0 0.0 0.0 22.0 43.0 0.0 0.0 0.0 0.0 0.0 7.0 48.0 3.0 0.0 0.0 0.0 0.0 8.0 6.0 46.0 4.0 0.0 4.0 9.0 7.0 7.0 2.0 60.0 35.0 0.0 0.0 0.0 3.0 0.0 0.0 4.0 4.0 0.0 0.0 0.0 0.0 
25_3_012_24
0.0 0.0 0.0 7.0 1.0 0.0 0.0 0.0 0.0 0.0 0.0 12.0 1.0 0.0 0.0 0.0 5.0 3.0 0.0 8.0 0.0 0.0 -38.0 102.0 0.0 0.0 0.0 0.0 0.0 0.0 -6.0 20.0 0.0 0.0 0.0 14.0 2.0 0.0 0.0 0.0 0.0 0.0 0.0 10.0 4.0 0.0 0.0 0.0 0.0 0.0 0.0 40.0 2.0 0.0 -18.0 86.0 0.0 0.0 0.0 0.0 0.0 0.0 -7.0 52.0 0.0 0.0 7.0 11.0 0.0 0.0 0.0 0.0 0.0 1.0 5.0 11.0 0.0 0.0 0.0 0.0 0.0 0.0 12.0 38.0 0.0 0.0 0.0 58.0 0.0 0.0 0.0 0.0 0.0 0.0 6.0 56.0 0.0 0.0 2.0 5.0 0.0 0.0 0.0 0.0 0.0 0.0 6.0 19.0 0.0 0.0 0.0 0.0 0.0 0.0 2.0 19.0 0.0 1.0 34.0 46.0 3.0 0.0 0.0 0.0 0.0 0.0 10.0 36.0 
25_3_012_25
20.0 31.0 19.0 3.0 0.0 0.0 0.0 2.0 0.0 0.0 4.0 41.0 30.0 13.0 21.0 2.0 3.0 1.0 1.0 29.0 41.0 28.0 63.0 27.0 7.0 3.0 6.0 8.0 3.0 2.0 1.0 6.0 27.0 0.0 4.0 22.0 10.0 0.0 7.0 38.0 23.0 4.0 3.0 15.0 9.0 0.0 4.0 16.0 17.0 45.0 15.0 51.0 18.0 3.0 5.0 14.0 2.0 23.0 15.0 33.0 8.0 0.0 0.0 0.0 43.0 3.0 41.0 26.0 3.0 5.0 16.0 30.0 35.0 35.0 0.0 0.0 12.0 13.0 16.0 7.0 2.0 17.0 35.0 102.0 43.0 0.0 0.0 0.0 47.0 18.0 2.0 0.0 7.0 2.0 8.0 25.0 0.0 0.0 0.0 0.0 2.0 23.0 77.0 12.0 0.0 0.0 0.0 0.0 48.0 29.0 42.0 8.0 0.0 0.0 0.0 13.0 96.0 14.0 0.0 0.0 0.0 0.0 0.0 3.0 30.0 14.0 23.0 12.0 
25_3_012_26
0.0 0.0 0.0 0.0 0.0 0.0 1.0 51.0 0.0 0.0 2.0 22.0 2.0 2.0 7.0 11.0 1.0 0.0 4.0 49.0 1.0 1.0 1.0 1.0 0.0 0.0 1.0 0.0 0.0 0.0 0.0 0.0 0.0 0.0 0.0 0.0 0.0 0.0 4.0 66.0 3.0 2.0 4.0 15.0 4.0 10.0 12.0 16.0 0.0 0.0 11.0 73.0 4.0 0.0 0.0 0.0 0.0 1.0 2.0 0.0 0.0 0.0 0.0 0.0 0.0 0.0 0.0 0.0 0.0 0.0 0.0 78.0 8.0 0.0 0.0 6.0 4.0 9.0 14.0 0.0 0.0 0.0 12.0 102.0 0.0 0.0 0.0 0.0 0.0 0.0 1.0 0.0 0.0 0.0 0.0 0.0 0.0 0.0 0.0 0.0 0.0 0.0 -5.0 61.0 11.0 0.0 4.0 4.0 0.0 0.0 -8.0 22.0 0.0 0.0 8.0 69.0 0.0 0.0 0.0 0.0 1.0 0.0 0.0 0.0 0.0 0.0 0.0 0.0 
25_3_012_27
0.0 0.0 0.0 0.0 5.0 1.0 0.0 0.0 0.0 0.0 0.0 10.0 6.0 0.0 0.0 0.0 17.0 0.0 0.0 10.0 1.0 0.0 -9.0 58.0 7.0 0.0 0.0 0.0 0.0 0.0 0.0 11.0 0.0 0.0 0.0 9.0 5.0 0.0 0.0 0.0 0.0 0.0 1.0 10.0 2.0 0.0 0.0 0.0 15.0 2.0 2.0 37.0 1.0 0.0 -5.0 36.0 10.0 0.0 0.0 0.0 0.0 0.0 -12.0 72.0 0.0 0.0 0.0 14.0 3.0 0.0 0.0 0.0 0.0 0.0 1.0 14.0 0.0 0.0 0.0 0.0 0.0 0.0 4.0 51.0 0.0 0.0 -2.0 21.0 0.0 0.0 0.0 0.0 0.0 0.0 -6.0 102.0 0.0 0.0 1.0 11.0 0.0 0.0 0.0 0.0 0.0 0.0 2.0 14.0 0.0 0.0 0.0 0.0 0.0 0.0 5.0 31.0 0.0 0.0 13.0 15.0 0.0 0.0 0.0 0.0 0.0 0.0 16.0 49.0 
25_3_012_28
8.0 0.0 0.0 0.0 0.0 0.0 0.0 18.0 0.0 0.0 2.0 44.0 8.0 0.0 0.0 0.0 4.0 0.0 4.0 76.0 16.0 0.0 4.0 6.0 12.0 0.0 2.0 54.0 14.0 2.0 6.0 39.0 15.0 9.0 1.0 0.0 0.0 0.0 0.0 14.0 0.0 8.0 35.0 25.0 0.0 0.0 0.0 0.0 2.0 0.0 7.0 102.0 6.0 1.0 0.0 0.0 30.0 8.0 38.0 24.0 0.0 0.0 1.0 25.0 2.0 4.0 14.0 0.0 0.0 0.0 0.0 5.0 0.0 3.0 64.0 5.0 0.0 0.0 0.0 0.0 0.0 0.0 36.0 29.0 0.0 2.0 1.0 1.0 0.0 0.0 56.0 39.0 0.0 0.0 1.0 0.0 0.0 6.0 31.0 1.0 0.0 0.0 0.0 0.0 0.0 1.0 25.0 11.0 2.0 1.0 0.0 0.0 0.0 0.0 21.0 20.0 4.0 10.0 2.0 0.0 0.0 0.0 36.0 26.0 0.0 0.0 0.0 0.0 
25_3_012_29
0.0 0.0 0.0 0.0 9.0 9.0 2.0 0.0 0.0 0.0 2.0 33.0 15.0 3.0 0.0 0.0 27.0 2.0 6.0 10.0 0.0 0.0 -7.0 8.0 0.0 0.0 0.0 0.0 0.0 0.0 -9.0 52.0 0.0 0.0 0.0 7.0 7.0 3.0 5.0 0.0 0.0 0.0 16.0 82.0 3.0 0.0 0.0 0.0 0.0 0.0 0.0 4.0 35.0 7.0 2.0 18.0 0.0 0.0 0.0 0.0 0.0 0.0 -7.0 102.0 10.0 1.0 8.0 10.0 0.0 0.0 0.0 0.0 0.0 0.0 7.0 59.0 26.0 0.0 0.0 0.0 0.0 0.0 2.0 32.0 15.0 1.0 11.0 25.0 0.0 0.0 0.0 6.0 6.0 0.0 9.0 101.0 21.0 4.0 4.0 0.0 2.0 0.0 0.0 -7.0 0.0 7.0 23.0 25.0 0.0 0.0 0.0 0.0 1.0 1.0 2.0 2.0 3.0 2.0 6.0 29.0 0.0 0.0 0.0 0.0 0.0 9.0 69.0 19.0 
25_3_012_30
0.0 0.0 0.0 0.0 10.0 13.0 0.0 0.0 0.0 0.0 1.0 42.0 30.0 8.0 0.0 0.0 10.0 20.0 5.0 10.0 0.0 0.0 0.0 0.0 2.0 34.0 1.0 0.0 0.0 0.0 0.0 0.0 0.0 0.0 2.0 0.0 0.0 0.0 0.0 0.0 0.0 0.0 20.0 92.0 0.0 0.0 0.0 0.0 0.0 0.0 10.0 17.0 0.0 0.0 0.0 0.0 0.0 1.0 0.0 0.0 0.0 0.0 0.0 0.0 0.0 0.0 1.0 1.0 0.0 0.0 0.0 0.0 0.0 0.0 17.0 102.0 0.0 0.0 0.0 0.0 0.0 0.0 2.0 15.0 0.0 0.0 0.0 0.0 0.0 2.0 0.0 0.0 0.0 0.0 0.0 0.0 0.0 0.0 4.0 3.0 0.0 0.0 0.0 0.0 0.0 0.0 40.0 59.0 0.0 0.0 0.0 0.0 0.0 0.0 2.0 4.0 1.0 0.0 0.0 0.0 0.0 0.0 0.0 0.0 0.0 0.0 0.0 0.0 
25_3_012_31
16.0 27.0 12.0 3.0 0.0 0.0 0.0 1.0 9.0 2.0 3.0 0.0 0.0 0.0 2.0 9.0 0.0 0.0 22.0 27.0 0.0 0.0 0.0 0.0 0.0 0.0 5.0 23.0 5.0 3.0 0.0 0.0 2.0 0.0 0.0 1.0 40.0 30.0 4.0 1.0 2.0 0.0 0.0 1.0 3.0 7.0 12.0 32.0 0.0 0.0 16.0 74.0 4.0 0.0 0.0 0.0 2.0 4.0 3.0 1.0 0.0 0.0 1.0 1.0 0.0 0.0 7.0 22.0 23.0 14.0 0.0 0.0 1.0 8.0 27.0 8.0 5.0 1.0 1.0 1.0 0.0 0.0 20.0 40.0 12.0 0.0 0.0 0.0 0.0 2.0 31.0 24.0 13.0 6.0 0.0 0.0 0.0 0.0 43.0 12.0 0.0 0.0 0.0 0.0 0.0 0.0 11.0 9.0 1.0 1.0 0.0 0.0 0.0 0.0 8.0 18.0 2.0 1.0 3.0 0.0 0.0 0.0 0.0 2.0 1.0 45.0 102.0 13.0 
25_3_012_32
0.0 0.0 0.0 0.0 0.0 0.0 1.0 54.0 0.0 0.0 0.0 3.0 4.0 8.0 16.0 1.0 0.0 0.0 3.0 75.0 1.0 0.0 0.0 0.0 0.0 0.0 1.0 0.0 0.0 0.0 0.0 0.0 0.0 0.0 0.0 0.0 0.0 0.0 -9.0 77.0 11.0 0.0 1.0 2.0 0.0 0.0 -10.0 25.0 0.0 0.0 3.0 102.0 0.0 0.0 0.0 0.0 0.0 0.0 0.0 0.0 0.0 0.0 0.0 0.0 0.0 0.0 0.0 0.0 0.0 0.0 -5.0 63.0 25.0 0.0 0.0 0.0 0.0 3.0 5.0 0.0 0.0 0.0 6.0 84.0 4.0 0.0 0.0 0.0 0.0 1.0 1.0 0.0 0.0 0.0 0.0 0.0 1.0 0.0 0.0 0.0 0.0 0.0 1.0 42.0 1.0 0.0 0.0 0.0 0.0 1.0 1.0 23.0 0.0 0.0 2.0 82.0 0.0 0.0 0.0 0.0 0.0 1.0 0.0 0.0 0.0 0.0 0.0 0.0 
25_3_012_33
0.0 0.0 0.0 0.0 0.0 1.0 1.0 0.0 0.0 0.0 0.0 0.0 1.0 1.0 0.0 0.0 0.0 0.0 57.0 48.0 0.0 0.0 0.0 0.0 0.0 0.0 14.0 12.0 0.0 0.0 28.0 5.0 0.0 0.0 0.0 0.0 0.0 0.0 0.0 0.0 0.0 0.0 1.0 9.0 0.0 0.0 0.0 0.0 0.0 0.0 35.0 102.0 1.0 1.0 6.0 0.0 0.0 0.0 0.0 0.0 0.0 0.0 24.0 15.0 0.0 0.0 0.0 2.0 0.0 0.0 0.0 0.0 0.0 0.0 2.0 20.0 1.0 0.0 0.0 0.0 0.0 0.0 4.0 64.0 21.0 3.0 6.0 0.0 0.0 0.0 0.0 0.0 0.0 0.0 10.0 5.0 0.0 0.0 0.0 35.0 15.0 0.0 0.0 0.0 0.0 0.0 0.0 4.0 5.0 1.0 0.0 0.0 0.0 0.0 0.0 44.0 25.0 0.0 0.0 0.0 0.0 0.0 0.0 0.0 0.0 0.0 1.0 6.0 
25_3_012_34
0.0 0.0 0.0 0.0 3.0 0.0 0.0 0.0 0.0 0.0 22.0 27.0 1.0 0.0 0.0 0.0 0.0 1.0 24.0 21.0 0.0 0.0 0.0 0.0 0.0 0.0 0.0 2.0 0.0 0.0 3.0 7.0 0.0 0.0 0.0 1.0 3.0 0.0 0.0 0.0 0.0 0.0 18.0 85.0 0.0 0.0 0.0 0.0 2.0 1.0 4.0 12.0 3.0 0.0 0.0 10.0 0.0 0.0 0.0 1.0 1.0 0.0 4.0 9.0 0.0 0.0 0.0 1.0 3.0 0.0 0.0 0.0 0.0 0.0 7.0 102.0 2.0 0.0 0.0 0.0 4.0 5.0 5.0 3.0 6.0 1.0 0.0 5.0 6.0 4.0 0.0 0.0 0.0 0.0 0.0 2.0 0.0 0.0 0.0 2.0 1.0 0.0 0.0 0.0 0.0 1.0 17.0 65.0 0.0 0.0 0.0 0.0 1.0 4.0 16.0 6.0 2.0 1.0 0.0 1.0 2.0 6.0 8.0 1.0 0.0 0.0 0.0 0.0 
25_3_012_35
0.0 0.0 0.0 0.0 0.0 0.0 2.0 61.0 0.0 1.0 1.0 12.0 5.0 12.0 2.0 11.0 0.0 0.0 4.0 71.0 4.0 0.0 0.0 0.0 2.0 2.0 0.0 0.0 0.0 0.0 0.0 -1.0 0.0 0.0 0.0 0.0 0.0 0.0 1.0 85.0 6.0 0.0 4.0 36.0 4.0 1.0 12.0 29.0 0.0 0.0 10.0 97.0 4.0 0.0 0.0 0.0 0.0 1.0 2.0 0.0 0.0 0.0 0.0 0.0 0.0 0.0 0.0 3.0 0.0 0.0 4.0 80.0 18.0 1.0 8.0 21.0 4.0 12.0 10.0 10.0 0.0 0.0 15.0 102.0 1.0 0.0 0.0 0.0 0.0 2.0 3.0 0.0 0.0 0.0 0.0 0.0 0.0 0.0 0.0 2.0 2.0 2.0 2.0 74.0 0.0 0.0 0.0 16.0 8.0 11.0 26.0 1.0 0.0 0.0 10.0 97.0 0.0 0.0 0.0 0.0 0.0 0.0 1.0 0.0 0.0 0.0 0.0 0.0 
25_3_012_36
0.0 0.0 0.0 41.0 22.0 0.0 0.0 0.0 19.0 2.0 0.0 47.0 34.0 0.0 0.0 0.0 39.0 6.0 25.0 68.0 4.0 0.0 0.0 5.0 0.0 0.0 4.0 37.0 2.0 0.0 0.0 0.0 0.0 2.0 30.0 15.0 0.0 0.0 0.0 0.0 0.0 0.0 13.0 83.0 27.0 0.0 0.0 0.0 0.0 0.0 8.0 76.0 0.0 0.0 3.0 1.0 0.0 0.0 5.0 36.0 0.0 0.0 0.0 0.0 0.0 0.0 23.0 20.0 0.0 0.0 0.0 0.0 0.0 0.0 19.0 55.0 6.0 2.0 0.0 0.0 0.0 0.0 12.0 102.0 5.0 1.0 14.0 0.0 0.0 0.0 6.0 29.0 0.0 0.0 0.0 0.0 0.0 0.0 28.0 12.0 0.0 0.0 0.0 0.0 0.0 0.0 2.0 6.0 4.0 5.0 6.0 0.0 0.0 0.0 36.0 93.0 1.0 1.0 0.0 0.0 0.0 0.0 1.0 8.0 0.0 0.0 0.0 0.0 
25_3_012_37
8.0 0.0 2.0 17.0 16.0 0.0 -1.0 6.0 8.0 1.0 4.0 6.0 11.0 0.0 0.0 1.0 5.0 11.0 8.0 3.0 0.0 0.0 0.0 0.0 1.0 16.0 40.0 10.0 0.0 0.0 0.0 0.0 0.0 0.0 0.0 17.0 102.0 0.0 0.0 0.0 3.0 2.0 2.0 3.0 19.0 12.0 3.0 0.0 0.0 8.0 12.0 19.0 6.0 0.0 0.0 0.0 2.0 3.0 2.0 18.0 18.0 9.0 1.0 2.0 0.0 0.0 0.0 7.0 32.0 1.0 0.0 0.0 3.0 3.0 2.0 38.0 83.0 0.0 0.0 0.0 0.0 2.0 15.0 54.0 19.0 0.0 0.0 0.0 15.0 1.0 0.0 3.0 0.0 0.0 -21.0 68.0 0.0 0.0 0.0 0.0 1.0 4.0 0.0 0.0 0.0 0.0 0.0 6.0 69.0 10.0 0.0 0.0 0.0 0.0 0.0 0.0 63.0 91.0 4.0 0.0 15.0 0.0 0.0 1.0 90.0 26.0 0.0 0.0 
25_3_012_38
0.0 0.0 5.0 9.0 1.0 0.0 0.0 0.0 0.0 5.0 16.0 9.0 1.0 0.0 0.0 0.0 17.0 16.0 6.0 0.0 0.0 0.0 -5.0 18.0 0.0 0.0 0.0 0.0 0.0 0.0 -27.0 80.0 0.0 0.0 1.0 4.0 5.0 8.0 4.0 0.0 0.0 0.0 22.0 50.0 6.0 0.0 0.0 0.0 0.0 4.0 10.0 3.0 0.0 0.0 -9.0 41.0 9.0 8.0 5.0 0.0 0.0 0.0 -28.0 102.0 5.0 13.0 7.0 6.0 2.0 3.0 2.0 0.0 0.0 0.0 25.0 58.0 10.0 0.0 0.0 0.0 0.0 3.0 26.0 7.0 0.0 4.0 2.0 8.0 1.0 0.0 0.0 0.0 0.0 0.0 28.0 75.0 0.0 2.0 7.0 5.0 0.0 0.0 0.0 0.0 0.0 0.0 2.0 18.0 17.0 4.0 0.0 0.0 0.0 0.0 2.0 0.0 1.0 22.0 38.0 6.0 2.0 0.0 0.0 0.0 1.0 1.0 8.0 15.0 
25_3_012_39
1.0 3.0 8.0 1.0 0.0 0.0 0.0 0.0 12.0 8.0 12.0 8.0 0.0 0.0 0.0 -4.0 37.0 3.0 1.0 0.0 0.0 0.0 -6.0 6.0 20.0 0.0 0.0 0.0 0.0 0.0 -21.0 43.0 0.0 0.0 0.0 6.0 3.0 4.0 1.0 0.0 0.0 0.0 4.0 24.0 15.0 0.0 0.0 1.0 11.0 1.0 13.0 14.0 0.0 0.0 -8.0 17.0 3.0 0.0 0.0 0.0 0.0 0.0 -34.0 102.0 0.0 0.0 0.0 0.0 2.0 4.0 7.0 1.0 0.0 0.0 0.0 30.0 35.0 0.0 0.0 0.0 0.0 0.0 6.0 16.0 3.0 2.0 2.0 4.0 0.0 0.0 0.0 0.0 0.0 2.0 19.0 36.0 3.0 4.0 3.0 0.0 0.0 0.0 -1.0 1.0 0.0 1.0 9.0 16.0 5.0 0.0 0.0 0.0 0.0 0.0 0.0 2.0 13.0 8.0 8.0 2.0 6.0 0.0 0.0 0.0 0.0 0.0 1.0 13.0 
25_3_012_40
0.0 0.0 0.0 0.0 0.0 0.0 0.0 2.0 0.0 0.0 0.0 80.0 8.0 0.0 0.0 0.0 0.0 -1.0 7.0 19.0 9.0 0.0 0.0 0.0 0.0 0.0 0.0 0.0 3.0 1.0 11.0 7.0 0.0 0.0 0.0 0.0 0.0 0.0 0.0 5.0 0.0 0.0 20.0 94.0 0.0 0.0 0.0 0.0 0.0 -1.0 5.0 15.0 7.0 8.0 1.0 4.0 0.0 0.0 0.0 3.0 1.0 1.0 0.0 13.0 0.0 0.0 0.0 0.0 0.0 0.0 1.0 2.0 0.0 0.0 2.0 102.0 12.0 0.0 0.0 0.0 0.0 -2.0 12.0 13.0 6.0 1.0 0.0 5.0 0.0 0.0 3.0 3.0 0.0 0.0 -3.0 18.0 0.0 0.0 0.0 0.0 0.0 0.0 0.0 2.0 0.0 0.0 0.0 41.0 28.0 0.0 0.0 0.0 0.0 0.0 1.0 31.0 17.0 0.0 0.0 0.0 0.0 0.0 0.0 1.0 0.0 0.0 3.0 9.0 
25_3_012_41
0.0 0.0 0.0 0.0 0.0 0.0 -1.0 52.0 5.0 0.0 0.0 0.0 1.0 2.0 0.0 10.0 0.0 0.0 2.0 78.0 0.0 0.0 0.0 0.0 0.0 0.0 1.0 0.0 0.0 0.0 0.0 0.0 0.0 0.0 0.0 0.0 0.0 0.0 -9.0 67.0 6.0 0.0 0.0 0.0 0.0 2.0 -4.0 29.0 0.0 0.0 2.0 102.0 0.0 0.0 0.0 0.0 0.0 1.0 1.0 0.0 0.0 0.0 0.0 0.0 0.0 0.0 0.0 0.0 0.0 0.0 0.0 58.0 11.0 5.0 0.0 0.0 0.0 0.0 -1.0 11.0 0.0 0.0 13.0 83.0 0.0 0.0 0.0 0.0 0.0 1.0 1.0 0.0 0.0 0.0 0.0 0.0 34.0 0.0 0.0 0.0 0.0 0.0 -8.0 5.0 41.0 42.0 2.0 0.0 0.0 0.0 0.0 -19.0 0.0 9.0 23.0 4.0 0.0 0.0 0.0 0.0 1.0 0.0 0.0 0.0 0.0 0.0 0.0 0.0 
25_3_012_42
0.0 0.0 0.0 9.0 2.0 0.0 0.0 0.0 0.0 0.0 0.0 5.0 4.0 0.0 0.0 0.0 0.0 0.0 0.0 32.0 6.0 0.0 -12.0 47.0 0.0 0.0 0.0 0.0 0.0 0.0 -15.0 76.0 0.0 0.0 3.0 12.0 1.0 0.0 0.0 0.0 0.0 0.0 3.0 8.0 0.0 0.0 0.0 0.0 0.0 0.0 9.0 54.0 0.0 0.0 -2.0 32.0 0.0 0.0 0.0 0.0 0.0 0.0 -5.0 102.0 0.0 0.0 3.0 9.0 0.0 0.0 0.0 0.0 0.0 0.0 4.0 14.0 0.0 0.0 0.0 0.0 0.0 0.0 3.0 44.0 0.0 0.0 17.0 28.0 0.0 0.0 0.0 0.0 0.0 0.0 20.0 65.0 0.0 1.0 2.0 2.0 0.0 0.0 0.0 0.0 0.0 0.0 4.0 16.0 1.0 0.0 0.0 0.0 0.0 0.0 3.0 18.0 0.0 0.0 27.0 46.0 0.0 0.0 0.0 0.0 0.0 0.0 8.0 17.0 
25_3_012_43
0.0 0.0 0.0 0.0 0.0 0.0 28.0 64.0 0.0 0.0 0.0 7.0 13.0 8.0 0.0 1.0 0.0 0.0 11.0 68.0 5.0 0.0 0.0 0.0 0.0 0.0 0.0 4.0 0.0 0.0 0.0 0.0 0.0 0.0 0.0 0.0 0.0 0.0 30.0 93.0 0.0 1.0 1.0 12.0 33.0 2.0 0.0 0.0 0.0 0.0 17.0 99.0 7.0 0.0 0.0 0.0 0.0 0.0 0.0 0.0 0.0 0.0 2.0 0.0 5.0 4.0 7.0 0.0 0.0 0.0 18.0 76.0 8.0 18.0 29.0 1.0 0.0 0.0 0.0 3.0 0.0 0.0 24.0 102.0 0.0 0.0 0.0 0.0 0.0 0.0 0.0 0.0 0.0 1.0 0.0 0.0 1.0 2.0 13.0 4.0 11.0 0.0 11.0 22.0 2.0 5.0 6.0 18.0 0.0 1.0 9.0 20.0 0.0 0.0 15.0 57.0 0.0 0.0 0.0 0.0 0.0 0.0 0.0 0.0 0.0 1.0 0.0 0.0 
25_3_012_44
0.0 0.0 0.0 0.0 0.0 0.0 0.0 0.0 0.0 0.0 0.0 1.0 0.0 0.0 0.0 0.0 0.0 0.0 53.0 59.0 0.0 0.0 0.0 0.0 0.0 0.0 4.0 5.0 0.0 0.0 26.0 14.0 0.0 0.0 0.0 0.0 0.0 0.0 0.0 0.0 0.0 0.0 0.0 12.0 1.0 0.0 0.0 0.0 0.0 0.0 19.0 102.0 3.0 1.0 2.0 0.0 0.0 0.0 0.0 0.0 0.0 0.0 24.0 17.0 0.0 0.0 0.0 0.0 0.0 0.0 0.0 0.0 0.0 0.0 3.0 19.0 1.0 0.0 0.0 0.0 0.0 0.0 5.0 59.0 21.0 2.0 7.0 1.0 0.0 0.0 0.0 0.0 0.0 0.0 7.0 7.0 0.0 0.0 0.0 7.0 3.0 0.0 0.0 0.0 0.0 0.0 0.0 5.0 4.0 1.0 0.0 0.0 0.0 0.0 0.0 34.0 29.0 0.0 0.0 0.0 0.0 0.0 0.0 0.0 0.0 0.0 0.0 4.0 
25_3_012_45
0.0 2.0 51.0 35.0 0.0 0.0 0.0 0.0 0.0 2.0 23.0 44.0 0.0 0.0 0.0 0.0 0.0 0.0 1.0 4.0 1.0 0.0 9.0 15.0 5.0 0.0 0.0 0.0 0.0 0.0 2.0 17.0 3.0 4.0 53.0 73.0 0.0 0.0 0.0 1.0 0.0 9.0 3.0 38.0 5.0 3.0 12.0 10.0 0.0 0.0 0.0 0.0 0.0 0.0 14.0 19.0 1.0 0.0 0.0 0.0 0.0 6.0 20.0 6.0 3.0 0.0 18.0 102.0 3.0 0.0 2.0 23.0 7.0 3.0 15.0 46.0 0.0 0.0 2.0 33.0 4.0 1.0 0.0 0.0 0.0 0.0 8.0 27.0 12.0 0.0 0.0 1.0 1.0 1.0 4.0 13.0 1.0 0.0 13.0 34.0 13.0 4.0 1.0 1.0 8.0 8.0 6.0 3.0 8.0 1.0 0.0 1.0 6.0 10.0 8.0 0.0 0.0 0.0 0.0 5.0 26.0 13.0 4.0 1.0 0.0 3.0 8.0 29.0 
25_3_012_46
3.0 0.0 0.0 0.0 0.0 0.0 -1.0 38.0 6.0 0.0 1.0 1.0 0.0 0.0 -1.0 35.0 0.0 0.0 5.0 102.0 0.0 0.0 0.0 0.0 0.0 0.0 0.0 0.0 0.0 0.0 0.0 0.0 0.0 0.0 0.0 0.0 2.0 0.0 10.0 44.0 27.0 4.0 0.0 2.0 0.0 5.0 9.0 -1.0 0.0 0.0 11.0 97.0 2.0 0.0 0.0 0.0 1.0 0.0 1.0 0.0 0.0 0.0 0.0 0.0 49.0 24.0 1.0 0.0 0.0 0.0 -14.0 11.0 94.0 60.0 2.0 0.0 0.0 0.0 0.0 -43.0 0.0 17.0 39.0 10.0 0.0 0.0 0.0 0.0 0.0 0.0 1.0 0.0 0.0 0.0 0.0 0.0 0.0 0.0 0.0 0.0 0.0 0.0 0.0 0.0 0.0 0.0 1.0 0.0 0.0 0.0 0.0 0.0 0.0 0.0 2.0 0.0 0.0 0.0 0.0 0.0 0.0 0.0 0.0 0.0 0.0 0.0 0.0 0.0 
25_3_012_47
0.0 0.0 0.0 0.0 0.0 0.0 0.0 0.0 0.0 0.0 1.0 1.0 1.0 0.0 0.0 0.0 0.0 0.0 0.0 0.0 1.0 0.0 0.0 0.0 0.0 0.0 0.0 0.0 0.0 0.0 0.0 0.0 0.0 0.0 0.0 0.0 7.0 99.0 0.0 0.0 0.0 0.0 0.0 0.0 12.0 102.0 2.0 0.0 0.0 0.0 0.0 18.0 39.0 11.0 0.0 0.0 0.0 0.0 0.0 0.0 2.0 0.0 0.0 0.0 29.0 23.0 6.0 0.0 0.0 0.0 0.0 -16.0 10.0 -5.0 27.0 4.0 1.0 2.0 -5.0 13.0 0.0 -37.0 82.0 65.0 1.0 0.0 0.0 0.0 0.0 0.0 0.0 0.0 1.0 0.0 0.0 0.0 40.0 15.0 3.0 0.0 0.0 0.0 0.0 -18.0 97.0 0.0 0.0 0.0 0.0 0.0 0.0 -39.0 -10.0 3.0 52.0 24.0 1.0 0.0 0.0 0.0 0.0 0.0 0.0 0.0 0.0 0.0 0.0 0.0 
25_3_012_48
22.0 10.0 0.0 0.0 0.0 0.0 0.0 12.0 0.0 5.0 82.0 5.0 0.0 0.0 0.0 0.0 0.0 5.0 44.0 21.0 0.0 0.0 0.0 0.0 17.0 29.0 6.0 0.0 0.0 0.0 0.0 6.0 30.0 26.0 10.0 0.0 0.0 0.0 0.0 8.0 0.0 0.0 38.0 1.0 1.0 17.0 17.0 0.0 0.0 7.0 81.0 83.0 6.0 0.0 0.0 0.0 8.0 1.0 0.0 0.0 0.0 2.0 13.0 70.0 0.0 0.0 0.0 0.0 0.0 1.0 34.0 23.0 3.0 1.0 3.0 27.0 4.0 9.0 25.0 10.0 0.0 0.0 6.0 102.0 25.0 38.0 54.0 4.0 4.0 0.0 0.0 6.0 15.0 22.0 31.0 24.0 36.0 2.0 0.0 0.0 0.0 0.0 0.0 18.0 12.0 1.0 10.0 29.0 0.0 0.0 0.0 13.0 24.0 7.0 9.0 23.0 2.0 0.0 10.0 27.0 2.0 0.0 12.0 39.0 2.0 0.0 0.0 0.0 
25_3_012_49
0.0 0.0 50.0 14.0 0.0 0.0 0.0 0.0 0.0 4.0 30.0 29.0 1.0 0.0 0.0 0.0 16.0 33.0 9.0 0.0 0.0 0.0 0.0 6.0 3.0 2.0 1.0 0.0 0.0 2.0 1.0 6.0 0.0 0.0 39.0 11.0 0.0 1.0 7.0 0.0 0.0 0.0 52.0 88.0 1.0 7.0 0.0 0.0 21.0 9.0 1.0 0.0 0.0 0.0 7.0 65.0 6.0 0.0 0.0 0.0 0.0 6.0 6.0 19.0 0.0 0.0 0.0 0.0 0.0 7.0 35.0 7.0 0.0 0.0 0.0 102.0 48.0 20.0 9.0 0.0 0.0 0.0 0.0 5.0 11.0 29.0 82.0 30.0 11.0 5.0 5.0 9.0 2.0 1.0 2.0 5.0 10.0 1.0 0.0 0.0 0.0 0.0 0.0 12.0 2.0 3.0 5.0 45.0 9.0 0.0 4.0 5.0 15.0 3.0 6.0 40.0 5.0 0.0 4.0 22.0 1.0 1.0 1.0 10.0 2.0 0.0 0.0 0.0 
25_3_012_50
0.0 0.0 3.0 22.0 0.0 0.0 0.0 0.0 0.0 0.0 2.0 53.0 9.0 0.0 0.0 0.0 0.0 0.0 0.0 68.0 18.0 0.0 0.0 0.0 0.0 0.0 2.0 23.0 1.0 0.0 0.0 0.0 0.0 0.0 2.0 23.0 0.0 0.0 0.0 0.0 0.0 0.0 12.0 47.0 0.0 0.0 0.0 0.0 0.0 0.0 9.0 102.0 6.0 0.0 0.0 0.0 0.0 5.0 37.0 21.0 0.0 0.0 0.0 0.0 0.0 24.0 58.0 6.0 0.0 0.0 0.0 0.0 0.0 32.0 74.0 2.0 0.0 0.0 0.0 0.0 0.0 1.0 39.0 39.0 1.0 0.0 0.0 0.0 0.0 10.0 27.0 12.0 1.0 0.0 0.0 0.0 0.0 20.0 21.0 0.0 0.0 0.0 0.0 0.0 0.0 3.0 3.0 0.0 0.0 0.0 0.0 0.0 0.0 0.0 0.0 20.0 6.0 0.0 0.0 0.0 0.0 0.0 0.0 15.0 6.0 0.0 0.0 0.0 
25_3_012_51
0.0 0.0 3.0 30.0 6.0 0.0 0.0 0.0 0.0 0.0 0.0 40.0 60.0 0.0 0.0 0.0 0.0 0.0 0.0 36.0 42.0 0.0 0.0 0.0 0.0 0.0 2.0 28.0 4.0 0.0 0.0 0.0 0.0 0.0 0.0 20.0 15.0 0.0 0.0 0.0 0.0 0.0 0.0 54.0 33.0 0.0 0.0 0.0 0.0 0.0 4.0 82.0 30.0 0.0 0.0 0.0 0.0 1.0 63.0 24.0 0.0 0.0 0.0 0.0 0.0 0.0 6.0 24.0 5.0 0.0 0.0 0.0 0.0 1.0 81.0 33.0 0.0 0.0 0.0 0.0 0.0 0.0 27.0 51.0 10.0 0.0 0.0 0.0 0.0 0.0 0.0 18.0 17.0 0.0 0.0 0.0 0.0 2.0 102.0 3.0 0.0 0.0 0.0 0.0 0.0 3.0 50.0 0.0 0.0 0.0 0.0 0.0 0.0 0.0 0.0 4.0 5.0 0.0 0.0 0.0 0.0 0.0 0.0 7.0 22.0 0.0 0.0 0.0 
25_3_012_52
1.0 0.0 0.0 1.0 0.0 0.0 0.0 1.0 0.0 0.0 8.0 15.0 6.0 4.0 13.0 0.0 0.0 0.0 5.0 28.0 15.0 10.0 9.0 0.0 5.0 6.0 27.0 27.0 7.0 0.0 0.0 -1.0 3.0 1.0 0.0 0.0 1.0 0.0 -5.0 22.0 0.0 1.0 0.0 1.0 5.0 13.0 16.0 20.0 0.0 0.0 13.0 102.0 15.0 0.0 0.0 0.0 0.0 2.0 13.0 51.0 36.0 1.0 5.0 20.0 22.0 10.0 1.0 0.0 0.0 0.0 -3.0 2.0 30.0 35.0 10.0 7.0 1.0 0.0 0.0 -5.0 0.0 13.0 79.0 39.0 3.0 0.0 0.0 0.0 0.0 5.0 36.0 21.0 12.0 0.0 0.0 2.0 11.0 1.0 0.0 0.0 18.0 10.0 0.0 -2.0 0.0 11.0 5.0 4.0 1.0 0.0 0.0 0.0 0.0 0.0 3.0 15.0 21.0 0.0 0.0 0.0 3.0 0.0 1.0 6.0 19.0 29.0 9.0 4.0 
25_3_012_53
0.0 0.0 0.0 32.0 11.0 1.0 0.0 0.0 0.0 0.0 0.0 5.0 20.0 15.0 20.0 11.0 0.0 0.0 21.0 95.0 60.0 0.0 0.0 0.0 11.0 3.0 8.0 21.0 3.0 5.0 -27.0 87.0 0.0 0.0 0.0 4.0 16.0 6.0 0.0 1.0 0.0 0.0 0.0 1.0 12.0 11.0 33.0 23.0 0.0 0.0 4.0 102.0 92.0 3.0 0.0 0.0 0.0 1.0 23.0 49.0 26.0 8.0 -1.0 5.0 23.0 5.0 3.0 0.0 0.0 1.0 -9.0 15.0 12.0 44.0 27.0 4.0 2.0 0.0 -3.0 3.0 0.0 7.0 59.0 46.0 24.0 2.0 0.0 0.0 0.0 0.0 0.0 1.0 61.0 29.0 4.0 0.0 36.0 8.0 0.0 0.0 0.0 0.0 0.0 -15.0 16.0 10.0 9.0 1.0 1.0 0.0 0.0 -7.0 0.0 2.0 10.0 6.0 10.0 0.0 0.0 0.0 0.0 0.0 10.0 16.0 9.0 3.0 0.0 0.0 
25_3_012_54
0.0 0.0 0.0 0.0 0.0 15.0 15.0 0.0 0.0 0.0 0.0 8.0 8.0 7.0 1.0 0.0 0.0 0.0 10.0 25.0 9.0 0.0 0.0 0.0 39.0 1.0 1.0 0.0 0.0 0.0 -7.0 5.0 0.0 0.0 0.0 2.0 4.0 13.0 12.0 0.0 0.0 0.0 0.0 4.0 19.0 24.0 7.0 0.0 0.0 0.0 10.0 75.0 23.0 3.0 0.0 0.0 17.0 3.0 7.0 14.0 11.0 0.0 -1.0 -2.0 0.0 0.0 0.0 23.0 13.0 7.0 2.0 0.0 0.0 0.0 3.0 17.0 1.0 0.0 17.0 4.0 0.0 0.0 34.0 102.0 3.0 0.0 0.0 0.0 0.0 0.0 0.0 6.0 35.0 8.0 0.0 39.0 0.0 0.0 4.0 30.0 1.0 0.0 0.0 0.0 0.0 0.0 2.0 15.0 4.0 0.0 -1.0 16.0 0.0 0.0 0.0 67.0 44.0 6.0 0.0 0.0 0.0 0.0 0.0 13.0 5.0 3.0 12.0 51.0 
25_3_012_55
9.0 4.0 0.0 0.0 0.0 12.0 18.0 22.0 2.0 1.0 8.0 10.0 6.0 5.0 0.0 0.0 0.0 9.0 29.0 9.0 2.0 0.0 0.0 0.0 0.0 7.0 31.0 36.0 0.0 0.0 0.0 0.0 1.0 0.0 0.0 0.0 1.0 5.0 18.0 1.0 0.0 0.0 4.0 54.0 10.0 1.0 0.0 0.0 0.0 0.0 0.0 11.0 19.0 16.0 18.0 2.0 0.0 0.0 18.0 52.0 47.0 0.0 0.0 0.0 4.0 1.0 1.0 2.0 0.0 0.0 0.0 0.0 0.0 0.0 2.0 17.0 24.0 4.0 0.0 0.0 0.0 0.0 0.0 11.0 13.0 9.0 42.0 11.0 0.0 0.0 11.0 102.0 69.0 0.0 0.0 0.0 9.0 5.0 6.0 0.0 0.0 0.0 -7.0 15.0 9.0 4.0 3.0 0.0 3.0 4.0 -1.0 5.0 32.0 26.0 11.0 3.0 7.0 3.0 5.0 6.0 0.0 1.0 36.0 71.0 12.0 0.0 0.0 0.0 
25_3_012_56
0.0 0.0 0.0 0.0 2.0 17.0 15.0 5.0 14.0 1.0 0.0 0.0 0.0 0.0 14.0 16.0 4.0 16.0 4.0 1.0 1.0 0.0 0.0 0.0 9.0 0.0 0.0 0.0 0.0 6.0 19.0 15.0 2.0 0.0 0.0 3.0 2.0 17.0 20.0 5.0 7.0 19.0 33.0 34.0 22.0 13.0 0.0 0.0 56.0 37.0 3.0 0.0 0.0 0.0 4.0 22.0 16.0 28.0 9.0 0.0 0.0 0.0 4.0 19.0 50.0 25.0 16.0 0.0 0.0 0.0 2.0 35.0 2.0 10.0 102.0 56.0 5.0 0.0 8.0 4.0 12.0 0.0 0.0 0.0 0.0 20.0 52.0 23.0 2.0 26.0 10.0 0.0 2.0 29.0 2.0 0.0 8.0 47.0 27.0 10.0 8.0 5.0 0.0 0.0 15.0 15.0 4.0 0.0 0.0 0.0 31.0 83.0 5.0 0.0 0.0 0.0 0.0 4.0 17.0 18.0 0.0 1.0 27.0 16.0 2.0 11.0 8.0 5.0 
25_3_012_57
0.0 9.0 16.0 13.0 4.0 2.0 0.0 18.0 22.0 12.0 0.0 0.0 0.0 5.0 6.0 28.0 0.0 0.0 0.0 82.0 3.0 0.0 0.0 0.0 0.0 0.0 0.0 0.0 0.0 0.0 0.0 0.0 4.0 5.0 4.0 14.0 4.0 3.0 3.0 24.0 3.0 6.0 5.0 0.0 5.0 8.0 16.0 43.0 0.0 0.0 5.0 102.0 1.0 0.0 0.0 0.0 0.0 0.0 0.0 0.0 0.0 0.0 0.0 0.0 10.0 24.0 5.0 2.0 0.0 0.0 0.0 3.0 9.0 52.0 1.0 0.0 0.0 0.0 0.0 4.0 0.0 13.0 33.0 6.0 0.0 0.0 0.0 0.0 0.0 20.0 10.0 0.0 0.0 0.0 0.0 0.0 0.0 0.0 1.0 0.0 0.0 0.0 0.0 0.0 0.0 17.0 56.0 0.0 0.0 0.0 0.0 0.0 0.0 72.0 67.0 0.0 0.0 0.0 0.0 0.0 0.0 58.0 26.0 0.0 0.0 3.0 8.0 0.0 
25_3_012_58
0.0 0.0 3.0 28.0 10.0 0.0 2.0 44.0 23.0 7.0 1.0 2.0 16.0 22.0 12.0 14.0 0.0 0.0 6.0 62.0 1.0 0.0 0.0 5.0 2.0 0.0 0.0 0.0 0.0 0.0 0.0 0.0 0.0 0.0 6.0 29.0 2.0 0.0 3.0 48.0 9.0 1.0 3.0 0.0 0.0 3.0 5.0 22.0 0.0 0.0 6.0 95.0 4.0 0.0 0.0 0.0 1.0 1.0 1.0 0.0 0.0 0.0 0.0 0.0 0.0 0.0 3.0 33.0 1.0 0.0 1.0 38.0 6.0 0.0 2.0 21.0 0.0 0.0 4.0 64.0 0.0 0.0 12.0 102.0 1.0 0.0 0.0 0.0 0.0 0.0 1.0 0.0 0.0 0.0 0.0 0.0 0.0 0.0 9.0 20.0 3.0 0.0 2.0 24.0 23.0 5.0 8.0 2.0 2.0 5.0 15.0 17.0 0.0 0.0 12.0 88.0 0.0 0.0 0.0 0.0 0.0 1.0 1.0 0.0 0.0 0.0 0.0 0.0 
25_3_012_59
0.0 0.0 0.0 0.0 1.0 28.0 33.0 1.0 0.0 0.0 3.0 21.0 23.0 18.0 2.0 0.0 0.0 0.0 11.0 24.0 1.0 9.0 10.0 1.0 0.0 0.0 2.0 38.0 25.0 5.0 0.0 0.0 0.0 0.0 0.0 0.0 0.0 1.0 15.0 25.0 0.0 0.0 27.0 102.0 9.0 1.0 0.0 0.0 0.0 0.0 4.0 8.0 0.0 1.0 11.0 23.0 0.0 0.0 0.0 9.0 38.0 22.0 23.0 18.0 3.0 9.0 6.0 1.0 0.0 1.0 3.0 8.0 0.0 0.0 6.0 92.0 9.0 0.0 0.0 0.0 0.0 0.0 3.0 13.0 10.0 3.0 30.0 11.0 11.0 20.0 35.0 14.0 0.0 0.0 0.0 60.0 12.0 22.0 2.0 0.0 0.0 0.0 0.0 -1.0 2.0 13.0 14.0 33.0 2.0 0.0 0.0 0.0 12.0 3.0 31.0 23.0 0.0 0.0 -2.0 2.0 2.0 48.0 38.0 24.0 4.0 0.0 18.0 25.0 
25_3_012_60
0.0 0.0 0.0 6.0 0.0 0.0 0.0 0.0 0.0 0.0 14.0 67.0 6.0 0.0 0.0 0.0 0.0 1.0 18.0 11.0 3.0 0.0 0.0 0.0 0.0 0.0 4.0 2.0 0.0 0.0 1.0 4.0 0.0 0.0 0.0 1.0 0.0 0.0 -1.0 5.0 0.0 0.0 3.0 102.0 31.0 0.0 0.0 0.0 0.0 0.0 15.0 14.0 0.0 2.0 0.0 0.0 0.0 0.0 0.0 0.0 0.0 1.0 15.0 6.0 0.0 4.0 4.0 0.0 0.0 0.0 0.0 1.0 0.0 0.0 70.0 89.0 0.0 0.0 0.0 0.0 0.0 0.0 0.0 4.0 0.0 2.0 1.0 0.0 0.0 0.0 0.0 0.0 0.0 0.0 6.0 11.0 -1.0 4.0 15.0 17.0 0.0 0.0 0.0 0.0 1.0 3.0 42.0 42.0 0.0 0.0 -1.0 2.0 0.0 0.0 0.0 0.0 0.0 0.0 3.0 9.0 0.0 0.0 0.0 0.0 0.0 0.0 2.0 5.0 
25_3_012_61
0.0 7.0 30.0 2.0 0.0 7.0 6.0 0.0 4.0 4.0 8.0 8.0 15.0 6.0 0.0 0.0 15.0 46.0 23.0 0.0 0.0 0.0 0.0 0.0 13.0 29.0 0.0 0.0 0.0 0.0 8.0 19.0 0.0 0.0 0.0 2.0 1.0 17.0 27.0 0.0 0.0 0.0 49.0 99.0 27.0 9.0 0.0 0.0 1.0 18.0 40.0 0.0 0.0 4.0 74.0 39.0 0.0 0.0 0.0 0.0 0.0 0.0 65.0 53.0 11.0 39.0 25.0 1.0 0.0 15.0 49.0 8.0 0.0 2.0 15.0 89.0 38.0 59.0 18.0 0.0 0.0 0.0 0.0 14.0 14.0 68.0 102.0 0.0 0.0 0.0 0.0 0.0 0.0 3.0 39.0 52.0 17.0 11.0 0.0 0.0 0.0 17.0 75.0 26.0 0.0 3.0 10.0 2.0 1.0 24.0 52.0 0.0 0.0 0.0 11.0 64.0 9.0 0.0 0.0 0.0 17.0 12.0 0.0 0.0 0.0 0.0 10.0 45.0 
25_3_012_62
6.0 1.0 0.0 0.0 0.0 0.0 1.0 15.0 2.0 0.0 1.0 61.0 11.0 1.0 10.0 6.0 4.0 0.0 1.0 45.0 11.0 4.0 14.0 23.0 4.0 3.0 7.0 11.0 0.0 0.0 0.0 1.0 49.0 15.0 0.0 0.0 0.0 0.0 0.0 3.0 7.0 26.0 71.0 70.0 0.0 0.0 0.0 0.0 99.0 39.0 21.0 7.0 0.0 0.0 0.0 1.0 5.0 2.0 7.0 11.0 1.0 0.0 0.0 1.0 9.0 1.0 0.0 9.0 51.0 0.0 0.0 0.0 0.0 9.0 10.0 102.0 27.0 0.0 0.0 0.0 37.0 1.0 0.0 0.0 9.0 6.0 4.0 61.0 6.0 9.0 7.0 0.0 0.0 2.0 5.0 5.0 0.0 0.0 0.0 16.0 47.0 0.0 0.0 0.0 0.0 0.0 0.0 27.0 61.0 2.0 0.0 0.0 0.0 0.0 0.0 7.0 20.0 9.0 31.0 17.0 0.0 0.0 4.0 2.0 0.0 6.0 15.0 0.0 
25_3_012_63
0.0 0.0 0.0 0.0 0.0 0.0 -1.0 35.0 0.0 0.0 7.0 18.0 23.0 1.0 0.0 1.0 -7.0 23.0 12.0 24.0 2.0 0.0 0.0 0.0 -10.0 25.0 5.0 1.0 1.0 7.0 4.0 0.0 0.0 0.0 0.0 0.0 0.0 2.0 34.0 10.0 0.0 0.0 30.0 78.0 5.0 1.0 0.0 0.0 -9.0 27.0 17.0 6.0 0.0 0.0 0.0 0.0 4.0 2.0 0.0 0.0 0.0 2.0 7.0 9.0 12.0 27.0 0.0 0.0 0.0 0.0 -1.0 3.0 -4.0 14.0 15.0 60.0 15.0 0.0 0.0 0.0 0.0 9.0 11.0 34.0 27.0 2.0 0.0 0.0 6.0 0.0 0.0 0.0 0.0 1.0 -4.0 102.0 21.0 35.0 0.0 0.0 0.0 0.0 0.0 -10.0 -5.0 44.0 3.0 0.0 0.0 3.0 2.0 -1.0 0.0 0.0 1.0 6.0 14.0 26.0 8.0 0.0 0.0 0.0 0.0 0.0 14.0 26.0 -5.0 24.0 
25_3_012_64
0.0 0.0 0.0 0.0 0.0 0.0 3.0 10.0 0.0 0.0 7.0 14.0 0.0 0.0 28.0 83.0 22.0 7.0 17.0 16.0 5.0 9.0 1.0 28.0 7.0 0.0 26.0 66.0 0.0 3.0 11.0 3.0 1.0 0.0 0.0 0.0 0.0 0.0 11.0 43.0 0.0 0.0 4.0 47.0 1.0 0.0 26.0 76.0 0.0 0.0 3.0 14.0 10.0 38.0 54.0 17.0 0.0 0.0 29.0 99.0 2.0 3.0 0.0 6.0 1.0 0.0 0.0 0.0 0.0 0.0 17.0 90.0 16.0 0.0 0.0 0.0 13.0 19.0 10.0 54.0 0.0 0.0 9.0 27.0 0.0 9.0 30.0 4.0 0.0 0.0 46.0 102.0 0.0 0.0 0.0 0.0 0.0 0.0 0.0 0.0 0.0 0.0 18.0 71.0 42.0 0.0 0.0 3.0 1.0 7.0 -3.0 25.0 2.0 0.0 19.0 53.0 0.0 0.0 -10.0 33.0 0.0 0.0 21.0 61.0 0.0 0.0 0.0 0.0 
25_3_012_65
4.0 0.0 0.0 3.0 20.0 15.0 1.0 4.0 0.0 2.0 6.0 17.0 16.0 33.0 9.0 0.0 0.0 0.0 0.0 15.0 102.0 2.0 0.0 0.0 0.0 0.0 0.0 0.0 0.0 1.0 1.0 0.0 82.0 0.0 0.0 0.0 2.0 4.0 0.0 31.0 0.0 3.0 26.0 9.0 1.0 17.0 2.0 0.0 8.0 12.0 2.0 35.0 88.0 0.0 0.0 0.0 0.0 0.0 0.0 13.0 44.0 0.0 0.0 0.0 98.0 0.0 0.0 0.0 0.0 0.0 0.0 46.0 34.0 2.0 22.0 50.0 8.0 0.0 0.0 9.0 53.0 5.0 20.0 5.0 4.0 0.0 0.0 17.0 1.0 0.0 0.0 33.0 92.0 0.0 0.0 2.0 13.0 0.0 0.0 0.0 0.0 0.0 0.0 7.0 84.0 0.0 4.0 12.0 10.0 0.0 3.0 30.0 1.0 8.0 5.0 16.0 11.0 28.0 14.0 6.0 28.0 0.0 0.0 7.0 22.0 0.0 0.0 11.0 
25_3_012_66
0.0 0.0 6.0 3.0 0.0 0.0 0.0 0.0 -6.0 102.0 47.0 10.0 0.0 0.0 0.0 -13.0 -2.0 81.0 32.0 30.0 0.0 0.0 0.0 -11.0 0.0 0.0 10.0 9.0 0.0 0.0 9.0 11.0 0.0 0.0 43.0 50.0 0.0 0.0 0.0 0.0 -2.0 6.0 35.0 40.0 3.0 6.0 9.0 2.0 0.0 7.0 22.0 38.0 3.0 0.0 1.0 -1.0 0.0 1.0 0.0 0.0 0.0 2.0 27.0 19.0 0.0 0.0 48.0 73.0 0.0 0.0 0.0 0.0 3.0 13.0 8.0 13.0 1.0 0.0 2.0 -2.0 0.0 0.0 4.0 26.0 5.0 3.0 22.0 1.0 0.0 0.0 0.0 3.0 4.0 4.0 17.0 2.0 0.0 1.0 46.0 18.0 0.0 0.0 4.0 3.0 0.0 0.0 2.0 8.0 10.0 11.0 3.0 0.0 0.0 0.0 0.0 0.0 1.0 2.0 12.0 4.0 0.0 0.0 0.0 0.0 5.0 3.0 5.0 1.0 
25_3_012_67
0.0 0.0 0.0 0.0 0.0 0.0 1.0 0.0 -3.0 7.0 1.0 0.0 0.0 0.0 1.0 0.0 -11.0 8.0 69.0 12.0 0.0 0.0 0.0 0.0 0.0 -8.0 34.0 13.0 3.0 0.0 0.0 6.0 0.0 0.0 0.0 0.0 0.0 0.0 1.0 0.0 -5.0 -1.0 68.0 23.0 0.0 0.0 0.0 0.0 -28.0 93.0 11.0 1.0 0.0 0.0 0.0 0.0 0.0 -1.0 11.0 24.0 0.0 0.0 1.0 7.0 0.0 0.0 0.0 0.0 0.0 0.0 0.0 0.0 0.0 0.0 5.0 102.0 1.0 0.0 0.0 0.0 0.0 0.0 0.0 5.0 4.0 4.0 8.0 3.0 0.0 0.0 0.0 14.0 8.0 0.0 9.0 6.0 0.0 0.0 0.0 0.0 0.0 0.0 0.0 0.0 0.0 0.0 0.0 64.0 9.0 0.0 0.0 0.0 -2.0 6.0 3.0 7.0 3.0 0.0 0.0 0.0 0.0 0.0 0.0 3.0 4.0 1.0 5.0 2.0 
25_3_012_68
0.0 3.0 9.0 4.0 0.0 0.0 5.0 36.0 3.0 4.0 1.0 6.0 26.0 4.0 0.0 0.0 0.0 0.0 2.0 78.0 6.0 0.0 0.0 0.0 0.0 0.0 0.0 0.0 0.0 0.0 0.0 0.0 0.0 0.0 6.0 12.0 15.0 0.0 7.0 27.0 8.0 6.0 7.0 0.0 10.0 11.0 2.0 1.0 0.0 0.0 12.0 102.0 5.0 0.0 0.0 0.0 0.0 0.0 0.0 0.0 0.0 1.0 0.0 0.0 0.0 0.0 5.0 29.0 4.0 0.0 3.0 19.0 12.0 10.0 12.0 10.0 0.0 0.0 1.0 2.0 0.0 0.0 24.0 85.0 0.0 0.0 0.0 0.0 0.0 0.0 0.0 0.0 0.0 0.0 0.0 0.0 0.0 0.0 7.0 27.0 1.0 0.0 1.0 8.0 3.0 4.0 8.0 10.0 4.0 3.0 6.0 1.0 0.0 0.0 9.0 63.0 2.0 0.0 0.0 0.0 0.0 0.0 0.0 0.0 0.0 0.0 1.0 0.0 
25_3_012_69
0.0 0.0 11.0 10.0 0.0 2.0 10.0 0.0 20.0 18.0 9.0 1.0 27.0 10.0 0.0 0.0 4.0 3.0 0.0 0.0 88.0 37.0 0.0 0.0 0.0 0.0 0.0 0.0 38.0 16.0 0.0 0.0 14.0 4.0 0.0 9.0 16.0 0.0 0.0 0.0 4.0 11.0 16.0 50.0 28.0 1.0 0.0 0.0 51.0 23.0 0.0 0.0 0.0 0.0 1.0 26.0 21.0 13.0 0.0 0.0 50.0 22.0 0.0 0.0 102.0 41.0 0.0 0.0 0.0 0.0 0.0 0.0 40.0 22.0 4.0 34.0 31.0 17.0 1.0 2.0 0.0 1.0 11.0 41.0 21.0 21.0 49.0 7.0 41.0 24.0 0.0 0.0 5.0 1.0 0.0 1.0 3.0 1.0 0.0 0.0 0.0 0.0 0.0 0.0 64.0 21.0 0.0 0.0 0.0 0.0 0.0 0.0 79.0 39.0 0.0 10.0 9.0 0.0 0.0 0.0 12.0 2.0 0.0 2.0 21.0 35.0 5.0 0.0 
25_3_012_70
0.0 0.0 0.0 0.0 0.0 74.0 29.0 0.0 0.0 1.0 0.0 0.0 0.0 102.0 41.0 0.0 0.0 11.0 5.0 16.0 33.0 78.0 16.0 0.0 0.0 0.0 0.0 24.0 22.0 0.0 0.0 0.0 12.0 34.0 20.0 12.0 0.0 13.0 4.0 3.0 1.0 89.0 72.0 13.0 0.0 10.0 22.0 20.0 37.0 58.0 23.0 7.0 24.0 9.0 -2.0 22.0 0.0 0.0 10.0 61.0 10.0 0.0 0.0 0.0 9.0 7.0 7.0 17.0 27.0 15.0 0.0 2.0 47.0 0.0 0.0 30.0 35.0 56.0 33.0 30.0 4.0 7.0 20.0 20.0 4.0 63.0 33.0 6.0 0.0 3.0 19.0 37.0 29.0 17.0 0.0 0.0 0.0 56.0 23.0 0.0 4.0 6.0 4.0 0.0 0.0 82.0 26.0 0.0 0.0 3.0 3.0 0.0 0.0 82.0 31.0 0.0 0.0 0.0 0.0 0.0 0.0 18.0 17.0 0.0 0.0 0.0 0.0 0.0 
25_3_012_71
0.0 0.0 0.0 0.0 0.0 12.0 19.0 4.0 0.0 0.0 0.0 0.0 0.0 88.0 9.0 0.0 0.0 0.0 0.0 0.0 2.0 88.0 7.0 0.0 0.0 0.0 0.0 0.0 0.0 65.0 6.0 0.0 23.0 1.0 0.0 0.0 0.0 1.0 7.0 35.0 3.0 61.0 21.0 0.0 13.0 5.0 17.0 24.0 19.0 68.0 17.0 34.0 22.0 1.0 0.0 19.0 29.0 8.0 3.0 0.0 8.0 2.0 1.0 22.0 3.0 0.0 0.0 0.0 0.0 0.0 9.0 68.0 23.0 7.0 2.0 19.0 27.0 69.0 6.0 9.0 0.0 1.0 25.0 25.0 2.0 89.0 43.0 13.0 2.0 3.0 1.0 6.0 12.0 30.0 17.0 10.0 22.0 3.0 0.0 0.0 0.0 0.0 0.0 29.0 16.0 88.0 5.0 0.0 0.0 4.0 1.0 3.0 0.0 102.0 13.0 0.0 0.0 1.0 0.0 0.0 0.0 84.0 7.0 0.0 0.0 0.0 0.0 0.0 
25_3_012_72
0.0 0.0 0.0 0.0 0.0 0.0 9.0 65.0 0.0 25.0 21.0 5.0 2.0 2.0 4.0 5.0 16.0 9.0 10.0 6.0 1.0 10.0 10.0 22.0 0.0 0.0 8.0 75.0 0.0 0.0 1.0 13.0 0.0 0.0 0.0 0.0 0.0 0.0 10.0 90.0 0.0 10.0 22.0 72.0 6.0 30.0 31.0 0.0 36.0 19.0 0.0 6.0 33.0 20.0 5.0 93.0 0.0 0.0 7.0 102.0 0.0 0.0 0.0 2.0 6.0 0.0 0.0 0.0 0.0 0.0 8.0 86.0 20.0 21.0 13.0 64.0 9.0 2.0 14.0 2.0 1.0 14.0 20.0 1.0 2.0 32.0 24.0 77.0 0.0 0.0 17.0 100.0 0.0 0.0 0.0 2.0 16.0 14.0 0.0 0.0 0.0 0.0 0.0 5.0 16.0 28.0 15.0 0.0 0.0 0.0 0.0 4.0 16.0 72.0 0.0 0.0 0.0 0.0 0.0 0.0 0.0 21.0 30.0 10.0 0.0 0.0 0.0 0.0 
25_3_012_73
0.0 0.0 0.0 0.0 0.0 21.0 30.0 10.0 0.0 0.0 0.0 0.0 16.0 73.0 0.0 0.0 0.0 0.0 0.0 4.0 15.0 29.0 12.0 1.0 0.0 0.0 0.0 4.0 16.0 13.0 0.0 0.0 0.0 0.0 0.0 2.0 0.0 0.0 17.0 98.0 17.0 24.0 26.0 73.0 1.0 14.0 20.0 -6.0 6.0 0.0 14.0 2.0 24.0 17.0 4.0 79.0 0.0 0.0 7.0 85.0 6.0 0.0 0.0 0.0 0.0 0.0 0.0 2.0 0.0 0.0 6.0 102.0 47.0 3.0 5.0 94.0 35.0 17.0 -20.0 29.0 8.0 25.0 31.0 0.0 0.0 10.0 17.0 78.0 0.0 0.0 9.0 86.0 0.0 0.0 0.0 0.0 0.0 0.0 0.0 11.0 0.0 0.0 7.0 78.0 8.0 9.0 9.0 22.0 18.0 11.0 9.0 2.0 0.0 0.0 7.0 5.0 0.0 26.0 18.0 8.0 0.0 0.0 8.0 68.0 0.0 0.0 0.0 0.0 
25_3_012_74
0.0 0.0 0.0 0.0 0.0 0.0 4.0 8.0 0.0 0.0 0.0 0.0 8.0 29.0 7.0 4.0 0.0 0.0 0.0 0.0 14.0 34.0 0.0 0.0 0.0 0.0 0.0 0.0 7.0 14.0 0.0 0.0 0.0 0.0 0.0 0.0 0.0 0.0 13.0 14.0 53.0 6.0 0.0 6.0 8.0 0.0 10.0 -8.0 80.0 -3.0 9.0 12.0 8.0 5.0 -2.0 -25.0 6.0 1.0 0.0 1.0 7.0 14.0 -4.0 17.0 0.0 0.0 0.0 0.0 0.0 3.0 10.0 33.0 5.0 0.0 8.0 2.0 24.0 31.0 -9.0 20.0 -10.0 15.0 25.0 2.0 7.0 31.0 26.0 8.0 8.0 1.0 0.0 5.0 3.0 2.0 1.0 13.0 29.0 0.0 0.0 0.0 0.0 0.0 -7.0 9.0 102.0 0.0 0.0 0.0 0.0 0.0 0.0 -42.0 91.0 0.0 0.0 0.0 2.0 6.0 0.0 -38.0 48.0 0.0 0.0 0.0 6.0 14.0 0.0 -19.0 
25_3_012_75
5.0 0.0 0.0 1.0 2.0 3.0 4.0 33.0 0.0 0.0 2.0 44.0 23.0 0.0 0.0 0.0 10.0 11.0 41.0 28.0 0.0 0.0 0.0 0.0 35.0 15.0 0.0 0.0 0.0 0.0 0.0 8.0 10.0 4.0 0.0 0.0 0.0 3.0 6.0 73.0 0.0 1.0 29.0 102.0 14.0 0.0 0.0 0.0 0.0 0.0 2.0 33.0 31.0 31.0 1.0 0.0 9.0 2.0 0.0 0.0 7.0 30.0 7.0 1.0 0.0 0.0 1.0 0.0 10.0 24.0 31.0 2.0 0.0 0.0 6.0 13.0 49.0 51.0 0.0 0.0 0.0 0.0 4.0 29.0 56.0 35.0 1.0 0.0 1.0 28.0 12.0 2.0 2.0 12.0 2.0 0.0 0.0 0.0 0.0 0.0 2.0 3.0 7.0 0.0 0.0 0.0 0.0 0.0 10.0 10.0 4.0 0.0 0.0 0.0 0.0 31.0 97.0 2.0 0.0 0.0 0.0 6.0 8.0 17.0 67.0 32.0 0.0 0.0 
25_3_012_76
0.0 0.0 0.0 0.0 1.0 1.0 0.0 0.0 0.0 0.0 3.0 59.0 0.0 0.0 0.0 0.0 0.0 0.0 0.0 24.0 9.0 1.0 1.0 8.0 8.0 6.0 4.0 4.0 0.0 0.0 0.0 1.0 0.0 0.0 0.0 0.0 0.0 0.0 0.0 0.0 0.0 0.0 15.0 88.0 0.0 0.0 0.0 0.0 1.0 1.0 7.0 2.0 5.0 6.0 1.0 6.0 0.0 0.0 1.0 10.0 7.0 5.0 0.0 0.0 0.0 0.0 0.0 0.0 0.0 1.0 0.0 0.0 0.0 0.0 21.0 102.0 0.0 0.0 0.0 0.0 5.0 2.0 4.0 1.0 0.0 0.0 0.0 18.0 0.0 3.0 30.0 9.0 0.0 0.0 0.0 0.0 0.0 0.0 0.0 1.0 0.0 0.0 0.0 0.0 0.0 0.0 2.0 68.0 25.0 0.0 0.0 0.0 1.0 3.0 11.0 4.0 6.0 5.0 1.0 3.0 1.0 3.0 14.0 11.0 0.0 0.0 0.0 0.0 
25_3_012_77
0.0 0.0 0.0 0.0 0.0 6.0 6.0 0.0 0.0 0.0 0.0 0.0 0.0 0.0 0.0 0.0 0.0 0.0 0.0 0.0 0.0 0.0 0.0 0.0 1.0 0.0 0.0 0.0 0.0 0.0 0.0 1.0 0.0 0.0 3.0 8.0 16.0 60.0 0.0 0.0 0.0 0.0 1.0 6.0 14.0 40.0 19.0 1.0 0.0 0.0 0.0 9.0 29.0 17.0 0.0 0.0 1.0 0.0 0.0 0.0 0.0 0.0 0.0 0.0 2.0 17.0 20.0 46.0 1.0 12.0 8.0 16.0 9.0 2.0 8.0 6.0 17.0 12.0 6.0 77.0 0.0 0.0 16.0 102.0 6.0 0.0 0.0 0.0 1.0 0.0 0.0 0.0 0.0 0.0 0.0 0.0 54.0 1.0 3.0 38.0 27.0 14.0 -9.0 -4.0 0.0 14.0 15.0 2.0 0.0 9.0 12.0 63.0 0.0 0.0 13.0 77.0 0.0 0.0 0.0 0.0 1.0 0.0 0.0 0.0 0.0 0.0 0.0 0.0 
25_3_012_78
0.0 0.0 0.0 0.0 0.0 0.0 0.0 0.0 0.0 0.0 0.0 0.0 0.0 0.0 11.0 79.0 0.0 8.0 15.0 50.0 11.0 15.0 14.0 0.0 28.0 12.0 0.0 0.0 17.0 24.0 3.0 38.0 0.0 0.0 0.0 0.0 1.0 0.0 0.0 0.0 6.0 0.0 0.0 0.0 0.0 0.0 14.0 102.0 17.0 12.0 10.0 68.0 8.0 5.0 8.0 6.0 1.0 7.0 21.0 5.0 2.0 19.0 20.0 51.0 0.0 0.0 0.0 0.0 0.0 1.0 0.0 0.0 27.0 18.0 0.0 0.0 0.0 0.0 0.0 11.0 13.0 37.0 18.0 1.0 0.0 0.0 1.0 6.0 17.0 59.0 0.0 0.0 0.0 0.0 0.0 7.0 0.0 0.0 0.0 0.0 1.0 0.0 0.0 0.0 0.0 0.0 0.0 0.0 0.0 0.0 0.0 0.0 0.0 0.0 0.0 0.0 0.0 0.0 0.0 0.0 0.0 5.0 6.0 0.0 0.0 0.0 0.0 0.0 
25_3_012_79
0.0 0.0 0.0 12.0 64.0 27.0 3.0 0.0 41.0 1.0 1.0 13.0 7.0 0.0 0.0 19.0 17.0 22.0 1.0 0.0 0.0 0.0 0.0 2.0 13.0 26.0 0.0 0.0 0.0 0.0 0.0 2.0 13.0 11.0 12.0 33.0 11.0 0.0 0.0 0.0 8.0 20.0 29.0 102.0 15.0 0.0 0.0 0.0 86.0 29.0 0.0 0.0 0.0 0.0 0.0 22.0 1.0 15.0 1.0 0.0 4.0 12.0 9.0 2.0 1.0 57.0 31.0 1.0 0.0 0.0 0.0 0.0 0.0 0.0 26.0 41.0 33.0 7.0 0.0 0.0 7.0 0.0 0.0 0.0 0.0 14.0 25.0 62.0 1.0 0.0 0.0 0.0 2.0 12.0 23.0 51.0 2.0 10.0 1.0 3.0 5.0 0.0 0.0 0.0 1.0 0.0 0.0 1.0 5.0 18.0 0.0 0.0 1.0 1.0 0.0 0.0 1.0 13.0 34.0 14.0 0.0 0.0 0.0 0.0 0.0 4.0 48.0 40.0 
25_3_012_80
0.0 0.0 0.0 0.0 0.0 0.0 1.0 1.0 0.0 0.0 0.0 0.0 0.0 19.0 41.0 0.0 0.0 0.0 0.0 2.0 1.0 49.0 102.0 6.0 6.0 2.0 0.0 13.0 11.0 16.0 15.0 5.0 0.0 0.0 0.0 0.0 0.0 34.0 82.0 0.0 0.0 0.0 0.0 0.0 3.0 32.0 59.0 33.0 11.0 0.0 7.0 20.0 14.0 0.0 -13.0 52.0 0.0 1.0 10.0 13.0 8.0 25.0 21.0 0.0 3.0 0.0 0.0 5.0 13.0 4.0 4.0 9.0 3.0 1.0 0.0 0.0 0.0 0.0 19.0 52.0 3.0 1.0 4.0 36.0 21.0 17.0 25.0 26.0 1.0 16.0 29.0 0.0 0.0 12.0 12.0 8.0 2.0 0.0 5.0 2.0 5.0 12.0 1.0 37.0 1.0 9.0 16.0 0.0 0.0 17.0 31.0 1.0 0.0 45.0 87.0 0.0 3.0 0.0 0.0 0.0 0.0 46.0 80.0 0.0 0.0 0.0 0.0 0.0 
25_3_012_81
4.0 0.0 0.0 0.0 0.0 3.0 26.0 44.0 -13.0 46.0 16.0 26.0 3.0 4.0 0.0 3.0 -5.0 91.0 7.0 0.0 0.0 0.0 0.0 -9.0 0.0 2.0 20.0 5.0 15.0 0.0 0.0 0.0 10.0 0.0 0.0 0.0 0.0 0.0 -16.0 71.0 -4.0 10.0 32.0 102.0 0.0 0.0 0.0 0.0 -13.0 62.0 5.0 5.0 1.0 0.0 0.0 -2.0 97.0 0.0 1.0 0.0 0.0 0.0 0.0 -39.0 0.0 1.0 0.0 0.0 0.0 0.0 0.0 37.0 -1.0 1.0 15.0 69.0 12.0 0.0 0.0 0.0 0.0 0.0 0.0 1.0 40.0 26.0 6.0 0.0 0.0 0.0 0.0 0.0 12.0 28.0 21.0 0.0 2.0 3.0 0.0 0.0 0.0 0.0 0.0 10.0 0.0 0.0 4.0 24.0 10.0 0.0 0.0 0.0 0.0 0.0 0.0 1.0 9.0 2.0 2.0 4.0 0.0 0.0 0.0 0.0 0.0 17.0 18.0 3.0 
25_3_012_82
0.0 0.0 0.0 0.0 0.0 0.0 0.0 0.0 0.0 -2.0 28.0 38.0 0.0 0.0 0.0 0.0 0.0 40.0 24.0 4.0 0.0 0.0 0.0 -4.0 0.0 12.0 11.0 14.0 0.0 0.0 0.0 -2.0 0.0 0.0 0.0 0.0 0.0 0.0 0.0 0.0 0.0 0.0 15.0 102.0 0.0 0.0 0.0 0.0 0.0 0.0 0.0 13.0 2.0 1.0 18.0 6.0 0.0 0.0 0.0 27.0 11.0 0.0 0.0 0.0 0.0 0.0 0.0 0.0 0.0 0.0 0.0 0.0 0.0 0.0 1.0 95.0 7.0 0.0 0.0 0.0 -1.0 7.0 2.0 5.0 8.0 0.0 2.0 3.0 3.0 1.0 3.0 13.0 6.0 0.0 0.0 -2.0 0.0 0.0 0.0 1.0 0.0 0.0 0.0 0.0 0.0 -1.0 23.0 56.0 0.0 0.0 0.0 0.0 -1.0 1.0 5.0 10.0 2.0 4.0 2.0 0.0 0.0 0.0 0.0 1.0 4.0 5.0 1.0 2.0 
25_3_012_83
1.0 0.0 0.0 8.0 13.0 4.0 0.0 0.0 0.0 0.0 0.0 2.0 5.0 7.0 3.0 3.0 2.0 2.0 3.0 18.0 6.0 0.0 0.0 0.0 3.0 11.0 5.0 1.0 1.0 0.0 0.0 1.0 0.0 1.0 0.0 27.0 64.0 0.0 0.0 0.0 19.0 2.0 3.0 2.0 2.0 0.0 -5.0 12.0 0.0 0.0 10.0 46.0 6.0 0.0 0.0 0.0 0.0 6.0 4.0 2.0 4.0 0.0 -3.0 16.0 0.0 0.0 0.0 19.0 35.0 0.0 0.0 0.0 3.0 0.0 0.0 17.0 60.0 6.0 -1.0 6.0 0.0 0.0 4.0 10.0 22.0 27.0 8.0 0.0 4.0 3.0 2.0 22.0 21.0 0.0 -1.0 3.0 0.0 0.0 0.0 1.0 2.0 0.0 0.0 0.0 0.0 0.0 0.0 0.0 36.0 25.0 0.0 0.0 0.0 0.0 0.0 0.0 12.0 41.0 20.0 0.0 0.0 0.0 0.0 0.0 102.0 18.0 0.0 0.0 
25_3_012_84
0.0 0.0 0.0 0.0 4.0 1.0 0.0 0.0 0.0 0.0 0.0 39.0 95.0 0.0 0.0 0.0 0.0 0.0 0.0 16.0 41.0 0.0 -2.0 5.0 6.0 1.0 0.0 0.0 0.0 0.0 -11.0 24.0 0.0 0.0 0.0 0.0 0.0 4.0 2.0 0.0 0.0 0.0 13.0 102.0 1.0 0.0 0.0 0.0 0.0 0.0 3.0 23.0 50.0 4.0 0.0 0.0 0.0 0.0 0.0 0.0 34.0 4.0 -3.0 10.0 0.0 0.0 0.0 0.0 0.0 1.0 0.0 2.0 0.0 0.0 0.0 54.0 52.0 0.0 0.0 0.0 0.0 0.0 8.0 22.0 31.0 5.0 0.0 0.0 0.0 2.0 11.0 11.0 16.0 3.0 0.0 10.0 0.0 0.0 0.0 0.0 0.0 3.0 2.0 0.0 0.0 0.0 0.0 5.0 16.0 4.0 1.0 0.0 0.0 0.0 3.0 42.0 85.0 0.0 0.0 0.0 3.0 2.0 3.0 14.0 12.0 0.0 -7.0 21.0 
25_3_012_85
0.0 0.0 0.0 0.0 0.0 0.0 0.0 0.0 0.0 0.0 3.0 75.0 1.0 0.0 0.0 0.0 8.0 0.0 5.0 11.0 0.0 0.0 0.0 18.0 0.0 0.0 2.0 7.0 3.0 3.0 0.0 0.0 0.0 0.0 0.0 0.0 0.0 2.0 0.0 0.0 0.0 0.0 22.0 102.0 1.0 0.0 0.0 0.0 2.0 0.0 6.0 17.0 0.0 0.0 1.0 25.0 1.0 4.0 30.0 6.0 0.0 0.0 0.0 0.0 0.0 0.0 1.0 0.0 0.0 0.0 0.0 0.0 0.0 0.0 2.0 84.0 25.0 0.0 0.0 0.0 2.0 6.0 4.0 3.0 13.0 1.0 2.0 6.0 0.0 0.0 25.0 16.0 4.0 0.0 0.0 0.0 0.0 0.0 0.0 0.0 1.0 0.0 0.0 0.0 0.0 0.0 0.0 7.0 25.0 2.0 0.0 0.0 0.0 0.0 0.0 6.0 31.0 59.0 0.0 0.0 1.0 2.0 12.0 54.0 19.0 0.0 0.0 0.0 
25_3_012_86
0.0 3.0 2.0 0.0 0.0 0.0 0.0 0.0 0.0 2.0 4.0 3.0 0.0 0.0 0.0 0.0 0.0 0.0 15.0 77.0 0.0 0.0 0.0 0.0 0.0 0.0 1.0 4.0 0.0 0.0 0.0 0.0 0.0 4.0 1.0 0.0 0.0 0.0 0.0 0.0 0.0 1.0 5.0 9.0 0.0 0.0 0.0 0.0 0.0 0.0 9.0 102.0 0.0 0.0 0.0 0.0 0.0 0.0 0.0 5.0 1.0 0.0 0.0 0.0 0.0 3.0 0.0 0.0 0.0 0.0 0.0 0.0 0.0 1.0 4.0 10.0 1.0 0.0 0.0 0.0 0.0 0.0 5.0 96.0 1.0 0.0 0.0 0.0 0.0 0.0 3.0 2.0 0.0 0.0 0.0 0.0 0.0 1.0 0.0 0.0 0.0 0.0 0.0 0.0 0.0 1.0 3.0 10.0 0.0 0.0 0.0 0.0 0.0 0.0 3.0 74.0 0.0 0.0 0.0 0.0 0.0 0.0 0.0 3.0 1.0 0.0 0.0 0.0 
25_3_012_87
0.0 0.0 0.0 3.0 5.0 0.0 0.0 1.0 0.0 0.0 0.0 13.0 68.0 2.0 0.0 0.0 0.0 0.0 8.0 28.0 4.0 0.0 0.0 0.0 0.0 0.0 0.0 1.0 0.0 0.0 1.0 1.0 0.0 0.0 0.0 0.0 0.0 0.0 -1.0 4.0 0.0 0.0 0.0 20.0 31.0 0.0 0.0 0.0 0.0 0.0 0.0 78.0 35.0 0.0 0.0 0.0 0.0 0.0 0.0 0.0 0.0 1.0 4.0 1.0 0.0 1.0 0.0 0.0 0.0 0.0 0.0 2.0 -1.0 3.0 11.0 16.0 0.0 0.0 0.0 0.0 0.0 0.0 18.0 102.0 0.0 0.0 0.0 2.0 0.0 0.0 0.0 0.0 0.0 0.0 0.0 2.0 0.0 2.0 1.0 0.0 0.0 0.0 0.0 0.0 0.0 0.0 8.0 27.0 0.0 0.0 0.0 0.0 1.0 0.0 10.0 67.0 0.0 0.0 -1.0 2.0 4.0 0.0 0.0 0.0 0.0 0.0 -1.0 2.0 
25_3_012_88
0.0 0.0 0.0 0.0 0.0 0.0 0.0 0.0 0.0 0.0 0.0 1.0 0.0 0.0 0.0 0.0 0.0 0.0 12.0 86.0 0.0 0.0 0.0 0.0 0.0 0.0 3.0 5.0 0.0 0.0 0.0 0.0 0.0 0.0 0.0 0.0 0.0 0.0 0.0 0.0 0.0 0.0 2.0 7.0 0.0 0.0 0.0 0.0 0.0 0.0 25.0 102.0 0.0 0.0 0.0 0.0 0.0 0.0 0.0 2.0 1.0 1.0 0.0 0.0 0.0 0.0 0.0 0.0 0.0 0.0 0.0 0.0 0.0 0.0 2.0 17.0 0.0 0.0 0.0 0.0 0.0 0.0 10.0 99.0 0.0 0.0 0.0 0.0 0.0 0.0 0.0 4.0 1.0 0.0 0.0 0.0 0.0 0.0 1.0 0.0 0.0 0.0 0.0 0.0 0.0 1.0 18.0 14.0 0.0 0.0 0.0 0.0 0.0 0.0 23.0 54.0 0.0 0.0 0.0 0.0 0.0 0.0 0.0 0.0 0.0 0.0 0.0 0.0 
25_3_012_89
0.0 0.0 0.0 0.0 2.0 2.0 0.0 0.0 0.0 0.0 0.0 1.0 1.0 1.0 0.0 0.0 0.0 0.0 24.0 49.0 0.0 0.0 0.0 0.0 0.0 0.0 2.0 4.0 3.0 4.0 0.0 0.0 0.0 0.0 0.0 1.0 1.0 0.0 0.0 0.0 0.0 0.0 0.0 7.0 4.0 2.0 1.0 0.0 0.0 5.0 28.0 70.0 0.0 0.0 0.0 0.0 1.0 15.0 14.0 3.0 0.0 0.0 0.0 0.0 0.0 0.0 0.0 0.0 2.0 1.0 0.0 0.0 0.0 0.0 1.0 15.0 3.0 0.0 0.0 0.0 0.0 1.0 8.0 102.0 3.0 0.0 0.0 0.0 0.0 2.0 8.0 4.0 0.0 0.0 10.0 17.0 0.0 0.0 0.0 1.0 1.0 0.0 0.0 0.0 0.0 0.0 0.0 10.0 2.0 0.0 0.0 0.0 0.0 0.0 1.0 91.0 12.0 0.0 0.0 0.0 6.0 1.0 9.0 18.0 0.0 0.0 -3.0 43.0 
25_3_012_90
7.0 0.0 0.0 0.0 0.0 1.0 15.0 1.0 -2.0 20.0 58.0 7.0 0.0 0.0 0.0 2.0 9.0 5.0 102.0 7.0 0.0 0.0 -5.0 12.0 51.0 6.0 0.0 0.0 0.0 0.0 -4.0 4.0 3.0 12.0 9.0 4.0 0.0 0.0 0.0 0.0 -2.0 7.0 66.0 25.0 6.0 12.0 5.0 0.0 0.0 2.0 2.0 32.0 36.0 14.0 0.0 1.0 17.0 8.0 2.0 12.0 0.0 0.0 -18.0 36.0 0.0 2.0 21.0 19.0 0.0 0.0 0.0 0.0 0.0 0.0 6.0 13.0 1.0 1.0 9.0 5.0 0.0 0.0 5.0 48.0 24.0 8.0 0.0 0.0 0.0 0.0 0.0 8.0 16.0 54.0 3.0 0.0 0.0 0.0 0.0 12.0 21.0 1.0 0.0 0.0 0.0 0.0 0.0 3.0 4.0 2.0 6.0 4.0 0.0 0.0 0.0 0.0 12.0 36.0 13.0 0.0 0.0 0.0 7.0 37.0 37.0 2.0 0.0 0.0 
25_3_012_91
0.0 0.0 0.0 0.0 1.0 1.0 0.0 0.0 0.0 0.0 15.0 32.0 0.0 0.0 0.0 0.0 0.0 0.0 5.0 16.0 4.0 4.0 0.0 0.0 0.0 0.0 0.0 23.0 5.0 0.0 0.0 0.0 0.0 0.0 0.0 0.0 1.0 1.0 1.0 0.0 0.0 0.0 15.0 76.0 2.0 0.0 0.0 0.0 0.0 15.0 25.0 0.0 0.0 0.0 0.0 0.0 2.0 7.0 4.0 11.0 4.0 1.0 0.0 5.0 0.0 0.0 0.0 1.0 1.0 0.0 0.0 0.0 0.0 0.0 3.0 102.0 4.0 0.0 0.0 0.0 5.0 1.0 11.0 20.0 1.0 0.0 0.0 2.0 2.0 0.0 0.0 15.0 7.0 1.0 16.0 19.0 0.0 0.0 0.0 0.0 0.0 0.0 0.0 0.0 0.0 0.0 0.0 71.0 13.0 0.0 0.0 0.0 4.0 0.0 5.0 45.0 3.0 0.0 1.0 3.0 6.0 0.0 0.0 12.0 1.0 0.0 -4.0 50.0 
25_3_012_92
0.0 0.0 0.0 6.0 6.0 4.0 0.0 0.0 0.0 0.0 0.0 24.0 23.0 3.0 0.0 0.0 6.0 9.0 12.0 22.0 1.0 0.0 0.0 -2.0 22.0 15.0 5.0 0.0 0.0 0.0 -14.0 24.0 0.0 0.0 0.0 0.0 7.0 37.0 19.0 0.0 0.0 0.0 13.0 102.0 18.0 0.0 0.0 0.0 0.0 1.0 4.0 12.0 24.0 5.0 -1.0 8.0 0.0 0.0 0.0 7.0 30.0 0.0 -9.0 24.0 0.0 0.0 14.0 17.0 0.0 0.0 8.0 5.0 0.0 0.0 11.0 84.0 31.0 0.0 0.0 0.0 8.0 0.0 15.0 18.0 10.0 3.0 -10.0 65.0 0.0 0.0 0.0 5.0 83.0 18.0 2.0 12.0 0.0 0.0 0.0 17.0 8.0 0.0 0.0 0.0 0.0 0.0 15.0 85.0 13.0 0.0 0.0 0.0 0.0 0.0 20.0 18.0 6.0 6.0 -10.0 66.0 0.0 0.0 0.0 14.0 23.0 2.0 -12.0 88.0 
25_3_012_93
0.0 0.0 0.0 0.0 0.0 0.0 0.0 3.0 0.0 1.0 1.0 0.0 0.0 0.0 0.0 1.0 0.0 0.0 24.0 64.0 0.0 0.0 0.0 0.0 0.0 -1.0 16.0 0.0 0.0 0.0 1.0 5.0 0.0 0.0 0.0 0.0 0.0 0.0 0.0 1.0 0.0 0.0 0.0 6.0 0.0 0.0 0.0 1.0 0.0 0.0 20.0 102.0 1.0 0.0 0.0 0.0 0.0 0.0 1.0 7.0 3.0 1.0 1.0 30.0 0.0 0.0 0.0 0.0 0.0 0.0 1.0 0.0 0.0 0.0 1.0 8.0 1.0 0.0 0.0 2.0 0.0 0.0 3.0 92.0 14.0 0.0 0.0 0.0 0.0 0.0 0.0 1.0 12.0 3.0 -2.0 16.0 1.0 0.0 0.0 0.0 0.0 0.0 0.0 0.0 1.0 0.0 0.0 3.0 0.0 0.0 0.0 0.0 0.0 0.0 2.0 66.0 6.0 0.0 0.0 0.0 0.0 0.0 0.0 2.0 5.0 2.0 0.0 0.0 
25_3_012_94
2.0 0.0 0.0 0.0 0.0 0.0 0.0 6.0 0.0 0.0 0.0 62.0 9.0 0.0 0.0 0.0 0.0 0.0 0.0 13.0 2.0 1.0 0.0 0.0 0.0 0.0 0.0 0.0 0.0 0.0 1.0 0.0 9.0 0.0 1.0 1.0 0.0 0.0 0.0 3.0 0.0 0.0 15.0 71.0 0.0 0.0 0.0 0.0 0.0 0.0 1.0 10.0 0.0 1.0 0.0 0.0 0.0 0.0 0.0 0.0 3.0 1.0 0.0 0.0 3.0 0.0 0.0 7.0 2.0 0.0 0.0 0.0 0.0 2.0 25.0 50.0 1.0 0.0 0.0 0.0 0.0 0.0 0.0 0.0 2.0 17.0 6.0 0.0 0.0 0.0 0.0 0.0 2.0 22.0 0.0 0.0 0.0 0.0 0.0 5.0 7.0 0.0 0.0 0.0 0.0 0.0 1.0 18.0 8.0 7.0 37.0 2.0 0.0 0.0 0.0 0.0 0.0 84.0 64.0 0.0 0.0 0.0 0.0 0.0 0.0 102.0 3.0 0.0 
25_3_012_95
0.0 0.0 0.0 0.0 1.0 0.0 0.0 0.0 0.0 0.0 14.0 35.0 0.0 0.0 0.0 0.0 0.0 0.0 18.0 34.0 0.0 0.0 0.0 0.0 0.0 0.0 0.0 0.0 0.0 0.0 0.0 0.0 0.0 0.0 0.0 1.0 2.0 0.0 0.0 0.0 0.0 0.0 19.0 81.0 0.0 0.0 0.0 0.0 0.0 0.0 7.0 23.0 0.0 0.0 0.0 0.0 0.0 0.0 0.0 0.0 0.0 0.0 0.0 0.0 0.0 0.0 0.0 2.0 1.0 0.0 0.0 0.0 0.0 0.0 10.0 102.0 0.0 0.0 0.0 0.0 0.0 0.0 1.0 15.0 0.0 0.0 0.0 0.0 0.0 0.0 0.0 0.0 0.0 0.0 0.0 0.0 0.0 0.0 0.0 1.0 1.0 0.0 0.0 0.0 0.0 0.0 0.0 91.0 3.0 0.0 0.0 0.0 0.0 0.0 0.0 8.0 0.0 0.0 0.0 0.0 0.0 0.0 0.0 0.0 0.0 0.0 0.0 0.0 
25_3_012_96
0.0 0.0 0.0 2.0 0.0 4.0 8.0 9.0 3.0 0.0 0.0 11.0 24.0 15.0 1.0 0.0 23.0 3.0 4.0 0.0 0.0 0.0 4.0 33.0 0.0 0.0 0.0 0.0 0.0 0.0 14.0 82.0 0.0 0.0 1.0 4.0 0.0 0.0 5.0 50.0 0.0 0.0 11.0 101.0 13.0 1.0 7.0 14.0 1.0 0.0 6.0 3.0 0.0 0.0 11.0 93.0 0.0 0.0 0.0 0.0 0.0 0.0 5.0 102.0 0.0 0.0 2.0 1.0 0.0 0.0 6.0 59.0 3.0 0.0 21.0 80.0 8.0 2.0 0.0 14.0 0.0 0.0 0.0 0.0 0.0 3.0 40.0 72.0 0.0 0.0 0.0 0.0 0.0 0.0 11.0 83.0 7.0 0.0 0.0 0.0 1.0 0.0 1.0 25.0 0.0 2.0 17.0 4.0 4.0 10.0 11.0 3.0 0.0 0.0 0.0 0.0 0.0 5.0 29.0 53.0 1.0 0.0 0.0 0.0 0.0 0.0 13.0 36.0 
25_3_012_97
0.0 0.0 6.0 21.0 0.0 0.0 0.0 0.0 0.0 0.0 5.0 31.0 2.0 0.0 3.0 3.0 1.0 5.0 14.0 0.0 0.0 0.0 0.0 3.0 0.0 8.0 16.0 0.0 0.0 0.0 0.0 0.0 0.0 0.0 0.0 10.0 11.0 0.0 0.0 0.0 0.0 0.0 0.0 8.0 49.0 31.0 0.0 0.0 0.0 4.0 13.0 20.0 18.0 2.0 0.0 0.0 1.0 1.0 6.0 10.0 0.0 0.0 3.0 1.0 0.0 0.0 0.0 1.0 1.0 1.0 0.0 0.0 0.0 0.0 0.0 24.0 6.0 1.0 0.0 0.0 1.0 3.0 15.0 102.0 1.0 0.0 0.0 0.0 3.0 1.0 0.0 0.0 0.0 0.0 4.0 15.0 0.0 0.0 0.0 0.0 0.0 0.0 0.0 0.0 0.0 0.0 0.0 13.0 4.0 0.0 0.0 0.0 0.0 0.0 0.0 86.0 18.0 0.0 0.0 0.0 0.0 0.0 0.0 0.0 0.0 0.0 4.0 24.0 
25_3_012_98
0.0 0.0 0.0 0.0 0.0 0.0 0.0 1.0 0.0 0.0 9.0 2.0 0.0 0.0 0.0 1.0 0.0 0.0 78.0 22.0 0.0 0.0 0.0 0.0 0.0 0.0 12.0 16.0 2.0 0.0 1.0 0.0 0.0 0.0 0.0 0.0 0.0 0.0 3.0 1.0 0.0 0.0 42.0 58.0 0.0 0.0 1.0 0.0 0.0 2.0 34.0 5.0 0.0 0.0 0.0 1.0 0.0 0.0 5.0 9.0 7.0 0.0 2.0 0.0 0.0 0.0 0.0 0.0 0.0 0.0 0.0 1.0 0.0 0.0 4.0 102.0 4.0 0.0 0.0 0.0 0.0 3.0 22.0 6.0 4.0 0.0 0.0 0.0 0.0 6.0 29.0 0.0 0.0 0.0 0.0 0.0 1.0 2.0 0.0 0.0 0.0 0.0 0.0 0.0 0.0 0.0 51.0 69.0 0.0 0.0 0.0 0.0 0.0 4.0 26.0 4.0 0.0 0.0 0.0 0.0 0.0 0.0 1.0 0.0 0.0 0.0 1.0 0.0 
25_3_012_99
0.0 1.0 37.0 43.0 3.0 0.0 0.0 0.0 26.0 8.0 0.0 0.0 0.0 5.0 18.0 22.0 34.0 0.0 0.0 3.0 15.0 0.0 0.0 14.0 0.0 0.0 0.0 15.0 75.0 0.0 0.0 0.0 15.0 0.0 0.0 6.0 25.0 33.0 9.0 5.0 0.0 1.0 31.0 43.0 3.0 25.0 30.0 0.0 46.0 8.0 2.0 0.0 2.0 1.0 1.0 16.0 27.0 0.0 0.0 7.0 37.0 0.0 0.0 10.0 102.0 0.0 0.0 0.0 0.0 0.0 0.0 25.0 7.0 1.0 5.0 83.0 27.0 0.0 0.0 0.0 50.0 5.0 0.0 7.0 7.0 4.0 3.0 15.0 40.0 3.0 1.0 0.0 1.0 0.0 0.0 9.0 26.0 0.0 0.0 0.0 0.0 0.0 0.0 6.0 70.0 0.0 0.0 1.0 16.0 6.0 0.0 18.0 4.0 2.0 9.0 6.0 24.0 55.0 2.0 0.0 5.0 4.0 1.0 16.0 7.0 9.0 8.0 6.0 
25_3_012_100
0.0 0.0 0.0 13.0 43.0 0.0 0.0 0.0 0.0 2.0 1.0 9.0 22.0 0.0 0.0 0.0 9.0 4.0 0.0 0.0 0.0 0.0 0.0 0.0 0.0 7.0 2.0 0.0 0.0 0.0 0.0 0.0 0.0 0.0 0.0 3.0 7.0 1.0 0.0 0.0 0.0 0.0 7.0 94.0 34.0 0.0 0.0 0.0 17.0 15.0 1.0 0.0 0.0 0.0 0.0 0.0 9.0 2.0 0.0 0.0 0.0 0.0 0.0 0.0 0.0 3.0 27.0 0.0 0.0 0.0 0.0 0.0 0.0 1.0 102.0 70.0 0.0 0.0 0.0 0.0 36.0 2.0 5.0 2.0 0.0 0.0 0.0 23.0 3.0 0.0 0.0 0.0 2.0 6.0 2.0 3.0 0.0 13.0 96.0 0.0 0.0 0.0 0.0 0.0 0.0 5.0 49.0 0.0 0.0 0.0 0.0 0.0 17.0 0.0 2.0 1.0 0.0 0.0 0.0 7.0 36.0 0.0 0.0 0.0 0.0 0.0 0.0 13.0 
25_3_012_101
0.0 0.0 10.0 7.0 7.0 4.0 1.0 0.0 2.0 0.0 0.0 0.0 1.0 5.0 -22.0 58.0 5.0 0.0 1.0 31.0 15.0 0.0 0.0 -1.0 0.0 0.0 0.0 0.0 0.0 6.0 25.0 35.0 0.0 0.0 0.0 1.0 17.0 20.0 0.0 0.0 0.0 0.0 4.0 21.0 8.0 16.0 2.0 0.0 5.0 2.0 3.0 11.0 3.0 0.0 -1.0 2.0 10.0 0.0 0.0 0.0 1.0 0.0 -28.0 102.0 0.0 0.0 0.0 8.0 24.0 3.0 0.0 0.0 0.0 0.0 2.0 19.0 13.0 3.0 0.0 0.0 0.0 0.0 0.0 0.0 11.0 16.0 4.0 0.0 2.0 0.0 0.0 0.0 3.0 6.0 30.0 10.0 -1.0 6.0 13.0 11.0 2.0 0.0 0.0 0.0 0.0 0.0 0.0 6.0 3.0 5.0 0.0 0.0 0.0 0.0 0.0 0.0 5.0 6.0 1.0 0.0 1.0 1.0 0.0 1.0 1.0 2.0 3.0 3.0 
25_3_012_102
0.0 0.0 5.0 57.0 9.0 0.0 1.0 0.0 0.0 0.0 0.0 0.0 6.0 33.0 78.0 5.0 1.0 0.0 0.0 15.0 33.0 16.0 3.0 10.0 6.0 1.0 2.0 3.0 3.0 1.0 1.0 14.0 1.0 0.0 4.0 52.0 5.0 1.0 9.0 3.0 5.0 0.0 0.0 0.0 0.0 8.0 16.0 74.0 2.0 0.0 5.0 102.0 6.0 0.0 0.0 4.0 6.0 1.0 7.0 5.0 0.0 0.0 0.0 11.0 15.0 8.0 23.0 39.0 0.0 0.0 0.0 4.0 43.0 23.0 0.0 0.0 0.0 0.0 0.0 38.0 0.0 0.0 32.0 55.0 1.0 0.0 3.0 1.0 2.0 0.0 2.0 12.0 0.0 0.0 2.0 3.0 0.0 2.0 21.0 67.0 0.0 0.0 0.0 0.0 69.0 30.0 4.0 0.0 0.0 0.0 0.0 18.0 10.0 6.0 15.0 0.0 0.0 0.0 0.0 10.0 0.0 1.0 5.0 3.0 0.0 0.0 0.0 0.0 
25_3_012_103
0.0 0.0 24.0 53.0 0.0 2.0 1.0 0.0 0.0 2.0 28.0 38.0 13.0 30.0 27.0 0.0 2.0 0.0 0.0 0.0 2.0 25.0 34.0 53.0 0.0 0.0 0.0 0.0 8.0 4.0 6.0 8.0 2.0 0.0 18.0 59.0 6.0 0.0 0.0 0.0 2.0 0.0 0.0 0.0 7.0 32.0 77.0 18.0 1.0 0.0 0.0 44.0 37.0 18.0 1.0 9.0 6.0 0.0 3.0 1.0 2.0 0.0 2.0 25.0 4.0 0.0 12.0 41.0 3.0 2.0 11.0 9.0 3.0 2.0 2.0 0.0 0.0 10.0 23.0 59.0 1.0 0.0 21.0 102.0 0.0 0.0 1.0 5.0 6.0 1.0 9.0 5.0 0.0 0.0 0.0 11.0 15.0 17.0 22.0 20.0 0.0 0.0 0.0 1.0 38.0 12.0 14.0 1.0 0.0 0.0 0.0 39.0 1.0 1.0 21.0 27.0 1.0 0.0 4.0 2.0 1.0 0.0 3.0 14.0 0.0 0.0 0.0 1.0 
25_3_012_104
0.0 0.0 1.0 2.0 2.0 0.0 1.0 13.0 0.0 0.0 2.0 1.0 1.0 1.0 23.0 35.0 0.0 0.0 0.0 33.0 37.0 21.0 7.0 0.0 0.0 0.0 0.0 1.0 14.0 12.0 20.0 25.0 0.0 0.0 0.0 10.0 5.0 1.0 7.0 7.0 0.0 0.0 1.0 5.0 1.0 0.0 13.0 102.0 0.0 7.0 16.0 66.0 9.0 1.0 1.0 0.0 4.0 1.0 9.0 6.0 4.0 0.0 7.0 50.0 0.0 1.0 0.0 23.0 7.0 1.0 2.0 6.0 31.0 10.0 0.0 9.0 1.0 0.0 -18.0 70.0 11.0 30.0 80.0 21.0 0.0 0.0 0.0 -3.0 4.0 0.0 1.0 0.0 2.0 0.0 7.0 71.0 16.0 1.0 5.0 4.0 0.0 0.0 0.0 -3.0 11.0 16.0 26.0 60.0 1.0 0.0 0.0 -4.0 13.0 20.0 39.0 1.0 2.0 1.0 12.0 50.0 0.0 0.0 1.0 0.0 0.0 0.0 21.0 64.0 
25_3_012_105
34.0 0.0 0.0 4.0 17.0 2.0 0.0 28.0 9.0 0.0 0.0 36.0 82.0 9.0 5.0 16.0 57.0 0.0 0.0 0.0 0.0 0.0 2.0 75.0 55.0 0.0 0.0 0.0 0.0 0.0 0.0 42.0 60.0 0.0 0.0 1.0 0.0 0.0 0.0 31.0 20.0 0.0 16.0 68.0 26.0 0.0 0.0 2.0 12.0 0.0 0.0 0.0 0.0 0.0 18.0 37.0 56.0 0.0 0.0 0.0 0.0 0.0 3.0 102.0 16.0 0.0 0.0 3.0 18.0 0.0 0.0 10.0 43.0 5.0 1.0 15.0 7.0 1.0 2.0 11.0 0.0 1.0 0.0 0.0 0.0 8.0 55.0 12.0 20.0 1.0 0.0 0.0 0.0 2.0 6.0 82.0 0.0 0.0 0.0 17.0 7.0 0.0 0.0 0.0 40.0 0.0 0.0 3.0 0.0 0.0 0.0 19.0 24.0 3.0 4.0 0.0 0.0 0.0 0.0 10.0 9.0 2.0 2.0 0.0 0.0 0.0 12.0 60.0 
25_3_012_106
0.0 0.0 0.0 0.0 29.0 27.0 -2.0 5.0 25.0 2.0 0.0 0.0 1.0 5.0 -13.0 36.0 60.0 62.0 1.0 0.0 0.0 0.0 -3.0 6.0 43.0 102.0 1.0 0.0 0.0 0.0 0.0 0.0 18.0 13.0 2.0 3.0 14.0 0.0 0.0 0.0 0.0 4.0 18.0 40.0 12.0 0.0 0.0 0.0 20.0 20.0 0.0 0.0 0.0 0.0 -4.0 23.0 1.0 6.0 5.0 4.0 18.0 4.0 0.0 0.0 18.0 16.0 0.0 0.0 0.0 0.0 0.0 1.0 0.0 17.0 10.0 15.0 7.0 1.0 0.0 0.0 3.0 14.0 0.0 0.0 0.0 5.0 10.0 20.0 13.0 9.0 0.0 0.0 1.0 1.0 0.0 1.0 0.0 0.0 0.0 0.0 5.0 8.0 0.0 0.0 0.0 1.0 1.0 4.0 17.0 2.0 0.0 0.0 0.0 19.0 9.0 6.0 13.0 1.0 0.0 0.0 9.0 42.0 3.0 2.0 1.0 0.0 0.0 0.0 
25_3_012_107
0.0 0.0 0.0 0.0 0.0 0.0 0.0 1.0 0.0 0.0 0.0 13.0 13.0 0.0 0.0 0.0 0.0 0.0 0.0 66.0 27.0 0.0 0.0 0.0 0.0 0.0 0.0 0.0 0.0 0.0 2.0 2.0 0.0 2.0 0.0 0.0 0.0 0.0 0.0 1.0 -1.0 1.0 9.0 10.0 0.0 0.0 0.0 0.0 0.0 0.0 16.0 102.0 0.0 0.0 0.0 0.0 0.0 0.0 0.0 0.0 0.0 0.0 0.0 3.0 0.0 1.0 2.0 0.0 0.0 0.0 0.0 0.0 0.0 -1.0 9.0 20.0 0.0 0.0 0.0 0.0 0.0 0.0 10.0 102.0 0.0 0.0 0.0 0.0 5.0 0.0 0.0 0.0 0.0 0.0 -3.0 5.0 0.0 3.0 1.0 0.0 0.0 0.0 0.0 0.0 0.0 1.0 1.0 18.0 0.0 0.0 0.0 0.0 0.0 0.0 3.0 84.0 2.0 0.0 0.0 0.0 5.0 0.0 0.0 0.0 0.0 0.0 0.0 0.0 
