25_3_035_0
0.0 0.0 0.0 0.0 0.0 0.0 2.0 2.0 -3.0 4.0 30.0 4.0 0.0 0.0 0.0 0.0 1.0 0.0 1.0 1.0 0.0 1.0 5.0 12.0 0.0 0.0 0.0 1.0 2.0 4.0 4.0 0.0 2.0 1.0 2.0 5.0 0.0 0.0 0.0 1.0 0.0 0.0 3.0 21.0 1.0 3.0 2.0 0.0 0.0 0.0 0.0 0.0 5.0 5.0 -6.0 24.0 7.0 16.0 2.0 0.0 0.0 0.0 0.0 -2.0 102.0 5.0 0.0 0.0 0.0 0.0 -2.0 -41.0 6.0 4.0 3.0 2.0 0.0 0.0 -8.0 25.0 2.0 1.0 0.0 1.0 0.0 0.0 2.0 2.0 0.0 0.0 0.0 0.0 4.0 7.0 1.0 1.0 0.0 0.0 0.0 0.0 0.0 0.0 -1.0 8.0 1.0 0.0 0.0 0.0 0.0 0.0 -15.0 49.0 0.0 16.0 0.0 0.0 0.0 0.0 0.0 0.0 10.0 6.0 0.0 0.0 0.0 0.0 -7.0 27.0 
25_3_035_1
0.0 0.0 0.0 0.0 0.0 0.0 -28.0 102.0 6.0 3.0 2.0 0.0 0.0 0.0 -16.0 77.0 7.0 36.0 5.0 0.0 0.0 3.0 1.0 -2.0 31.0 1.0 0.0 0.0 1.0 4.0 0.0 -11.0 0.0 0.0 0.0 0.0 0.0 7.0 55.0 16.0 0.0 17.0 7.0 0.0 0.0 4.0 -4.0 69.0 14.0 14.0 11.0 10.0 8.0 2.0 0.0 -5.0 60.0 7.0 0.0 0.0 5.0 7.0 4.0 -17.0 0.0 0.0 0.0 0.0 0.0 5.0 30.0 18.0 1.0 2.0 0.0 0.0 1.0 5.0 5.0 10.0 0.0 0.0 5.0 10.0 2.0 10.0 15.0 6.0 0.0 0.0 0.0 1.0 9.0 11.0 24.0 3.0 32.0 1.0 0.0 0.0 0.0 0.0 -27.0 64.0 0.0 0.0 0.0 0.0 1.0 6.0 10.0 12.0 6.0 1.0 3.0 16.0 4.0 0.0 -9.0 23.0 12.0 6.0 8.0 0.0 0.0 0.0 -10.0 22.0 
25_3_035_2
0.0 11.0 43.0 3.0 16.0 11.0 5.0 0.0 42.0 6.0 0.0 0.0 5.0 8.0 7.0 11.0 0.0 4.0 12.0 11.0 8.0 0.0 0.0 0.0 0.0 0.0 21.0 41.0 2.0 0.0 0.0 0.0 6.0 2.0 0.0 0.0 5.0 16.0 30.0 27.0 0.0 1.0 35.0 70.0 26.0 27.0 0.0 0.0 30.0 16.0 13.0 2.0 4.0 0.0 4.0 11.0 0.0 0.0 11.0 44.0 41.0 28.0 21.0 2.0 16.0 42.0 9.0 8.0 16.0 0.0 0.0 0.0 0.0 40.0 46.0 40.0 2.0 1.0 1.0 0.0 18.0 6.0 0.0 1.0 5.0 33.0 72.0 9.0 0.0 0.0 0.0 2.0 3.0 6.0 102.0 16.0 0.0 1.0 1.0 8.0 82.0 21.0 0.0 0.0 0.0 0.0 1.0 0.0 1.0 95.0 73.0 0.0 0.0 3.0 5.0 0.0 0.0 56.0 44.0 0.0 0.0 2.0 20.0 0.0 0.0 0.0 1.0 0.0 
25_3_035_3
2.0 1.0 0.0 0.0 0.0 1.0 5.0 8.0 0.0 3.0 6.0 4.0 0.0 2.0 0.0 0.0 2.0 8.0 8.0 1.0 0.0 0.0 0.0 0.0 0.0 3.0 14.0 22.0 3.0 0.0 0.0 0.0 1.0 2.0 0.0 0.0 1.0 31.0 4.0 0.0 0.0 6.0 14.0 23.0 13.0 10.0 0.0 0.0 0.0 30.0 33.0 0.0 0.0 0.0 0.0 0.0 0.0 6.0 17.0 0.0 0.0 0.0 0.0 0.0 0.0 2.0 1.0 0.0 1.0 5.0 0.0 0.0 0.0 0.0 7.0 102.0 3.0 0.0 0.0 0.0 0.0 1.0 2.0 7.0 0.0 0.0 1.0 0.0 0.0 0.0 0.0 0.0 0.0 0.0 1.0 1.0 0.0 5.0 1.0 0.0 0.0 0.0 0.0 0.0 0.0 0.0 3.0 68.0 6.0 0.0 0.0 0.0 0.0 0.0 0.0 6.0 3.0 0.0 0.0 0.0 0.0 0.0 0.0 0.0 0.0 0.0 0.0 0.0 
25_3_035_4
6.0 0.0 0.0 0.0 0.0 0.0 0.0 1.0 1.0 0.0 25.0 69.0 0.0 0.0 0.0 0.0 0.0 0.0 9.0 27.0 0.0 0.0 0.0 0.0 0.0 0.0 0.0 0.0 0.0 0.0 0.0 0.0 8.0 9.0 0.0 0.0 0.0 0.0 0.0 0.0 0.0 3.0 22.0 102.0 0.0 0.0 0.0 0.0 0.0 0.0 0.0 17.0 4.0 2.0 0.0 0.0 0.0 0.0 0.0 0.0 0.0 0.0 0.0 1.0 8.0 15.0 0.0 0.0 0.0 0.0 1.0 3.0 0.0 8.0 15.0 23.0 15.0 3.0 0.0 0.0 0.0 0.0 0.0 1.0 40.0 38.0 0.0 0.0 0.0 0.0 0.0 1.0 25.0 0.0 0.0 0.0 4.0 2.0 1.0 0.0 0.0 1.0 1.0 4.0 0.0 1.0 4.0 3.0 2.0 1.0 0.0 0.0 0.0 2.0 5.0 8.0 5.0 0.0 0.0 1.0 0.0 0.0 10.0 18.0 15.0 0.0 0.0 0.0 
25_3_035_5
1.0 0.0 0.0 0.0 2.0 6.0 -1.0 9.0 0.0 8.0 8.0 3.0 5.0 10.0 0.0 0.0 0.0 0.0 3.0 6.0 1.0 20.0 43.0 2.0 0.0 0.0 0.0 0.0 21.0 16.0 4.0 0.0 1.0 0.0 0.0 0.0 0.0 5.0 12.0 6.0 2.0 7.0 9.0 25.0 2.0 1.0 0.0 0.0 3.0 0.0 0.0 0.0 0.0 3.0 -21.0 102.0 1.0 2.0 8.0 11.0 7.0 2.0 0.0 0.0 0.0 0.0 0.0 2.0 53.0 10.0 0.0 0.0 0.0 0.0 6.0 20.0 28.0 9.0 0.0 0.0 9.0 14.0 1.0 0.0 0.0 1.0 -1.0 40.0 1.0 31.0 14.0 0.0 0.0 0.0 6.0 1.0 0.0 0.0 0.0 6.0 10.0 1.0 0.0 0.0 0.0 0.0 0.0 1.0 26.0 29.0 0.0 0.0 0.0 0.0 0.0 0.0 14.0 58.0 0.0 0.0 0.0 0.0 0.0 0.0 0.0 38.0 19.0 0.0 
25_3_035_6
0.0 58.0 67.0 5.0 8.0 15.0 0.0 0.0 88.0 86.0 0.0 0.0 5.0 16.0 0.0 2.0 87.0 48.0 0.0 0.0 0.0 0.0 1.0 1.0 7.0 0.0 0.0 0.0 0.0 0.0 6.0 14.0 0.0 0.0 0.0 0.0 3.0 55.0 32.0 6.0 0.0 0.0 30.0 75.0 56.0 28.0 0.0 0.0 75.0 19.0 13.0 0.0 0.0 0.0 20.0 44.0 99.0 0.0 0.0 0.0 0.0 0.0 0.0 57.0 30.0 41.0 8.0 0.0 0.0 0.0 0.0 19.0 0.0 51.0 25.0 102.0 36.0 2.0 0.0 0.0 4.0 0.0 0.0 0.0 0.0 16.0 66.0 33.0 61.0 18.0 19.0 4.0 3.0 0.0 0.0 21.0 7.0 46.0 48.0 2.0 0.0 1.0 7.0 0.0 18.0 29.0 0.0 0.0 1.0 16.0 33.0 18.0 22.0 18.0 0.0 0.0 3.0 6.0 0.0 2.0 0.0 6.0 21.0 13.0 7.0 4.0 1.0 0.0 
25_3_035_7
0.0 0.0 0.0 0.0 0.0 0.0 2.0 2.0 0.0 0.0 9.0 7.0 0.0 0.0 0.0 1.0 -10.0 22.0 12.0 3.0 0.0 0.0 0.0 1.0 1.0 0.0 0.0 0.0 0.0 0.0 0.0 13.0 0.0 0.0 0.0 0.0 0.0 0.0 -1.0 7.0 0.0 0.0 7.0 28.0 0.0 0.0 0.0 0.0 0.0 0.0 0.0 5.0 3.0 5.0 3.0 1.0 1.0 0.0 0.0 0.0 5.0 3.0 -4.0 18.0 102.0 0.0 0.0 0.0 0.0 0.0 0.0 -45.0 39.0 19.0 5.0 10.0 0.0 0.0 0.0 -19.0 0.0 2.0 0.0 0.0 0.0 0.0 -1.0 15.0 0.0 0.0 0.0 4.0 0.0 0.0 2.0 2.0 8.0 1.0 0.0 0.0 0.0 0.0 0.0 -3.0 7.0 0.0 0.0 0.0 0.0 0.0 -9.0 37.0 3.0 0.0 0.0 0.0 0.0 0.0 -1.0 11.0 0.0 2.0 0.0 0.0 0.0 0.0 0.0 2.0 
25_3_035_8
0.0 1.0 11.0 2.0 15.0 21.0 0.0 0.0 0.0 0.0 8.0 6.0 19.0 58.0 0.0 0.0 0.0 0.0 14.0 49.0 45.0 26.0 1.0 0.0 0.0 0.0 0.0 3.0 6.0 14.0 4.0 2.0 0.0 4.0 19.0 1.0 0.0 0.0 0.0 0.0 0.0 2.0 22.0 18.0 0.0 0.0 0.0 0.0 2.0 4.0 35.0 88.0 0.0 0.0 0.0 0.0 5.0 39.0 28.0 0.0 0.0 0.0 0.0 0.0 0.0 5.0 18.0 1.0 0.0 0.0 0.0 0.0 0.0 4.0 13.0 11.0 0.0 0.0 0.0 0.0 0.0 0.0 6.0 102.0 47.0 0.0 0.0 0.0 0.0 0.0 2.0 2.0 6.0 17.0 45.0 12.0 0.0 12.0 3.0 0.0 0.0 0.0 0.0 0.0 1.0 10.0 1.0 0.0 0.0 0.0 0.0 0.0 0.0 0.0 0.0 51.0 44.0 0.0 0.0 0.0 32.0 0.0 2.0 10.0 12.0 0.0 0.0 11.0 
25_3_035_9
0.0 0.0 0.0 0.0 0.0 0.0 2.0 7.0 0.0 0.0 5.0 82.0 12.0 0.0 0.0 0.0 2.0 0.0 0.0 0.0 1.0 1.0 9.0 29.0 9.0 0.0 0.0 0.0 0.0 0.0 6.0 16.0 1.0 0.0 0.0 0.0 0.0 0.0 0.0 12.0 0.0 0.0 11.0 102.0 4.0 0.0 0.0 0.0 9.0 10.0 5.0 7.0 2.0 0.0 0.0 2.0 29.0 27.0 0.0 0.0 0.0 1.0 3.0 2.0 6.0 0.0 0.0 0.0 0.0 0.0 0.0 9.0 0.0 0.0 0.0 64.0 35.0 0.0 0.0 0.0 0.0 0.0 0.0 6.0 21.0 8.0 10.0 3.0 0.0 0.0 0.0 0.0 5.0 21.0 13.0 5.0 6.0 0.0 0.0 0.0 0.0 0.0 0.0 5.0 3.0 0.0 0.0 11.0 11.0 0.0 0.0 0.0 1.0 0.0 0.0 19.0 52.0 0.0 0.0 0.0 16.0 8.0 0.0 1.0 0.0 0.0 0.0 3.0 
25_3_035_10
5.0 0.0 0.0 0.0 0.0 0.0 0.0 0.0 0.0 0.0 19.0 69.0 0.0 0.0 0.0 0.0 0.0 0.0 6.0 23.0 0.0 0.0 0.0 0.0 0.0 0.0 0.0 0.0 0.0 0.0 0.0 0.0 6.0 5.0 0.0 0.0 0.0 0.0 0.0 0.0 0.0 1.0 17.0 102.0 0.0 0.0 0.0 0.0 0.0 0.0 0.0 18.0 3.0 1.0 0.0 0.0 0.0 0.0 0.0 0.0 0.0 0.0 0.0 1.0 9.0 19.0 0.0 0.0 0.0 2.0 0.0 0.0 0.0 9.0 18.0 27.0 17.0 2.0 0.0 0.0 0.0 0.0 0.0 0.0 22.0 48.0 0.0 0.0 0.0 0.0 0.0 0.0 29.0 3.0 0.0 0.0 2.0 1.0 1.0 0.0 0.0 0.0 0.0 1.0 0.0 1.0 3.0 7.0 2.0 3.0 0.0 0.0 1.0 0.0 0.0 2.0 5.0 3.0 1.0 2.0 0.0 0.0 0.0 12.0 22.0 2.0 0.0 0.0 
25_3_035_11
0.0 2.0 13.0 0.0 0.0 0.0 0.0 0.0 0.0 0.0 14.0 5.0 0.0 0.0 0.0 0.0 0.0 0.0 32.0 67.0 1.0 0.0 0.0 0.0 0.0 0.0 2.0 3.0 3.0 2.0 5.0 9.0 0.0 4.0 11.0 0.0 0.0 0.0 0.0 0.0 0.0 2.0 15.0 17.0 0.0 0.0 0.0 0.0 0.0 3.0 26.0 94.0 0.0 0.0 0.0 0.0 7.0 32.0 30.0 0.0 0.0 0.0 0.0 1.0 0.0 5.0 9.0 0.0 0.0 0.0 0.0 0.0 0.0 2.0 10.0 11.0 0.0 0.0 0.0 0.0 0.0 0.0 14.0 102.0 38.0 0.0 0.0 0.0 0.0 1.0 11.0 3.0 9.0 28.0 16.0 2.0 0.0 8.0 1.0 0.0 0.0 0.0 0.0 0.0 0.0 6.0 0.0 0.0 0.0 0.0 0.0 0.0 0.0 0.0 0.0 56.0 49.0 0.0 0.0 0.0 23.0 1.0 0.0 11.0 4.0 0.0 0.0 17.0 
25_3_035_12
4.0 0.0 15.0 30.0 0.0 0.0 0.0 6.0 0.0 0.0 25.0 35.0 0.0 0.0 0.0 0.0 0.0 0.0 51.0 37.0 0.0 0.0 0.0 0.0 0.0 0.0 0.0 1.0 0.0 4.0 14.0 4.0 0.0 0.0 17.0 81.0 0.0 0.0 0.0 0.0 2.0 6.0 8.0 11.0 0.0 0.0 0.0 0.0 5.0 0.0 22.0 87.0 0.0 0.0 0.0 5.0 16.0 0.0 0.0 0.0 0.0 0.0 1.0 24.0 6.0 1.0 0.0 7.0 1.0 0.0 0.0 1.0 8.0 4.0 3.0 8.0 0.0 0.0 0.0 0.0 11.0 3.0 19.0 102.0 8.0 0.0 0.0 0.0 50.0 1.0 0.0 0.0 0.0 0.0 0.0 3.0 4.0 0.0 0.0 0.0 0.0 0.0 0.0 2.0 6.0 0.0 0.0 0.0 0.0 0.0 0.0 5.0 0.0 0.0 1.0 41.0 87.0 2.0 0.0 0.0 30.0 1.0 0.0 0.0 18.0 13.0 1.0 1.0 
25_3_035_13
0.0 0.0 0.0 53.0 7.0 0.0 1.0 2.0 0.0 0.0 1.0 61.0 17.0 1.0 13.0 26.0 4.0 0.0 0.0 0.0 0.0 0.0 5.0 34.0 8.0 0.0 0.0 0.0 0.0 0.0 3.0 17.0 0.0 0.0 2.0 37.0 3.0 0.0 0.0 5.0 4.0 0.0 4.0 102.0 12.0 0.0 1.0 19.0 16.0 18.0 8.0 0.0 0.0 0.0 0.0 8.0 23.0 63.0 3.0 0.0 0.0 0.0 0.0 1.0 1.0 0.0 11.0 44.0 3.0 0.0 0.0 2.0 10.0 1.0 7.0 89.0 14.0 1.0 2.0 5.0 2.0 3.0 13.0 3.0 5.0 16.0 9.0 2.0 0.0 1.0 0.0 0.0 0.0 34.0 20.0 3.0 2.0 0.0 0.0 8.0 9.0 0.0 0.0 2.0 0.0 0.0 0.0 39.0 68.0 3.0 0.0 0.0 4.0 0.0 0.0 1.0 1.0 0.0 8.0 14.0 2.0 0.0 0.0 0.0 1.0 6.0 8.0 10.0 
25_3_035_14
0.0 0.0 0.0 0.0 37.0 54.0 0.0 0.0 0.0 0.0 0.0 0.0 27.0 15.0 0.0 0.0 1.0 1.0 0.0 0.0 1.0 0.0 0.0 0.0 1.0 1.0 0.0 0.0 0.0 0.0 0.0 0.0 0.0 0.0 0.0 8.0 45.0 15.0 1.0 0.0 0.0 0.0 0.0 6.0 76.0 41.0 3.0 6.0 0.0 0.0 0.0 31.0 82.0 2.0 0.0 0.0 1.0 0.0 0.0 0.0 0.0 0.0 0.0 1.0 16.0 5.0 2.0 6.0 7.0 0.0 0.0 1.0 5.0 9.0 8.0 49.0 20.0 0.0 0.0 0.0 0.0 0.0 30.0 102.0 0.0 0.0 0.0 0.0 0.0 0.0 0.0 0.0 0.0 0.0 0.0 1.0 2.0 4.0 7.0 3.0 0.0 0.0 0.0 1.0 0.0 0.0 18.0 40.0 1.0 0.0 0.0 0.0 0.0 0.0 14.0 67.0 0.0 0.0 0.0 0.0 0.0 0.0 0.0 0.0 0.0 0.0 0.0 3.0 
25_3_035_15
0.0 0.0 0.0 1.0 11.0 6.0 4.0 5.0 0.0 0.0 3.0 62.0 48.0 0.0 0.0 0.0 0.0 0.0 0.0 25.0 27.0 0.0 0.0 0.0 1.0 0.0 0.0 0.0 0.0 0.0 0.0 2.0 9.0 0.0 7.0 6.0 0.0 0.0 0.0 12.0 1.0 0.0 15.0 55.0 5.0 9.0 8.0 5.0 0.0 0.0 2.0 102.0 45.0 0.0 0.0 0.0 1.0 0.0 0.0 0.0 0.0 0.0 0.0 0.0 2.0 18.0 35.0 0.0 0.0 0.0 0.0 1.0 13.0 21.0 78.0 8.0 0.0 0.0 0.0 0.0 0.0 1.0 84.0 28.0 0.0 0.0 0.0 0.0 0.0 0.0 0.0 0.0 0.0 0.0 0.0 1.0 0.0 20.0 48.0 3.0 0.0 0.0 0.0 0.0 0.0 4.0 74.0 1.0 0.0 0.0 0.0 0.0 0.0 0.0 3.0 0.0 0.0 0.0 1.0 0.0 0.0 0.0 0.0 0.0 0.0 0.0 4.0 0.0 
25_3_035_16
0.0 0.0 0.0 1.0 60.0 55.0 0.0 0.0 0.0 0.0 0.0 0.0 102.0 10.0 0.0 0.0 2.0 0.0 0.0 0.0 6.0 0.0 0.0 0.0 1.0 2.0 0.0 0.0 0.0 0.0 0.0 0.0 3.0 0.0 0.0 20.0 35.0 7.0 2.0 4.0 0.0 0.0 0.0 26.0 77.0 19.0 9.0 8.0 0.0 0.0 0.0 59.0 93.0 0.0 0.0 0.0 1.0 0.0 0.0 0.0 0.0 0.0 0.0 1.0 18.0 7.0 10.0 7.0 1.0 0.0 0.0 2.0 8.0 24.0 21.0 68.0 2.0 0.0 0.0 0.0 0.0 0.0 68.0 90.0 0.0 0.0 0.0 0.0 0.0 0.0 0.0 0.0 0.0 0.0 0.0 3.0 0.0 1.0 23.0 6.0 0.0 0.0 0.0 1.0 0.0 0.0 41.0 60.0 0.0 0.0 0.0 0.0 0.0 0.0 25.0 28.0 0.0 0.0 0.0 1.0 0.0 0.0 0.0 0.0 0.0 0.0 3.0 2.0 
25_3_035_17
0.0 0.0 0.0 0.0 1.0 2.0 9.0 9.0 0.0 0.0 1.0 1.0 2.0 4.0 3.0 2.0 7.0 7.0 3.0 0.0 7.0 11.0 0.0 -1.0 0.0 0.0 0.0 0.0 0.0 20.0 12.0 15.0 10.0 0.0 0.0 0.0 1.0 2.0 0.0 9.0 0.0 1.0 1.0 9.0 7.0 0.0 0.0 0.0 11.0 6.0 11.0 31.0 1.0 0.0 0.0 -2.0 0.0 0.0 0.0 0.0 0.0 0.0 -34.0 102.0 1.0 0.0 0.0 7.0 40.0 1.0 0.0 0.0 1.0 6.0 8.0 6.0 1.0 0.0 0.0 0.0 0.0 0.0 10.0 26.0 6.0 7.0 10.0 1.0 4.0 1.0 0.0 0.0 0.0 0.0 13.0 36.0 0.0 0.0 0.0 2.0 26.0 1.0 0.0 0.0 0.0 0.0 0.0 1.0 42.0 13.0 0.0 0.0 2.0 0.0 0.0 5.0 19.0 20.0 -1.0 4.0 5.0 11.0 0.0 0.0 4.0 11.0 -1.0 2.0 
25_3_035_18
0.0 4.0 20.0 8.0 4.0 1.0 4.0 0.0 3.0 5.0 11.0 13.0 0.0 0.0 0.0 1.0 0.0 0.0 2.0 69.0 12.0 0.0 0.0 0.0 0.0 0.0 0.0 45.0 3.0 0.0 0.0 0.0 0.0 0.0 1.0 8.0 24.0 16.0 7.0 0.0 0.0 0.0 5.0 32.0 4.0 2.0 1.0 2.0 0.0 0.0 59.0 72.0 1.0 0.0 0.0 0.0 0.0 0.0 16.0 26.0 0.0 0.0 0.0 0.0 0.0 1.0 18.0 30.0 0.0 1.0 5.0 3.0 0.0 0.0 11.0 25.0 0.0 1.0 10.0 1.0 0.0 0.0 0.0 34.0 88.0 93.0 24.0 0.0 0.0 0.0 0.0 1.0 100.0 40.0 0.0 0.0 0.0 5.0 26.0 7.0 0.0 0.0 0.0 0.0 0.0 0.0 4.0 3.0 0.0 0.0 38.0 44.0 0.0 0.0 0.0 0.0 11.0 11.0 32.0 17.0 0.0 0.0 0.0 1.0 102.0 35.0 0.0 0.0 
25_3_035_19
37.0 15.0 0.0 0.0 0.0 0.0 0.0 4.0 14.0 5.0 1.0 0.0 0.0 0.0 0.0 11.0 0.0 2.0 14.0 10.0 4.0 1.0 0.0 0.0 3.0 5.0 1.0 3.0 2.0 3.0 4.0 7.0 0.0 0.0 0.0 0.0 10.0 77.0 16.0 0.0 0.0 0.0 25.0 17.0 3.0 10.0 19.0 6.0 2.0 12.0 17.0 1.0 0.0 0.0 6.0 9.0 2.0 0.0 3.0 0.0 0.0 1.0 25.0 14.0 1.0 2.0 0.0 1.0 3.0 5.0 0.0 0.0 0.0 0.0 10.0 102.0 12.0 0.0 0.0 0.0 35.0 14.0 1.0 0.0 0.0 0.0 0.0 10.0 23.0 11.0 7.0 0.0 0.0 0.0 0.0 2.0 0.0 4.0 7.0 5.0 0.0 0.0 0.0 0.0 0.0 0.0 13.0 33.0 26.0 0.0 0.0 0.0 6.0 1.0 1.0 9.0 37.0 8.0 0.0 1.0 16.0 9.0 1.0 0.0 0.0 1.0 2.0 3.0 
25_3_035_20
0.0 0.0 0.0 5.0 9.0 17.0 25.0 4.0 0.0 0.0 0.0 0.0 0.0 24.0 35.0 0.0 0.0 2.0 1.0 0.0 0.0 15.0 16.0 0.0 0.0 2.0 0.0 0.0 2.0 4.0 7.0 6.0 2.0 1.0 13.0 10.0 0.0 0.0 28.0 31.0 0.0 0.0 1.0 20.0 6.0 6.0 15.0 5.0 0.0 0.0 5.0 6.0 13.0 12.0 9.0 1.0 1.0 0.0 1.0 0.0 5.0 10.0 4.0 29.0 0.0 0.0 0.0 0.0 0.0 2.0 11.0 58.0 6.0 0.0 8.0 19.0 1.0 0.0 0.0 0.0 7.0 19.0 7.0 0.0 4.0 0.0 0.0 28.0 2.0 0.0 2.0 6.0 7.0 6.0 -3.0 9.0 11.0 0.0 0.0 0.0 0.0 0.0 -43.0 102.0 14.0 2.0 2.0 2.0 0.0 0.0 0.0 5.0 0.0 0.0 0.0 7.0 11.0 6.0 11.0 10.0 0.0 0.0 0.0 1.0 4.0 3.0 7.0 8.0 
25_3_035_21
1.0 7.0 17.0 9.0 2.0 1.0 1.0 0.0 3.0 6.0 17.0 4.0 4.0 3.0 3.0 8.0 0.0 0.0 8.0 29.0 2.0 0.0 0.0 0.0 0.0 0.0 7.0 41.0 3.0 2.0 0.0 0.0 4.0 1.0 0.0 0.0 4.0 9.0 13.0 25.0 0.0 0.0 2.0 22.0 33.0 19.0 1.0 1.0 0.0 3.0 8.0 31.0 6.0 0.0 0.0 0.0 0.0 0.0 58.0 64.0 0.0 0.0 0.0 0.0 4.0 1.0 6.0 1.0 0.0 1.0 26.0 13.0 0.0 0.0 27.0 60.0 0.0 0.0 0.0 0.0 0.0 0.0 8.0 11.0 1.0 0.0 22.0 3.0 0.0 0.0 0.0 10.0 73.0 102.0 31.0 1.0 8.0 11.0 12.0 0.0 0.0 0.0 0.0 0.0 0.0 0.0 33.0 17.0 0.0 0.0 0.0 0.0 0.0 0.0 1.0 0.0 0.0 0.0 50.0 63.0 0.0 0.0 0.0 0.0 4.0 4.0 21.0 7.0 
25_3_035_22
1.0 14.0 12.0 7.0 2.0 0.0 0.0 0.0 12.0 8.0 1.0 0.0 0.0 0.0 2.0 8.0 1.0 2.0 21.0 27.0 5.0 0.0 0.0 1.0 1.0 0.0 1.0 3.0 7.0 4.0 8.0 10.0 18.0 64.0 9.0 0.0 0.0 0.0 1.0 9.0 32.0 4.0 0.0 0.0 0.0 0.0 11.0 63.0 0.0 5.0 35.0 78.0 8.0 0.0 0.0 0.0 31.0 7.0 2.0 0.0 0.0 0.0 6.0 20.0 6.0 0.0 0.0 0.0 0.0 42.0 81.0 11.0 0.0 0.0 0.0 0.0 3.0 40.0 102.0 15.0 0.0 0.0 6.0 93.0 92.0 2.0 0.0 0.0 22.0 12.0 9.0 3.0 3.0 3.0 1.0 5.0 5.0 2.0 0.0 0.0 0.0 38.0 23.0 3.0 0.0 10.0 1.0 0.0 1.0 10.0 3.0 0.0 0.0 3.0 0.0 36.0 79.0 1.0 0.0 0.0 2.0 13.0 2.0 10.0 71.0 40.0 0.0 0.0 
25_3_035_23
91.0 0.0 0.0 0.0 0.0 0.0 -10.0 -4.0 12.0 0.0 0.0 0.0 0.0 4.0 -13.0 29.0 -18.0 43.0 0.0 0.0 0.0 3.0 1.0 0.0 -33.0 102.0 1.0 1.0 1.0 0.0 0.0 0.0 6.0 0.0 1.0 1.0 2.0 10.0 0.0 16.0 53.0 0.0 0.0 0.0 0.0 0.0 -26.0 73.0 -28.0 48.0 57.0 12.0 0.0 0.0 0.0 0.0 -5.0 3.0 30.0 6.0 6.0 0.0 1.0 0.0 0.0 -1.0 3.0 4.0 26.0 7.0 0.0 0.0 0.0 0.0 0.0 0.0 0.0 2.0 5.0 64.0 0.0 -2.0 8.0 23.0 20.0 3.0 0.0 0.0 0.0 0.0 0.0 0.0 5.0 33.0 11.0 2.0 1.0 -2.0 13.0 8.0 3.0 0.0 1.0 -1.0 1.0 0.0 0.0 0.0 0.0 0.0 7.0 23.0 0.0 -1.0 4.0 1.0 5.0 2.0 0.0 1.0 0.0 0.0 0.0 0.0 0.0 10.0 1.0 4.0 
25_3_035_24
0.0 0.0 0.0 0.0 48.0 102.0 0.0 0.0 0.0 0.0 0.0 0.0 58.0 74.0 9.0 6.0 0.0 0.0 0.0 0.0 0.0 2.0 36.0 38.0 0.0 0.0 4.0 4.0 1.0 2.0 1.0 0.0 0.0 0.0 2.0 1.0 4.0 5.0 0.0 0.0 0.0 0.0 10.0 61.0 51.0 22.0 0.0 0.0 1.0 0.0 2.0 7.0 1.0 5.0 11.0 9.0 0.0 0.0 4.0 5.0 10.0 15.0 0.0 0.0 0.0 1.0 7.0 0.0 0.0 0.0 0.0 0.0 0.0 0.0 49.0 63.0 0.0 0.0 0.0 0.0 0.0 0.0 0.0 1.0 1.0 0.0 20.0 21.0 1.0 1.0 5.0 3.0 7.0 10.0 0.0 0.0 0.0 0.0 20.0 17.0 0.0 0.0 0.0 0.0 0.0 0.0 21.0 18.0 0.0 0.0 0.0 0.0 0.0 0.0 0.0 0.0 0.0 0.0 4.0 16.0 0.0 3.0 4.0 1.0 2.0 0.0 0.0 0.0 
25_3_035_25
0.0 0.0 2.0 27.0 3.0 0.0 0.0 0.0 0.0 0.0 0.0 18.0 14.0 2.0 3.0 1.0 0.0 0.0 0.0 44.0 25.0 0.0 0.0 0.0 0.0 0.0 0.0 0.0 0.0 0.0 0.0 0.0 0.0 0.0 3.0 25.0 1.0 0.0 0.0 0.0 0.0 0.0 0.0 8.0 3.0 2.0 3.0 3.0 0.0 0.0 2.0 97.0 10.0 0.0 0.0 0.0 0.0 0.0 1.0 4.0 0.0 0.0 0.0 0.0 0.0 1.0 1.0 11.0 12.0 0.0 0.0 1.0 0.0 0.0 14.0 22.0 10.0 0.0 0.0 0.0 0.0 0.0 31.0 57.0 0.0 0.0 0.0 0.0 0.0 0.0 2.0 0.0 0.0 0.0 1.0 0.0 0.0 2.0 2.0 3.0 1.0 0.0 0.0 0.0 0.0 0.0 1.0 34.0 11.0 9.0 5.0 0.0 0.0 0.0 0.0 10.0 35.0 102.0 2.0 0.0 0.0 0.0 0.0 0.0 30.0 41.0 0.0 0.0 
25_3_035_26
2.0 0.0 3.0 5.0 0.0 0.0 0.0 2.0 2.0 0.0 9.0 9.0 2.0 0.0 0.0 5.0 0.0 19.0 44.0 15.0 3.0 3.0 0.0 0.0 6.0 37.0 11.0 0.0 0.0 0.0 0.0 0.0 6.0 2.0 6.0 1.0 0.0 0.0 0.0 2.0 1.0 3.0 83.0 39.0 0.0 0.0 0.0 0.0 5.0 17.0 49.0 7.0 0.0 3.0 1.0 3.0 1.0 1.0 0.0 0.0 0.0 4.0 29.0 13.0 2.0 19.0 12.0 0.0 0.0 0.0 0.0 0.0 0.0 7.0 23.0 102.0 3.0 0.0 0.0 0.0 13.0 11.0 3.0 2.0 0.0 0.0 0.0 19.0 16.0 0.0 0.0 0.0 0.0 0.0 6.0 46.0 0.0 21.0 4.0 0.0 0.0 0.0 0.0 0.0 0.0 6.0 17.0 37.0 3.0 0.0 0.0 0.0 5.0 1.0 0.0 13.0 16.0 2.0 5.0 12.0 7.0 2.0 0.0 0.0 0.0 0.0 6.0 35.0 
25_3_035_27
0.0 2.0 0.0 0.0 0.0 0.0 0.0 0.0 0.0 1.0 38.0 19.0 0.0 0.0 0.0 0.0 0.0 11.0 16.0 5.0 1.0 0.0 0.0 0.0 7.0 13.0 2.0 0.0 0.0 0.0 0.0 1.0 0.0 0.0 0.0 1.0 0.0 0.0 0.0 0.0 0.0 0.0 9.0 82.0 15.0 0.0 0.0 0.0 1.0 5.0 11.0 0.0 0.0 0.0 19.0 10.0 0.0 5.0 3.0 18.0 21.0 1.0 0.0 0.0 2.0 0.0 0.0 0.0 0.0 0.0 0.0 0.0 0.0 0.0 20.0 102.0 0.0 0.0 0.0 0.0 1.0 0.0 0.0 0.0 0.0 0.0 13.0 36.0 0.0 0.0 0.0 0.0 16.0 13.0 4.0 0.0 1.0 0.0 0.0 0.0 0.0 0.0 0.0 0.0 0.0 0.0 21.0 84.0 0.0 0.0 0.0 0.0 2.0 0.0 0.0 0.0 0.0 0.0 1.0 48.0 0.0 0.0 0.0 0.0 0.0 0.0 2.0 9.0 
25_3_035_28
0.0 0.0 0.0 0.0 0.0 13.0 2.0 0.0 0.0 0.0 7.0 14.0 8.0 3.0 0.0 0.0 3.0 23.0 49.0 6.0 0.0 0.0 0.0 2.0 11.0 1.0 0.0 0.0 0.0 0.0 11.0 24.0 0.0 0.0 0.0 0.0 12.0 18.0 2.0 0.0 0.0 0.0 13.0 102.0 13.0 7.0 0.0 0.0 1.0 0.0 11.0 22.0 5.0 3.0 21.0 5.0 20.0 0.0 0.0 0.0 0.0 0.0 13.0 61.0 0.0 0.0 0.0 7.0 4.0 2.0 2.0 3.0 0.0 0.0 0.0 61.0 70.0 3.0 0.0 1.0 0.0 0.0 0.0 3.0 55.0 20.0 1.0 0.0 7.0 0.0 0.0 0.0 0.0 0.0 17.0 38.0 1.0 0.0 4.0 1.0 0.0 0.0 0.0 5.0 0.0 0.0 2.0 15.0 8.0 0.0 0.0 2.0 0.0 2.0 4.0 9.0 39.0 23.0 0.0 0.0 0.0 0.0 2.0 0.0 1.0 21.0 12.0 0.0 
25_3_035_29
0.0 0.0 0.0 6.0 6.0 0.0 0.0 0.0 0.0 0.0 0.0 10.0 2.0 0.0 0.0 0.0 13.0 0.0 2.0 28.0 1.0 0.0 -9.0 47.0 3.0 0.0 0.0 0.0 0.0 0.0 -12.0 61.0 0.0 0.0 0.0 17.0 1.0 0.0 0.0 0.0 0.0 0.0 3.0 17.0 0.0 0.0 0.0 0.0 0.0 0.0 4.0 47.0 0.0 0.0 0.0 33.0 0.0 0.0 0.0 0.0 0.0 0.0 -4.0 102.0 0.0 0.0 2.0 15.0 0.0 0.0 0.0 0.0 0.0 0.0 4.0 24.0 0.0 0.0 0.0 0.0 0.0 0.0 5.0 30.0 1.0 0.0 40.0 33.0 0.0 0.0 0.0 0.0 0.0 0.0 21.0 41.0 0.0 0.0 6.0 8.0 0.0 0.0 0.0 0.0 0.0 0.0 4.0 16.0 2.0 1.0 1.0 0.0 0.0 0.0 0.0 3.0 0.0 2.0 70.0 18.0 0.0 0.0 0.0 0.0 0.0 0.0 4.0 3.0 
25_3_035_30
0.0 0.0 0.0 0.0 0.0 0.0 0.0 3.0 0.0 0.0 0.0 75.0 24.0 0.0 0.0 0.0 0.0 0.0 0.0 0.0 0.0 1.0 4.0 24.0 1.0 0.0 0.0 0.0 0.0 0.0 0.0 4.0 1.0 0.0 0.0 0.0 0.0 0.0 0.0 3.0 0.0 0.0 9.0 102.0 1.0 0.0 0.0 0.0 5.0 0.0 1.0 4.0 0.0 0.0 0.0 24.0 2.0 0.0 1.0 2.0 0.0 0.0 0.0 1.0 1.0 0.0 0.0 0.0 0.0 0.0 0.0 2.0 0.0 0.0 26.0 82.0 1.0 0.0 0.0 0.0 15.0 0.0 0.0 11.0 3.0 0.0 0.0 10.0 4.0 1.0 9.0 4.0 0.0 0.0 0.0 0.0 1.0 0.0 0.0 1.0 0.0 0.0 0.0 0.0 0.0 0.0 4.0 47.0 25.0 0.0 0.0 0.0 0.0 0.0 0.0 2.0 15.0 3.0 2.0 4.0 0.0 0.0 0.0 0.0 1.0 3.0 2.0 5.0 
25_3_035_31
0.0 0.0 0.0 0.0 11.0 6.0 6.0 1.0 1.0 3.0 1.0 18.0 22.0 0.0 0.0 0.0 0.0 0.0 2.0 86.0 53.0 0.0 0.0 0.0 0.0 0.0 0.0 4.0 1.0 0.0 0.0 0.0 0.0 0.0 3.0 6.0 1.0 1.0 2.0 16.0 0.0 1.0 34.0 85.0 0.0 0.0 0.0 0.0 8.0 7.0 1.0 62.0 48.0 0.0 3.0 10.0 0.0 0.0 0.0 26.0 14.0 0.0 0.0 0.0 5.0 6.0 17.0 8.0 0.0 0.0 0.0 7.0 0.0 1.0 34.0 58.0 3.0 1.0 8.0 15.0 0.0 0.0 2.0 84.0 36.0 7.0 57.0 17.0 0.0 0.0 1.0 67.0 8.0 0.0 0.0 0.0 0.0 16.0 31.0 2.0 0.0 0.0 0.0 0.0 14.0 0.0 22.0 19.0 0.0 0.0 1.0 27.0 13.0 24.0 102.0 31.0 0.0 0.0 0.0 8.0 0.0 0.0 15.0 20.0 0.0 0.0 0.0 0.0 
25_3_035_32
0.0 0.0 0.0 0.0 0.0 4.0 11.0 23.0 0.0 1.0 0.0 0.0 7.0 2.0 -9.0 37.0 0.0 0.0 0.0 0.0 0.0 1.0 0.0 21.0 0.0 0.0 0.0 1.0 12.0 0.0 0.0 0.0 0.0 0.0 0.0 0.0 0.0 2.0 -22.0 102.0 8.0 0.0 3.0 22.0 22.0 3.0 -2.0 3.0 0.0 0.0 0.0 0.0 0.0 0.0 -40.0 95.0 1.0 1.0 0.0 1.0 4.0 0.0 -3.0 7.0 25.0 0.0 0.0 0.0 0.0 0.0 -15.0 31.0 83.0 5.0 2.0 7.0 4.0 0.0 0.0 -20.0 6.0 0.0 0.0 0.0 0.0 3.0 -5.0 35.0 28.0 1.0 0.0 0.0 0.0 0.0 -1.0 -4.0 0.0 0.0 0.0 0.0 0.0 0.0 0.0 0.0 27.0 0.0 0.0 0.0 0.0 0.0 0.0 -7.0 78.0 0.0 0.0 0.0 0.0 0.0 0.0 -18.0 66.0 0.0 0.0 0.0 0.0 1.0 0.0 -23.0 
25_3_035_33
0.0 2.0 2.0 0.0 0.0 0.0 0.0 0.0 0.0 0.0 33.0 24.0 0.0 0.0 0.0 0.0 0.0 0.0 33.0 23.0 0.0 0.0 0.0 0.0 0.0 0.0 0.0 0.0 0.0 0.0 5.0 16.0 0.0 1.0 4.0 0.0 0.0 0.0 0.0 0.0 0.0 0.0 29.0 84.0 0.0 0.0 0.0 0.0 6.0 3.0 7.0 12.0 1.0 0.0 0.0 0.0 8.0 0.0 0.0 0.0 0.0 0.0 1.0 13.0 0.0 2.0 2.0 0.0 0.0 0.0 0.0 0.0 0.0 0.0 11.0 102.0 2.0 0.0 0.0 0.0 3.0 8.0 6.0 4.0 9.0 0.0 0.0 0.0 13.0 22.0 7.0 0.0 0.0 0.0 0.0 3.0 0.0 2.0 3.0 0.0 0.0 0.0 0.0 0.0 0.0 0.0 21.0 58.0 3.0 0.0 0.0 0.0 1.0 6.0 37.0 5.0 0.0 0.0 0.0 3.0 0.0 2.0 12.0 9.0 17.0 2.0 3.0 0.0 
25_3_035_34
0.0 1.0 11.0 7.0 1.0 2.0 0.0 0.0 0.0 0.0 10.0 9.0 4.0 3.0 0.0 0.0 9.0 26.0 17.0 0.0 0.0 0.0 0.0 0.0 33.0 3.0 0.0 0.0 1.0 0.0 -6.0 28.0 0.0 0.0 3.0 7.0 4.0 10.0 0.0 12.0 0.0 0.0 62.0 47.0 3.0 0.0 0.0 0.0 7.0 15.0 20.0 0.0 0.0 0.0 2.0 21.0 1.0 1.0 0.0 0.0 0.0 0.0 -13.0 102.0 5.0 21.0 38.0 5.0 0.0 0.0 -2.0 6.0 0.0 29.0 51.0 28.0 4.0 0.0 0.0 0.0 1.0 29.0 12.0 0.0 0.0 4.0 15.0 9.0 3.0 4.0 0.0 0.0 0.0 0.0 58.0 81.0 0.0 0.0 8.0 17.0 4.0 1.0 1.0 0.0 0.0 0.0 2.0 12.0 14.0 55.0 2.0 0.0 0.0 0.0 0.0 0.0 0.0 21.0 91.0 6.0 4.0 2.0 0.0 0.0 0.0 0.0 28.0 17.0 
25_3_035_35
0.0 1.0 4.0 6.0 0.0 0.0 0.0 0.0 0.0 7.0 18.0 7.0 0.0 0.0 0.0 0.0 18.0 11.0 1.0 0.0 0.0 0.0 -15.0 31.0 0.0 0.0 0.0 0.0 0.0 0.0 -30.0 77.0 0.0 0.0 1.0 3.0 5.0 5.0 5.0 0.0 0.0 0.0 12.0 49.0 6.0 0.0 0.0 0.0 7.0 5.0 10.0 1.0 0.0 0.0 -7.0 23.0 10.0 3.0 1.0 0.0 0.0 0.0 -28.0 102.0 6.0 1.0 3.0 4.0 3.0 3.0 2.0 4.0 0.0 0.0 24.0 40.0 23.0 0.0 0.0 0.0 0.0 2.0 28.0 3.0 2.0 1.0 2.0 6.0 0.0 0.0 0.0 0.0 0.0 0.0 20.0 69.0 2.0 6.0 8.0 1.0 0.0 0.0 0.0 0.0 0.0 0.0 6.0 24.0 13.0 1.0 0.0 0.0 0.0 0.0 0.0 2.0 2.0 22.0 34.0 0.0 3.0 0.0 0.0 0.0 0.0 0.0 11.0 18.0 
25_3_035_36
1.0 0.0 0.0 0.0 0.0 1.0 3.0 2.0 0.0 1.0 9.0 10.0 9.0 1.0 0.0 0.0 0.0 0.0 0.0 50.0 57.0 0.0 0.0 2.0 0.0 0.0 0.0 31.0 22.0 0.0 0.0 0.0 0.0 0.0 0.0 0.0 4.0 13.0 14.0 0.0 0.0 0.0 4.0 46.0 10.0 1.0 0.0 0.0 3.0 1.0 5.0 60.0 8.0 0.0 0.0 12.0 0.0 0.0 6.0 102.0 5.0 0.0 0.0 0.0 0.0 3.0 13.0 2.0 3.0 0.0 2.0 0.0 0.0 3.0 41.0 35.0 0.0 0.0 0.0 0.0 1.0 0.0 55.0 75.0 0.0 0.0 4.0 15.0 0.0 0.0 26.0 48.0 0.0 0.0 0.0 0.0 0.0 7.0 63.0 0.0 0.0 0.0 0.0 0.0 10.0 20.0 40.0 0.0 0.0 0.0 1.0 17.0 3.0 1.0 78.0 62.0 0.0 0.0 0.0 0.0 0.0 0.0 8.0 6.0 0.0 0.0 0.0 0.0 
25_3_035_37
3.0 0.0 0.0 0.0 1.0 23.0 1.0 0.0 0.0 -2.0 13.0 9.0 13.0 8.0 0.0 0.0 0.0 -5.0 18.0 9.0 4.0 4.0 12.0 0.0 0.0 0.0 0.0 0.0 0.0 0.0 7.0 30.0 0.0 0.0 0.0 0.0 0.0 5.0 0.0 28.0 0.0 -29.0 80.0 38.0 14.0 3.0 0.0 0.0 23.0 19.0 4.0 2.0 1.0 0.0 -1.0 -8.0 5.0 0.0 0.0 0.0 0.0 0.0 1.0 65.0 0.0 0.0 0.0 0.0 0.0 0.0 -18.0 73.0 0.0 1.0 4.0 42.0 47.0 3.0 0.0 0.0 -2.0 5.0 4.0 10.0 50.0 21.0 0.0 0.0 29.0 0.0 0.0 0.0 0.0 18.0 10.0 26.0 19.0 0.0 0.0 0.0 0.0 0.0 -38.0 79.0 -20.0 102.0 0.0 0.0 0.0 0.0 0.0 -8.0 0.0 6.0 17.0 0.0 0.0 0.0 7.0 10.0 0.0 0.0 0.0 0.0 0.0 4.0 16.0 4.0 
25_3_035_38
0.0 0.0 0.0 0.0 0.0 0.0 36.0 15.0 0.0 0.0 0.0 2.0 14.0 4.0 16.0 3.0 -2.0 9.0 1.0 19.0 20.0 0.0 0.0 1.0 -4.0 15.0 7.0 25.0 6.0 0.0 0.0 0.0 2.0 0.0 0.0 0.0 0.0 0.0 27.0 34.0 -6.0 19.0 72.0 17.0 0.0 3.0 2.0 0.0 -16.0 82.0 27.0 9.0 0.0 0.0 -4.0 5.0 -6.0 20.0 3.0 4.0 4.0 15.0 0.0 0.0 102.0 0.0 0.0 0.0 0.0 0.0 -6.0 -15.0 22.0 10.0 17.0 80.0 7.0 0.0 0.0 -11.0 2.0 6.0 1.0 13.0 2.0 0.0 -7.0 47.0 0.0 0.0 0.0 0.0 0.0 24.0 26.0 7.0 18.0 0.0 0.0 0.0 0.0 0.0 -26.0 69.0 4.0 5.0 2.0 4.0 4.0 21.0 7.0 -1.0 0.0 0.0 0.0 0.0 32.0 25.0 12.0 19.0 16.0 4.0 1.0 1.0 4.0 5.0 -5.0 41.0 
25_3_035_39
0.0 0.0 0.0 0.0 0.0 0.0 0.0 3.0 0.0 0.0 0.0 82.0 11.0 0.0 0.0 0.0 0.0 -2.0 8.0 16.0 11.0 1.0 0.0 0.0 0.0 0.0 0.0 0.0 0.0 5.0 11.0 5.0 0.0 0.0 0.0 0.0 0.0 0.0 -2.0 7.0 0.0 0.0 25.0 99.0 0.0 0.0 0.0 0.0 0.0 0.0 6.0 9.0 5.0 9.0 4.0 2.0 0.0 0.0 0.0 2.0 1.0 1.0 3.0 5.0 1.0 0.0 0.0 0.0 0.0 0.0 -3.0 6.0 0.0 0.0 3.0 102.0 11.0 0.0 0.0 0.0 0.0 -2.0 13.0 12.0 3.0 2.0 2.0 5.0 0.0 -1.0 6.0 0.0 0.0 0.0 -1.0 16.0 1.0 0.0 0.0 0.0 0.0 0.0 0.0 1.0 0.0 0.0 0.0 45.0 26.0 0.0 0.0 0.0 0.0 0.0 1.0 29.0 10.0 0.0 0.0 0.0 0.0 0.0 0.0 0.0 0.0 0.0 0.0 15.0 
25_3_035_40
0.0 0.0 0.0 0.0 0.0 27.0 9.0 0.0 1.0 0.0 2.0 5.0 7.0 49.0 19.0 6.0 0.0 3.0 20.0 76.0 25.0 6.0 0.0 0.0 16.0 33.0 8.0 2.0 0.0 0.0 0.0 0.0 8.0 8.0 8.0 1.0 0.0 0.0 0.0 3.0 25.0 49.0 25.0 5.0 0.0 0.0 0.0 11.0 0.0 0.0 8.0 102.0 20.0 0.0 0.0 0.0 20.0 23.0 18.0 82.0 13.0 0.0 0.0 2.0 18.0 1.0 19.0 13.0 0.0 0.0 0.0 7.0 16.0 35.0 19.0 19.0 0.0 0.0 0.0 8.0 4.0 9.0 25.0 10.0 0.0 7.0 22.0 12.0 0.0 0.0 0.0 22.0 98.0 39.0 34.0 4.0 2.0 1.0 1.0 0.0 2.0 3.0 12.0 12.0 1.0 1.0 0.0 50.0 50.0 12.0 2.0 0.0 32.0 4.0 0.0 0.0 0.0 0.0 4.0 34.0 12.0 4.0 7.0 16.0 6.0 0.0 0.0 0.0 
25_3_035_41
7.0 2.0 3.0 26.0 26.0 1.0 0.0 1.0 9.0 8.0 7.0 12.0 14.0 0.0 0.0 0.0 4.0 16.0 14.0 4.0 0.0 0.0 0.0 0.0 0.0 19.0 52.0 16.0 0.0 0.0 0.0 0.0 0.0 0.0 0.0 34.0 101.0 0.0 0.0 0.0 2.0 5.0 2.0 3.0 29.0 24.0 3.0 0.0 1.0 4.0 16.0 33.0 10.0 0.0 0.0 0.0 0.0 0.0 0.0 16.0 18.0 33.0 3.0 10.0 0.0 0.0 1.0 13.0 21.0 0.0 0.0 0.0 0.0 5.0 3.0 58.0 71.0 0.0 0.0 0.0 0.0 5.0 16.0 79.0 3.0 0.0 0.0 0.0 16.0 0.0 0.0 0.0 0.0 0.0 -35.0 102.0 0.0 0.0 4.0 2.0 0.0 0.0 0.0 0.0 0.0 0.0 0.0 15.0 66.0 7.0 0.0 0.0 0.0 0.0 0.0 1.0 85.0 84.0 0.0 0.0 23.0 1.0 0.0 2.0 80.0 20.0 -1.0 6.0 
25_3_035_42
0.0 0.0 7.0 15.0 1.0 0.0 0.0 0.0 0.0 0.0 1.0 20.0 4.0 0.0 0.0 0.0 9.0 14.0 6.0 3.0 0.0 0.0 0.0 6.0 30.0 0.0 0.0 1.0 0.0 0.0 0.0 76.0 1.0 23.0 20.0 9.0 0.0 0.0 0.0 0.0 2.0 15.0 10.0 6.0 1.0 0.0 0.0 0.0 17.0 8.0 11.0 27.0 0.0 0.0 0.0 0.0 47.0 5.0 1.0 0.0 0.0 0.0 1.0 21.0 14.0 44.0 3.0 0.0 0.0 0.0 0.0 6.0 8.0 9.0 1.0 0.0 0.0 6.0 21.0 11.0 5.0 1.0 7.0 48.0 22.0 0.0 0.0 0.0 18.0 1.0 0.0 0.0 0.0 0.0 24.0 46.0 0.0 0.0 0.0 0.0 0.0 32.0 38.0 0.0 0.0 0.0 0.0 0.0 1.0 3.0 19.0 7.0 0.0 0.0 0.0 37.0 32.0 0.0 0.0 0.0 9.0 0.0 0.0 6.0 0.0 0.0 17.0 102.0 
25_3_035_43
2.0 12.0 14.0 10.0 13.0 6.0 0.0 0.0 26.0 3.0 1.0 0.0 0.0 0.0 1.0 24.0 6.0 21.0 3.0 6.0 10.0 0.0 0.0 0.0 0.0 24.0 30.0 41.0 16.0 0.0 0.0 0.0 6.0 2.0 4.0 4.0 23.0 24.0 6.0 13.0 16.0 28.0 17.0 72.0 28.0 0.0 0.0 0.0 36.0 50.0 9.0 0.0 0.0 0.0 9.0 14.0 0.0 4.0 4.0 10.0 25.0 29.0 3.0 0.0 1.0 33.0 40.0 4.0 0.0 0.0 0.0 0.0 0.0 4.0 38.0 44.0 23.0 1.0 0.0 0.0 22.0 0.0 0.0 5.0 1.0 3.0 13.0 93.0 1.0 0.0 0.0 0.0 11.0 31.0 19.0 38.0 4.0 29.0 21.0 1.0 0.0 0.0 1.0 1.0 4.0 6.0 1.0 1.0 4.0 3.0 17.0 8.0 0.0 0.0 0.0 0.0 3.0 25.0 102.0 16.0 1.0 2.0 15.0 5.0 0.0 0.0 19.0 10.0 
25_3_035_44
0.0 0.0 0.0 0.0 0.0 2.0 1.0 0.0 0.0 0.0 0.0 0.0 0.0 1.0 1.0 0.0 0.0 0.0 56.0 55.0 0.0 0.0 0.0 0.0 0.0 0.0 7.0 5.0 0.0 0.0 31.0 14.0 0.0 0.0 0.0 0.0 0.0 2.0 0.0 0.0 0.0 0.0 1.0 10.0 1.0 0.0 0.0 0.0 0.0 0.0 25.0 102.0 3.0 0.0 6.0 0.0 0.0 0.0 0.0 0.0 0.0 0.0 33.0 21.0 0.0 0.0 0.0 0.0 0.0 1.0 0.0 0.0 0.0 0.0 1.0 24.0 3.0 1.0 0.0 0.0 0.0 0.0 4.0 60.0 18.0 3.0 10.0 2.0 0.0 0.0 0.0 0.0 0.0 0.0 10.0 11.0 0.0 0.0 0.0 0.0 0.0 2.0 0.0 0.0 0.0 0.0 0.0 7.0 7.0 1.0 0.0 0.0 0.0 0.0 0.0 33.0 26.0 0.0 0.0 0.0 0.0 0.0 0.0 0.0 0.0 0.0 2.0 7.0 
25_3_035_45
0.0 0.0 0.0 0.0 5.0 11.0 0.0 0.0 0.0 0.0 2.0 31.0 11.0 1.0 0.0 0.0 19.0 0.0 4.0 10.0 2.0 0.0 -9.0 15.0 0.0 0.0 0.0 0.0 0.0 0.0 -7.0 51.0 0.0 0.0 0.0 4.0 3.0 3.0 1.0 1.0 0.0 0.0 8.0 74.0 1.0 0.0 0.0 0.0 1.0 0.0 0.0 4.0 24.0 6.0 3.0 8.0 0.0 0.0 0.0 0.0 0.0 0.0 -18.0 102.0 1.0 0.0 2.0 7.0 1.0 0.0 0.0 1.0 0.0 0.0 3.0 28.0 32.0 3.0 0.0 0.0 0.0 1.0 2.0 17.0 9.0 4.0 10.0 7.0 0.0 0.0 0.0 13.0 6.0 1.0 -1.0 80.0 16.0 4.0 6.0 1.0 0.0 0.0 0.0 -7.0 0.0 2.0 24.0 17.0 0.0 0.0 0.0 0.0 3.0 0.0 5.0 2.0 0.0 0.0 5.0 12.0 0.0 0.0 0.0 0.0 2.0 10.0 54.0 12.0 
25_3_035_46
0.0 0.0 2.0 1.0 0.0 0.0 0.0 0.0 0.0 0.0 25.0 13.0 0.0 0.0 0.0 0.0 0.0 0.0 36.0 51.0 1.0 0.0 0.0 0.0 0.0 0.0 0.0 0.0 1.0 0.0 3.0 15.0 0.0 0.0 2.0 1.0 0.0 0.0 0.0 0.0 0.0 0.0 26.0 66.0 0.0 0.0 0.0 0.0 0.0 1.0 18.0 30.0 4.0 0.0 0.0 0.0 1.0 0.0 0.0 1.0 0.0 0.0 0.0 19.0 0.0 1.0 3.0 0.0 0.0 0.0 0.0 0.0 0.0 0.0 2.0 102.0 2.0 0.0 0.0 0.0 14.0 3.0 7.0 20.0 3.0 0.0 1.0 5.0 5.0 1.0 1.0 10.0 2.0 0.0 0.0 2.0 0.0 1.0 2.0 0.0 0.0 0.0 0.0 0.0 0.0 0.0 0.0 61.0 9.0 0.0 0.0 0.0 6.0 3.0 0.0 25.0 16.0 3.0 0.0 1.0 1.0 4.0 7.0 1.0 1.0 0.0 0.0 0.0 
25_3_035_47
3.0 4.0 4.0 27.0 24.0 2.0 0.0 2.0 9.0 1.0 0.0 0.0 0.0 1.0 13.0 26.0 0.0 1.0 9.0 5.0 1.0 5.0 4.0 0.0 0.0 0.0 44.0 8.0 0.0 0.0 0.0 0.0 0.0 0.0 0.0 10.0 56.0 11.0 0.0 0.0 0.0 0.0 0.0 2.0 5.0 6.0 16.0 19.0 0.0 0.0 24.0 55.0 2.0 0.0 0.0 0.0 0.0 0.0 22.0 6.0 2.0 0.0 0.0 1.0 0.0 0.0 40.0 41.0 0.0 0.0 0.0 0.0 11.0 19.0 8.0 1.0 0.0 0.0 0.0 4.0 0.0 2.0 22.0 41.0 3.0 0.0 0.0 0.0 1.0 6.0 10.0 8.0 4.0 0.0 1.0 3.0 0.0 0.0 25.0 17.0 0.0 0.0 0.0 0.0 1.0 5.0 8.0 0.0 0.0 0.0 7.0 1.0 0.0 0.0 42.0 22.0 0.0 0.0 0.0 0.0 0.0 14.0 102.0 16.0 0.0 0.0 0.0 0.0 
25_3_035_48
1.0 0.0 0.0 0.0 0.0 13.0 26.0 16.0 5.0 11.0 5.0 0.0 0.0 0.0 19.0 31.0 19.0 42.0 15.0 0.0 0.0 0.0 0.0 10.0 21.0 15.0 25.0 2.0 4.0 4.0 4.0 15.0 0.0 3.0 1.0 4.0 4.0 19.0 15.0 2.0 2.0 25.0 34.0 33.0 16.0 14.0 0.0 0.0 63.0 25.0 5.0 0.0 0.0 2.0 32.0 14.0 1.0 21.0 85.0 7.0 0.0 0.0 4.0 4.0 80.0 27.0 0.0 0.0 0.0 0.0 3.0 32.0 1.0 24.0 102.0 79.0 1.0 0.0 3.0 7.0 2.0 4.0 0.0 0.0 0.0 19.0 63.0 19.0 0.0 0.0 16.0 72.0 22.0 24.0 2.0 0.0 5.0 37.0 28.0 12.0 4.0 0.0 0.0 0.0 24.0 42.0 9.0 0.0 0.0 7.0 18.0 92.0 21.0 2.0 0.0 0.0 0.0 0.0 7.0 45.0 0.0 0.0 22.0 36.0 17.0 11.0 15.0 4.0 
25_3_035_49
0.0 20.0 48.0 0.0 0.0 8.0 4.0 0.0 7.0 19.0 10.0 0.0 13.0 11.0 0.0 3.0 21.0 12.0 0.0 0.0 8.0 12.0 0.0 11.0 3.0 11.0 1.0 2.0 7.0 32.0 4.0 0.0 0.0 0.0 0.0 0.0 0.0 91.0 64.0 0.0 0.0 1.0 39.0 94.0 60.0 18.0 0.0 0.0 16.0 66.0 14.0 0.0 0.0 0.0 27.0 21.0 9.0 9.0 0.0 0.0 6.0 19.0 38.0 19.0 33.0 51.0 23.0 3.0 1.0 4.0 27.0 15.0 0.0 0.0 31.0 93.0 63.0 60.0 0.0 0.0 0.0 0.0 0.0 1.0 8.0 83.0 74.0 1.0 0.0 0.0 0.0 0.0 0.0 18.0 102.0 24.0 5.0 3.0 3.0 0.0 0.0 5.0 54.0 21.0 0.0 0.0 19.0 36.0 6.0 10.0 1.0 0.0 17.0 11.0 8.0 25.0 0.0 0.0 9.0 20.0 43.0 42.0 0.0 0.0 0.0 0.0 13.0 22.0 
25_3_035_50
0.0 0.0 1.0 2.0 0.0 0.0 0.0 0.0 0.0 1.0 1.0 2.0 0.0 0.0 0.0 0.0 0.0 0.0 41.0 26.0 0.0 0.0 0.0 0.0 0.0 0.0 8.0 25.0 1.0 0.0 0.0 0.0 1.0 2.0 0.0 0.0 0.0 0.0 0.0 0.0 0.0 0.0 3.0 10.0 0.0 0.0 0.0 0.0 0.0 3.0 29.0 69.0 0.0 0.0 0.0 0.0 0.0 3.0 4.0 16.0 4.0 1.0 1.0 2.0 0.0 1.0 1.0 1.0 0.0 0.0 0.0 0.0 0.0 0.0 4.0 13.0 0.0 0.0 0.0 0.0 0.0 2.0 11.0 102.0 0.0 0.0 0.0 0.0 17.0 0.0 3.0 19.0 2.0 0.0 0.0 18.0 0.0 2.0 1.0 0.0 0.0 0.0 0.0 0.0 0.0 2.0 1.0 8.0 0.0 0.0 0.0 0.0 0.0 0.0 1.0 78.0 12.0 0.0 0.0 0.0 5.0 2.0 3.0 1.0 4.0 4.0 0.0 2.0 
25_3_035_51
0.0 2.0 0.0 0.0 0.0 0.0 0.0 0.0 0.0 0.0 2.0 8.0 0.0 0.0 0.0 0.0 0.0 0.0 7.0 88.0 0.0 0.0 0.0 0.0 0.0 0.0 0.0 1.0 0.0 0.0 0.0 0.0 0.0 1.0 0.0 0.0 0.0 0.0 0.0 0.0 0.0 0.0 3.0 10.0 0.0 0.0 0.0 0.0 0.0 0.0 4.0 102.0 0.0 0.0 0.0 0.0 0.0 0.0 0.0 2.0 1.0 0.0 0.0 0.0 0.0 2.0 0.0 0.0 0.0 0.0 0.0 0.0 0.0 0.0 5.0 15.0 0.0 0.0 0.0 0.0 0.0 0.0 5.0 101.0 0.0 0.0 0.0 0.0 0.0 0.0 1.0 2.0 0.0 0.0 0.0 0.0 0.0 0.0 0.0 0.0 0.0 0.0 0.0 0.0 0.0 0.0 2.0 11.0 0.0 0.0 0.0 0.0 0.0 0.0 1.0 80.0 1.0 0.0 0.0 0.0 0.0 0.0 0.0 0.0 0.0 0.0 0.0 0.0 
25_3_035_52
0.0 3.0 3.0 11.0 0.0 0.0 0.0 0.0 0.0 0.0 0.0 4.0 0.0 0.0 0.0 2.0 13.0 0.0 0.0 0.0 0.0 0.0 0.0 43.0 1.0 0.0 0.0 0.0 0.0 0.0 0.0 0.0 3.0 2.0 0.0 1.0 1.0 0.0 2.0 3.0 0.0 0.0 0.0 5.0 3.0 1.0 0.0 0.0 20.0 53.0 18.0 12.0 0.0 0.0 0.0 1.0 20.0 102.0 0.0 0.0 0.0 0.0 0.0 0.0 4.0 1.0 0.0 0.0 0.0 0.0 2.0 5.0 0.0 0.0 6.0 12.0 0.0 0.0 0.0 0.0 0.0 0.0 3.0 67.0 8.0 0.0 0.0 0.0 0.0 4.0 1.0 1.0 0.0 0.0 0.0 0.0 1.0 2.0 0.0 0.0 1.0 0.0 0.0 0.0 0.0 2.0 7.0 2.0 0.0 0.0 0.0 0.0 0.0 0.0 0.0 36.0 20.0 0.0 0.0 0.0 0.0 0.0 0.0 7.0 2.0 0.0 0.0 0.0 
25_3_035_53
1.0 0.0 0.0 0.0 0.0 2.0 19.0 12.0 0.0 0.0 10.0 27.0 4.0 4.0 3.0 0.0 0.0 2.0 13.0 10.0 4.0 1.0 0.0 0.0 0.0 0.0 23.0 35.0 6.0 0.0 0.0 0.0 0.0 0.0 0.0 0.0 0.0 4.0 27.0 4.0 1.0 0.0 6.0 54.0 15.0 0.0 0.0 0.0 0.0 0.0 0.0 2.0 17.0 18.0 11.0 6.0 0.0 0.0 5.0 102.0 50.0 0.0 0.0 0.0 5.0 0.0 0.0 1.0 6.0 6.0 0.0 -2.0 0.0 0.0 1.0 20.0 40.0 0.0 0.0 0.0 0.0 0.0 0.0 0.0 9.0 10.0 51.0 12.0 0.0 0.0 1.0 54.0 97.0 2.0 0.0 0.0 34.0 8.0 0.0 0.0 0.0 0.0 0.0 -14.0 18.0 8.0 11.0 3.0 2.0 0.0 0.0 -7.0 68.0 8.0 7.0 0.0 0.0 0.0 -1.0 -7.0 0.0 10.0 40.0 64.0 6.0 0.0 0.0 0.0 
25_3_035_54
0.0 0.0 0.0 0.0 0.0 0.0 13.0 50.0 0.0 0.0 0.0 0.0 0.0 1.0 9.0 8.0 0.0 0.0 14.0 49.0 0.0 0.0 0.0 0.0 0.0 0.0 0.0 0.0 0.0 0.0 9.0 9.0 1.0 0.0 0.0 0.0 0.0 0.0 19.0 49.0 3.0 3.0 2.0 0.0 0.0 0.0 0.0 5.0 0.0 0.0 4.0 52.0 5.0 0.0 6.0 1.0 0.0 0.0 0.0 3.0 4.0 1.0 6.0 19.0 3.0 0.0 0.0 0.0 0.0 0.0 -42.0 102.0 7.0 13.0 5.0 0.0 0.0 0.0 -3.0 6.0 3.0 0.0 19.0 17.0 0.0 0.0 0.0 0.0 5.0 6.0 12.0 15.0 0.0 0.0 0.0 0.0 1.0 0.0 0.0 0.0 7.0 2.0 -15.0 41.0 33.0 4.0 2.0 1.0 0.0 0.0 -6.0 5.0 0.0 3.0 3.0 2.0 0.0 2.0 0.0 0.0 0.0 0.0 1.0 13.0 9.0 0.0 0.0 0.0 
25_3_035_55
0.0 0.0 15.0 59.0 46.0 22.0 20.0 0.0 0.0 0.0 0.0 19.0 31.0 31.0 43.0 0.0 13.0 15.0 0.0 0.0 0.0 0.0 -27.0 100.0 1.0 84.0 76.0 0.0 0.0 0.0 -5.0 10.0 0.0 1.0 10.0 9.0 0.0 1.0 54.0 28.0 0.0 0.0 8.0 46.0 34.0 1.0 0.0 0.0 0.0 16.0 62.0 102.0 19.0 0.0 0.0 0.0 4.0 35.0 15.0 2.0 3.0 6.0 22.0 27.0 12.0 43.0 14.0 2.0 0.0 0.0 6.0 19.0 0.0 24.0 60.0 20.0 0.0 0.0 0.0 0.0 0.0 0.0 22.0 43.0 26.0 53.0 77.0 0.0 0.0 0.0 0.0 6.0 61.0 95.0 26.0 0.0 0.0 0.0 1.0 0.0 21.0 34.0 18.0 0.0 0.0 7.0 22.0 11.0 42.0 8.0 2.0 12.0 9.0 6.0 5.0 1.0 0.0 7.0 68.0 84.0 0.0 3.0 11.0 43.0 27.0 0.0 0.0 0.0 
25_3_035_56
0.0 0.0 0.0 0.0 14.0 31.0 63.0 30.0 0.0 0.0 0.0 3.0 20.0 5.0 -12.0 39.0 27.0 28.0 72.0 6.0 0.0 0.0 -5.0 7.0 14.0 15.0 26.0 8.0 2.0 6.0 2.0 9.0 0.0 0.0 1.0 12.0 11.0 11.0 37.0 17.0 0.0 0.0 0.0 18.0 65.0 7.0 0.0 0.0 0.0 6.0 36.0 83.0 41.0 21.0 0.0 0.0 12.0 0.0 0.0 0.0 2.0 28.0 42.0 25.0 3.0 3.0 5.0 8.0 1.0 0.0 -1.0 66.0 0.0 3.0 27.0 23.0 6.0 0.0 0.0 0.0 0.0 0.0 8.0 58.0 5.0 8.0 57.0 27.0 0.0 0.0 0.0 9.0 37.0 51.0 45.0 5.0 1.0 22.0 5.0 0.0 0.0 0.0 2.0 37.0 0.0 6.0 24.0 6.0 20.0 16.0 3.0 0.0 0.0 0.0 7.0 1.0 9.0 8.0 -5.0 102.0 16.0 14.0 17.0 9.0 1.0 0.0 -3.0 10.0 
25_3_035_57
0.0 1.0 2.0 2.0 0.0 0.0 0.0 0.0 0.0 0.0 34.0 45.0 0.0 0.0 0.0 0.0 0.0 7.0 10.0 10.0 1.0 0.0 0.0 0.0 0.0 0.0 0.0 7.0 0.0 0.0 2.0 9.0 0.0 0.0 4.0 6.0 0.0 0.0 0.0 0.0 0.0 0.0 27.0 87.0 0.0 0.0 0.0 0.0 14.0 0.0 1.0 17.0 4.0 1.0 1.0 18.0 2.0 0.0 0.0 10.0 0.0 0.0 0.0 9.0 0.0 1.0 2.0 13.0 0.0 0.0 0.0 0.0 0.0 0.0 8.0 102.0 8.0 0.0 0.0 0.0 13.0 9.0 7.0 2.0 2.0 1.0 0.0 11.0 4.0 2.0 3.0 2.0 0.0 0.0 0.0 3.0 0.0 1.0 4.0 14.0 0.0 0.0 0.0 0.0 1.0 1.0 14.0 46.0 2.0 0.0 0.0 2.0 0.0 0.0 6.0 10.0 12.0 7.0 0.0 0.0 1.0 7.0 7.0 0.0 0.0 0.0 0.0 0.0 
25_3_035_58
5.0 4.0 3.0 0.0 0.0 1.0 21.0 10.0 0.0 3.0 41.0 14.0 0.0 0.0 1.0 4.0 0.0 0.0 28.0 22.0 4.0 0.0 0.0 0.0 24.0 6.0 3.0 0.0 0.0 0.0 0.0 7.0 25.0 17.0 0.0 0.0 0.0 1.0 11.0 6.0 0.0 7.0 26.0 2.0 7.0 17.0 2.0 0.0 0.0 13.0 86.0 55.0 2.0 0.0 0.0 0.0 39.0 5.0 0.0 0.0 0.0 0.0 1.0 38.0 0.0 0.0 0.0 0.0 0.0 5.0 21.0 14.0 1.0 0.0 4.0 31.0 5.0 12.0 13.0 5.0 0.0 0.0 2.0 81.0 30.0 102.0 19.0 0.0 0.0 0.0 0.0 0.0 20.0 41.0 31.0 33.0 21.0 1.0 0.0 0.0 0.0 0.0 0.0 11.0 2.0 3.0 22.0 16.0 0.0 0.0 0.0 9.0 1.0 0.0 0.0 2.0 0.0 5.0 36.0 36.0 2.0 0.0 11.0 62.0 9.0 0.0 0.0 2.0 
25_3_035_59
0.0 0.0 0.0 0.0 0.0 22.0 69.0 0.0 0.0 0.0 0.0 0.0 0.0 22.0 37.0 2.0 3.0 1.0 12.0 3.0 0.0 0.0 28.0 6.0 17.0 7.0 31.0 15.0 0.0 0.0 -4.0 6.0 0.0 0.0 0.0 0.0 0.0 8.0 41.0 2.0 3.0 3.0 15.0 22.0 18.0 5.0 0.0 1.0 10.0 26.0 14.0 5.0 1.0 1.0 4.0 4.0 7.0 0.0 22.0 60.0 5.0 0.0 -11.0 24.0 0.0 0.0 0.0 0.0 11.0 40.0 23.0 0.0 0.0 0.0 5.0 70.0 16.0 1.0 6.0 4.0 0.0 0.0 0.0 2.0 10.0 7.0 45.0 17.0 0.0 0.0 0.0 0.0 102.0 89.0 35.0 6.0 0.0 0.0 0.0 2.0 11.0 6.0 3.0 19.0 0.0 0.0 0.0 85.0 36.0 0.0 -1.0 4.0 1.0 0.0 0.0 0.0 0.0 0.0 0.0 74.0 0.0 0.0 1.0 27.0 28.0 2.0 4.0 89.0 
25_3_035_60
2.0 3.0 14.0 2.0 1.0 0.0 0.0 2.0 9.0 20.0 13.0 16.0 7.0 0.0 0.0 1.0 9.0 27.0 9.0 1.0 0.0 0.0 6.0 7.0 0.0 0.0 0.0 8.0 13.0 10.0 20.0 0.0 6.0 0.0 0.0 0.0 0.0 7.0 26.0 14.0 0.0 0.0 10.0 71.0 53.0 7.0 0.0 0.0 13.0 0.0 0.0 0.0 0.0 0.0 19.0 39.0 12.0 0.0 0.0 2.0 1.0 0.0 4.0 11.0 40.0 41.0 0.0 0.0 0.0 0.0 0.0 0.0 0.0 29.0 102.0 44.0 0.0 0.0 0.0 0.0 76.0 22.0 0.0 0.0 0.0 0.0 0.0 25.0 23.0 26.0 0.0 0.0 0.0 0.0 0.0 4.0 5.0 7.0 2.0 5.0 3.0 0.0 0.0 0.0 0.0 1.0 14.0 27.0 14.0 3.0 0.0 0.0 2.0 0.0 0.0 0.0 0.0 6.0 47.0 41.0 4.0 5.0 0.0 0.0 13.0 13.0 0.0 0.0 
25_3_035_61
0.0 0.0 0.0 0.0 1.0 2.0 9.0 1.0 8.0 3.0 1.0 0.0 0.0 0.0 1.0 11.0 0.0 0.0 18.0 7.0 0.0 0.0 0.0 0.0 0.0 5.0 49.0 40.0 0.0 0.0 0.0 0.0 1.0 0.0 0.0 0.0 1.0 6.0 1.0 0.0 1.0 5.0 6.0 9.0 3.0 0.0 0.0 0.0 1.0 10.0 11.0 6.0 0.0 0.0 0.0 0.0 0.0 0.0 13.0 102.0 0.0 0.0 0.0 0.0 0.0 0.0 0.0 4.0 7.0 2.0 0.0 0.0 0.0 0.0 13.0 25.0 0.0 0.0 0.0 0.0 0.0 0.0 0.0 11.0 1.0 1.0 3.0 4.0 0.0 0.0 16.0 99.0 0.0 0.0 0.0 0.0 0.0 0.0 20.0 8.0 0.0 0.0 0.0 0.0 0.0 1.0 18.0 3.0 0.0 0.0 6.0 5.0 0.0 0.0 28.0 24.0 0.0 0.0 6.0 3.0 0.0 0.0 32.0 40.0 0.0 0.0 0.0 0.0 
25_3_035_62
13.0 0.0 0.0 0.0 0.0 0.0 3.0 33.0 0.0 0.0 0.0 38.0 15.0 0.0 0.0 0.0 6.0 8.0 33.0 19.0 0.0 0.0 0.0 1.0 16.0 3.0 0.0 0.0 0.0 0.0 4.0 17.0 6.0 0.0 0.0 0.0 0.0 1.0 16.0 73.0 0.0 1.0 20.0 92.0 10.0 0.0 0.0 0.0 7.0 0.0 7.0 33.0 27.0 7.0 0.0 0.0 39.0 5.0 0.0 0.0 0.0 2.0 2.0 6.0 0.0 0.0 0.0 0.0 4.0 20.0 42.0 2.0 0.0 0.0 2.0 13.0 55.0 31.0 0.0 0.0 0.0 0.0 2.0 40.0 69.0 13.0 0.0 0.0 6.0 18.0 4.0 0.0 1.0 14.0 1.0 0.0 0.0 0.0 0.0 0.0 1.0 6.0 4.0 0.0 0.0 0.0 0.0 3.0 11.0 9.0 1.0 0.0 0.0 0.0 0.0 35.0 102.0 2.0 0.0 0.0 0.0 12.0 7.0 7.0 48.0 41.0 0.0 0.0 
25_3_035_63
0.0 0.0 0.0 0.0 55.0 40.0 0.0 0.0 0.0 0.0 0.0 0.0 14.0 55.0 54.0 0.0 0.0 0.0 10.0 11.0 4.0 17.0 23.0 0.0 0.0 6.0 35.0 1.0 0.0 0.0 0.0 0.0 0.0 0.0 0.0 18.0 17.0 2.0 0.0 0.0 3.0 24.0 35.0 44.0 6.0 0.0 0.0 1.0 0.0 89.0 102.0 0.0 0.0 0.0 0.0 0.0 17.0 50.0 17.0 0.0 0.0 0.0 0.0 0.0 0.0 0.0 22.0 17.0 4.0 0.0 0.0 0.0 0.0 3.0 89.0 92.0 1.0 0.0 0.0 0.0 0.0 0.0 19.0 53.0 3.0 0.0 2.0 0.0 0.0 0.0 0.0 0.0 0.0 0.0 29.0 45.0 0.0 1.0 28.0 66.0 0.0 0.0 0.0 0.0 21.0 18.0 72.0 39.0 0.0 0.0 0.0 5.0 2.0 0.0 1.0 7.0 14.0 2.0 6.0 10.0 5.0 1.0 0.0 0.0 0.0 0.0 21.0 27.0 
25_3_035_64
0.0 0.0 15.0 27.0 5.0 0.0 0.0 0.0 25.0 0.0 5.0 9.0 7.0 31.0 10.0 8.0 10.0 8.0 2.0 0.0 0.0 0.0 13.0 36.0 0.0 0.0 0.0 20.0 21.0 1.0 5.0 0.0 0.0 1.0 20.0 2.0 0.0 1.0 14.0 36.0 0.0 0.0 4.0 49.0 6.0 38.0 23.0 5.0 1.0 0.0 1.0 0.0 1.0 0.0 32.0 47.0 0.0 1.0 1.0 13.0 16.0 5.0 1.0 0.0 2.0 0.0 0.0 0.0 0.0 0.0 -19.0 102.0 0.0 0.0 0.0 13.0 19.0 34.0 2.0 56.0 0.0 0.0 0.0 1.0 16.0 38.0 33.0 2.0 0.0 0.0 0.0 0.0 7.0 11.0 2.0 0.0 23.0 0.0 0.0 0.0 0.0 4.0 15.0 46.0 27.0 16.0 1.0 0.0 1.0 1.0 1.0 62.0 3.0 20.0 33.0 9.0 1.0 0.0 0.0 -2.0 5.0 22.0 9.0 0.0 0.0 0.0 0.0 -3.0 
25_3_035_65
0.0 1.0 1.0 0.0 3.0 9.0 0.0 0.0 0.0 0.0 2.0 6.0 24.0 14.0 0.0 0.0 0.0 2.0 2.0 3.0 40.0 29.0 0.0 0.0 10.0 4.0 0.0 0.0 1.0 43.0 8.0 -2.0 0.0 0.0 0.0 5.0 10.0 5.0 0.0 0.0 0.0 6.0 21.0 20.0 1.0 0.0 0.0 0.0 4.0 6.0 3.0 3.0 0.0 5.0 4.0 27.0 0.0 0.0 0.0 0.0 3.0 27.0 9.0 4.0 0.0 0.0 3.0 11.0 25.0 10.0 0.0 0.0 0.0 0.0 37.0 52.0 1.0 0.0 0.0 0.0 16.0 8.0 8.0 0.0 0.0 0.0 -42.0 102.0 9.0 1.0 0.0 0.0 0.0 0.0 -12.0 31.0 0.0 0.0 53.0 25.0 0.0 0.0 0.0 0.0 1.0 0.0 36.0 27.0 5.0 0.0 0.0 0.0 3.0 1.0 6.0 6.0 1.0 0.0 -11.0 71.0 0.0 0.0 0.0 0.0 0.0 7.0 12.0 35.0 
25_3_035_66
0.0 2.0 1.0 0.0 0.0 0.0 0.0 0.0 0.0 6.0 57.0 4.0 0.0 0.0 0.0 0.0 0.0 0.0 65.0 98.0 1.0 0.0 0.0 0.0 0.0 0.0 0.0 0.0 0.0 1.0 24.0 13.0 0.0 1.0 23.0 14.0 0.0 0.0 0.0 0.0 0.0 3.0 102.0 38.0 0.0 0.0 0.0 0.0 0.0 0.0 17.0 62.0 1.0 0.0 1.0 2.0 0.0 0.0 0.0 0.0 0.0 0.0 13.0 29.0 0.0 0.0 33.0 74.0 0.0 0.0 0.0 0.0 1.0 15.0 46.0 20.0 0.0 0.0 3.0 2.0 0.0 0.0 8.0 42.0 4.0 0.0 2.0 11.0 0.0 0.0 0.0 0.0 0.0 0.0 6.0 28.0 0.0 0.0 19.0 86.0 0.0 0.0 0.0 0.0 14.0 5.0 14.0 22.0 0.0 0.0 2.0 32.0 1.0 0.0 3.0 44.0 6.0 0.0 0.0 9.0 12.0 2.0 0.0 0.0 0.0 0.0 0.0 9.0 
25_3_035_67
0.0 0.0 0.0 0.0 0.0 14.0 4.0 0.0 0.0 0.0 0.0 2.0 6.0 6.0 1.0 0.0 7.0 0.0 10.0 21.0 11.0 0.0 0.0 -3.0 54.0 0.0 1.0 0.0 0.0 0.0 -3.0 -7.0 0.0 0.0 0.0 0.0 5.0 17.0 4.0 0.0 0.0 0.0 0.0 2.0 12.0 25.0 2.0 0.0 0.0 0.0 8.0 62.0 20.0 2.0 0.0 0.0 20.0 2.0 9.0 23.0 3.0 0.0 0.0 -5.0 0.0 0.0 0.0 4.0 9.0 8.0 3.0 0.0 0.0 0.0 0.0 14.0 4.0 6.0 8.0 1.0 0.0 0.0 18.0 102.0 2.0 0.0 0.0 0.0 7.0 0.0 0.0 3.0 31.0 8.0 0.0 6.0 0.0 0.0 0.0 21.0 9.0 0.0 0.0 0.0 0.0 0.0 0.0 16.0 3.0 0.0 0.0 7.0 0.0 0.0 5.0 57.0 40.0 10.0 0.0 0.0 0.0 0.0 0.0 0.0 10.0 17.0 6.0 30.0 
25_3_035_68
0.0 0.0 0.0 65.0 20.0 0.0 0.0 0.0 -1.0 0.0 10.0 20.0 3.0 1.0 0.0 0.0 0.0 0.0 0.0 1.0 8.0 4.0 5.0 4.0 0.0 0.0 0.0 0.0 0.0 1.0 2.0 6.0 0.0 0.0 6.0 102.0 0.0 0.0 0.0 0.0 0.0 -13.0 35.0 13.0 1.0 4.0 8.0 15.0 0.0 0.0 0.0 13.0 11.0 6.0 2.0 0.0 0.0 0.0 0.0 0.0 0.0 0.0 2.0 12.0 0.0 0.0 2.0 86.0 11.0 0.0 0.0 0.0 0.0 0.0 0.0 18.0 16.0 3.0 0.0 27.0 0.0 -6.0 30.0 19.0 0.0 0.0 0.0 0.0 0.0 0.0 0.0 0.0 0.0 0.0 -5.0 27.0 0.0 0.0 0.0 38.0 13.0 0.0 0.0 0.0 0.0 0.0 0.0 18.0 20.0 1.0 0.0 0.0 0.0 -2.0 7.0 23.0 2.0 0.0 0.0 0.0 0.0 0.0 0.0 0.0 0.0 0.0 -4.0 23.0 
25_3_035_69
0.0 0.0 0.0 0.0 0.0 43.0 17.0 0.0 0.0 0.0 0.0 3.0 14.0 61.0 4.0 0.0 0.0 0.0 0.0 5.0 21.0 16.0 1.0 0.0 0.0 0.0 3.0 11.0 24.0 22.0 2.0 0.0 0.0 0.0 0.0 0.0 2.0 35.0 16.0 0.0 0.0 0.0 10.0 77.0 10.0 10.0 1.0 0.0 0.0 0.0 3.0 9.0 0.0 4.0 13.0 9.0 0.0 0.0 66.0 67.0 2.0 0.0 0.0 0.0 62.0 39.0 3.0 3.0 3.0 0.0 0.0 -24.0 0.0 10.0 47.0 61.0 1.0 0.0 0.0 0.0 3.0 0.0 10.0 9.0 0.0 1.0 2.0 16.0 0.0 0.0 25.0 102.0 40.0 2.0 0.0 0.0 101.0 14.0 2.0 0.0 0.0 2.0 -7.0 0.0 41.0 34.0 25.0 2.0 0.0 0.0 0.0 -13.0 67.0 7.0 15.0 6.0 0.0 0.0 0.0 -15.0 0.0 8.0 57.0 18.0 0.0 0.0 0.0 0.0 
25_3_035_70
0.0 0.0 0.0 0.0 30.0 60.0 40.0 22.0 0.0 0.0 0.0 0.0 0.0 80.0 63.0 1.0 0.0 0.0 0.0 0.0 1.0 15.0 30.0 2.0 11.0 9.0 0.0 0.0 2.0 5.0 5.0 6.0 1.0 0.0 0.0 0.0 0.0 24.0 102.0 13.0 3.0 0.0 11.0 49.0 53.0 56.0 5.0 2.0 0.0 0.0 0.0 14.0 23.0 11.0 2.0 0.0 1.0 0.0 0.0 0.0 14.0 10.0 21.0 38.0 34.0 26.0 0.0 0.0 0.0 0.0 1.0 8.0 3.0 18.0 12.0 25.0 14.0 2.0 4.0 1.0 0.0 0.0 0.0 16.0 31.0 11.0 0.0 0.0 27.0 0.0 0.0 12.0 3.0 0.0 0.0 43.0 0.0 0.0 0.0 0.0 0.0 17.0 29.0 3.0 0.0 0.0 1.0 12.0 4.0 3.0 12.0 0.0 0.0 0.0 3.0 41.0 4.0 0.0 0.0 0.0 2.0 0.0 0.0 17.0 0.0 0.0 0.0 38.0 
25_3_035_71
2.0 5.0 6.0 2.0 0.0 2.0 19.0 11.0 0.0 0.0 0.0 25.0 66.0 7.0 18.0 6.0 7.0 0.0 0.0 0.0 27.0 36.0 90.0 45.0 1.0 0.0 0.0 34.0 83.0 22.0 0.0 5.0 18.0 0.0 0.0 0.0 0.0 0.0 8.0 32.0 29.0 4.0 0.0 12.0 8.0 0.0 0.0 7.0 44.0 12.0 3.0 44.0 11.0 0.0 0.0 33.0 42.0 29.0 22.0 64.0 17.0 0.0 0.0 12.0 90.0 26.0 0.0 0.0 0.0 0.0 0.0 10.0 28.0 62.0 2.0 0.0 0.0 0.0 0.0 1.0 2.0 30.0 49.0 97.0 6.0 0.0 0.0 0.0 57.0 102.0 40.0 12.0 4.0 0.0 0.0 7.0 9.0 0.0 0.0 0.0 0.0 9.0 31.0 53.0 2.0 0.0 0.0 0.0 21.0 35.0 10.0 0.0 1.0 3.0 6.0 45.0 25.0 0.0 0.0 0.0 0.0 0.0 0.0 19.0 49.0 7.0 6.0 18.0 
25_3_035_72
0.0 0.0 0.0 0.0 7.0 5.0 0.0 0.0 1.0 4.0 2.0 0.0 0.0 0.0 0.0 0.0 1.0 11.0 1.0 0.0 0.0 0.0 0.0 0.0 0.0 5.0 4.0 0.0 0.0 0.0 0.0 0.0 0.0 0.0 0.0 0.0 27.0 19.0 0.0 0.0 0.0 0.0 9.0 36.0 31.0 3.0 0.0 0.0 1.0 45.0 7.0 0.0 0.0 0.0 0.0 0.0 19.0 15.0 0.0 0.0 0.0 0.0 0.0 0.0 0.0 0.0 1.0 4.0 0.0 0.0 0.0 0.0 0.0 0.0 21.0 102.0 0.0 0.0 0.0 0.0 0.0 6.0 5.0 11.0 0.0 0.0 0.0 0.0 10.0 11.0 0.0 0.0 0.0 0.0 0.0 0.0 0.0 0.0 7.0 9.0 0.0 0.0 0.0 0.0 0.0 0.0 39.0 56.0 0.0 0.0 0.0 0.0 0.0 0.0 3.0 4.0 0.0 0.0 0.0 0.0 1.0 0.0 0.0 0.0 0.0 0.0 0.0 0.0 
25_3_035_73
12.0 0.0 0.0 0.0 0.0 3.0 -6.0 13.0 22.0 2.0 1.0 0.0 2.0 3.0 0.0 -8.0 0.0 3.0 1.0 12.0 2.0 0.0 -2.0 5.0 4.0 0.0 0.0 0.0 1.0 0.0 -10.0 29.0 2.0 0.0 0.0 2.0 19.0 14.0 0.0 -1.0 30.0 19.0 22.0 36.0 8.0 0.0 0.0 -17.0 102.0 5.0 0.0 1.0 0.0 0.0 -6.0 -18.0 22.0 1.0 0.0 0.0 0.0 0.0 -4.0 4.0 55.0 19.0 0.0 0.0 0.0 1.0 1.0 -24.0 -7.0 16.0 9.0 40.0 21.0 8.0 0.0 0.0 0.0 0.0 0.0 0.0 0.0 32.0 9.0 24.0 9.0 3.0 0.0 0.0 0.0 3.0 3.0 8.0 6.0 0.0 0.0 0.0 0.0 3.0 -1.0 6.0 0.0 0.0 3.0 1.0 6.0 2.0 0.0 0.0 0.0 0.0 0.0 1.0 1.0 4.0 3.0 1.0 0.0 0.0 0.0 0.0 0.0 2.0 10.0 8.0 
25_3_035_74
0.0 14.0 14.0 0.0 1.0 9.0 3.0 0.0 3.0 1.0 0.0 0.0 0.0 4.0 9.0 6.0 0.0 0.0 0.0 0.0 0.0 15.0 22.0 0.0 0.0 0.0 1.0 6.0 15.0 23.0 1.0 0.0 0.0 0.0 0.0 0.0 0.0 71.0 18.0 0.0 0.0 0.0 13.0 23.0 13.0 49.0 6.0 0.0 19.0 32.0 10.0 1.0 0.0 0.0 1.0 1.0 0.0 24.0 32.0 4.0 0.0 0.0 0.0 0.0 0.0 0.0 0.0 5.0 6.0 14.0 22.0 6.0 0.0 0.0 4.0 102.0 31.0 0.0 0.0 0.0 0.0 0.0 3.0 19.0 21.0 12.0 1.0 0.0 17.0 32.0 11.0 9.0 1.0 0.0 0.0 0.0 7.0 28.0 16.0 0.0 0.0 0.0 0.0 0.0 5.0 0.0 1.0 35.0 24.0 0.0 0.0 2.0 0.0 0.0 0.0 27.0 21.0 2.0 0.0 0.0 1.0 8.0 9.0 48.0 52.0 2.0 0.0 0.0 
